! grain-radius [cm]                                         1/abundance of grains                               grain temp                         CR-peak-Temperaturegrain[K]                          spatial point                    

6.9860E-07 1.4984E-06 3.2140E-06 6.8938E-06 1.4787E-05 3.1716E-05 6.8028E-05 1.4591E-04     2.465387E+11 1.683947E+12 1.168290E+13 8.381494E+13 6.461547E+14 5.814817E+15 7.303671E+16 1.887069E+18 	5.146000e+01 5.186000e+01 5.348000e+01 5.682000e+01 5.684000e+01 5.241000e+01 4.650000e+01 4.063000e+01 	73 73 73 73 73 73 73 73             !         1
6.9860E-07 1.4984E-06 3.2140E-06 6.8938E-06 1.4787E-05 3.1716E-05 6.8028E-05 1.4591E-04     2.018986E+11 1.378413E+12 9.553849E+12 6.839775E+13 5.249409E+14 4.678805E+15 5.756854E+16 1.423063E+18 	5.148000e+01 5.188000e+01 5.349000e+01 5.683000e+01 5.686000e+01 5.242000e+01 4.651000e+01 4.063000e+01 	73 73 73 73 73 73 73 73             !         2
6.9860E-07 1.4984E-06 3.2140E-06 6.8938E-06 1.4787E-05 3.1716E-05 6.8028E-05 1.4591E-04     1.662169E+11 1.134298E+12 7.854341E+12 5.611515E+13 4.287787E+14 3.785725E+15 4.564429E+16 1.080246E+18 	5.148000e+01 5.188000e+01 5.349000e+01 5.683000e+01 5.686000e+01 5.242000e+01 4.651000e+01 4.063000e+01 	73 73 73 73 73 73 73 73             !         3
6.9860E-07 1.4984E-06 3.2140E-06 6.8938E-06 1.4787E-05 3.1716E-05 6.8028E-05 1.4591E-04     1.375783E+11 9.384489E+11 6.492077E+12 4.628874E+13 3.521631E+14 3.080471E+15 3.640692E+16 8.255098E+17 	5.148000e+01 5.188000e+01 5.349000e+01 5.684000e+01 5.686000e+01 5.242000e+01 4.652000e+01 4.064000e+01 	73 73 73 73 73 73 73 73             !         4
6.9860E-07 1.4984E-06 3.2140E-06 6.8938E-06 1.4787E-05 3.1716E-05 6.8028E-05 1.4591E-04     1.144970E+11 7.806696E+11 5.395570E+12 3.839413E+13 2.908570E+14 2.521022E+15 2.921560E+16 6.351265E+17 	5.148000e+01 5.188000e+01 5.349000e+01 5.684000e+01 5.686000e+01 5.242000e+01 4.652000e+01 4.064000e+01 	73 73 73 73 73 73 73 73             !         5
6.9860E-07 1.4984E-06 3.2140E-06 6.8938E-06 1.4787E-05 3.1716E-05 6.8028E-05 1.4591E-04     9.581740E+10 6.530292E+11 4.509273E+12 3.202463E+13 2.415883E+14 2.075215E+15 2.358930E+16 4.920081E+17 	5.149000e+01 5.189000e+01 5.351000e+01 5.686000e+01 5.688000e+01 5.244000e+01 4.653000e+01 4.065000e+01 	73 73 73 73 73 73 73 73             !         6
6.9860E-07 1.4984E-06 3.2140E-06 6.8938E-06 1.4787E-05 3.1716E-05 6.8028E-05 1.4591E-04     8.063700E+10 5.493397E+11 3.789879E+12 2.686380E+13 2.018215E+14 1.718348E+15 1.916543E+16 3.837891E+17 	5.149000e+01 5.189000e+01 5.351000e+01 5.686000e+01 5.688000e+01 5.244000e+01 4.653000e+01 4.065000e+01 	73 73 73 73 73 73 73 73             !         7
6.9860E-07 1.4984E-06 3.2140E-06 6.8938E-06 1.4787E-05 3.1716E-05 6.8028E-05 1.4591E-04     6.824914E+10 4.647564E+11 3.203517E+12 2.266460E+13 1.695848E+14 1.431374E+15 1.566962E+16 3.014771E+17 	5.149000e+01 5.189000e+01 5.350000e+01 5.685000e+01 5.688000e+01 5.244000e+01 4.653000e+01 4.065000e+01 	73 73 73 73 73 73 73 73             !         8
6.9860E-07 1.4984E-06 3.2140E-06 6.8938E-06 1.4787E-05 3.1716E-05 6.8028E-05 1.4591E-04     5.809846E+10 3.954736E+11 2.723598E+12 1.923346E+13 1.433395E+14 1.199558E+15 1.289338E+16 2.385003E+17 	5.149000e+01 5.189000e+01 5.350000e+01 5.685000e+01 5.688000e+01 5.244000e+01 4.653000e+01 4.065000e+01 	73 73 73 73 73 73 73 73             !         9
6.9860E-07 1.4984E-06 3.2140E-06 6.8938E-06 1.4787E-05 3.1716E-05 6.8028E-05 1.4591E-04     4.974703E+10 3.384915E+11 2.329185E+12 1.641822E+13 1.218808E+14 1.011453E+15 1.067760E+16 1.900322E+17 	5.150000e+01 5.190000e+01 5.352000e+01 5.686000e+01 5.689000e+01 5.245000e+01 4.654000e+01 4.065000e+01 	73 73 73 73 73 73 73 73             !         10
6.9860E-07 1.4984E-06 3.2140E-06 6.8938E-06 1.4787E-05 3.1716E-05 6.8028E-05 1.4591E-04     4.284836E+10 2.914378E+11 2.003731E+12 1.409885E+13 1.042616E+14 8.581366E+14 8.900376E+15 1.525100E+17 	5.150000e+01 5.190000e+01 5.352000e+01 5.686000e+01 5.689000e+01 5.245000e+01 4.654000e+01 4.065000e+01 	73 73 73 73 73 73 73 73             !         11
6.9860E-07 1.4984E-06 3.2140E-06 6.8938E-06 1.4787E-05 3.1716E-05 6.8028E-05 1.4591E-04     3.712735E+10 2.524292E+11 1.734112E+12 1.218030E+13 8.973493E+13 7.326239E+14 7.467917E+15 1.232908E+17 	5.150000e+01 5.190000e+01 5.352000e+01 5.686000e+01 5.689000e+01 5.245000e+01 4.654000e+01 4.065000e+01 	73 73 73 73 73 73 73 73             !         12
6.9860E-07 1.4984E-06 3.2140E-06 6.8938E-06 1.4787E-05 3.1716E-05 6.8028E-05 1.4591E-04     3.236483E+10 2.199663E+11 1.509887E+12 1.058709E+13 7.770935E+13 6.294291E+14 6.307741E+15 1.004040E+17 	5.149000e+01 5.189000e+01 5.351000e+01 5.685000e+01 5.688000e+01 5.244000e+01 4.653000e+01 4.065000e+01 	73 73 73 73 73 73 73 73             !         13
6.9860E-07 1.4984E-06 3.2140E-06 6.8938E-06 1.4787E-05 3.1716E-05 6.8028E-05 1.4591E-04     2.838560E+10 1.928507E+11 1.322718E+12 9.259007E+12 6.771509E+13 5.442260E+14 5.363608E+15 8.237309E+16 	5.147000e+01 5.187000e+01 5.348000e+01 5.683000e+01 5.686000e+01 5.243000e+01 4.652000e+01 4.064000e+01 	73 73 73 73 73 73 73 73             !         14
6.9860E-07 1.4984E-06 3.2140E-06 6.8938E-06 1.4787E-05 3.1716E-05 6.8028E-05 1.4591E-04     2.504911E+10 1.701214E+11 1.165921E+12 8.147907E+12 5.937756E+13 4.735902E+14 4.591698E+15 6.808595E+16 	5.147000e+01 5.187000e+01 5.348000e+01 5.683000e+01 5.686000e+01 5.243000e+01 4.652000e+01 4.064000e+01 	73 73 73 73 73 73 73 73             !         15
6.9860E-07 1.4984E-06 3.2140E-06 6.8938E-06 1.4787E-05 3.1716E-05 6.8028E-05 1.4591E-04     2.224224E+10 1.510052E+11 1.034124E+12 7.215128E+12 5.239700E+13 4.148008E+14 3.957721E+15 5.670092E+16 	5.143000e+01 5.182000e+01 5.343000e+01 5.678000e+01 5.682000e+01 5.239000e+01 4.649000e+01 4.061000e+01 	73 73 73 73 73 73 73 73             !         16
6.9860E-07 1.4984E-06 3.2140E-06 6.8938E-06 1.4787E-05 3.1716E-05 6.8028E-05 1.4591E-04     1.987365E+10 1.348778E+11 9.229948E+11 6.429528E+12 4.653272E+13 3.656879E+14 3.434737E+15 4.757776E+16 	5.193000e+01 5.233000e+01 5.395000e+01 5.734000e+01 5.738000e+01 5.290000e+01 4.694000e+01 4.103000e+01 	73 73 73 73 73 73 73 73             !         17
6.9860E-07 1.4984E-06 3.2140E-06 6.8938E-06 1.4787E-05 3.1716E-05 6.8028E-05 1.4591E-04     1.786932E+10 1.212338E+11 8.290236E+11 5.765935E+12 4.159077E+13 3.245148E+14 3.001488E+15 4.022700E+16 	5.186000e+01 5.225000e+01 5.387000e+01 5.726000e+01 5.731000e+01 5.285000e+01 4.689000e+01 4.099000e+01 	73 73 73 73 73 73 73 73             !         18
6.9860E-07 1.4984E-06 3.2140E-06 6.8938E-06 1.4787E-05 3.1716E-05 6.8028E-05 1.4591E-04     1.616910E+10 1.096624E+11 7.493622E+11 5.203937E+12 3.741434E+13 2.898860E+14 2.641136E+15 3.427261E+16 	5.186000e+01 5.225000e+01 5.387000e+01 5.726000e+01 5.731000e+01 5.285000e+01 4.689000e+01 4.099000e+01 	73 73 73 73 73 73 73 73             !         19
6.9860E-07 1.4984E-06 3.2140E-06 6.8938E-06 1.4787E-05 3.1716E-05 6.8028E-05 1.4591E-04     1.472395E+10 9.982865E+10 6.816904E+11 4.726930E+12 3.387622E+13 2.606765E+14 2.340287E+15 2.942428E+16 	5.174000e+01 5.214000e+01 5.375000e+01 5.713000e+01 5.720000e+01 5.275000e+01 4.681000e+01 4.092000e+01 	73 73 73 73 73 73 73 73             !         20
6.9860E-07 1.4984E-06 3.2140E-06 6.8938E-06 1.4787E-05 3.1716E-05 6.8028E-05 1.4591E-04     1.349376E+10 9.145894E+10 6.241121E+11 4.321364E+12 3.087288E+13 2.359762E+14 2.088244E+15 2.545676E+16 	5.161000e+01 5.201000e+01 5.361000e+01 5.697000e+01 5.706000e+01 5.264000e+01 4.671000e+01 4.083000e+01 	73 73 73 73 73 73 73 73             !         21
6.9860E-07 1.4984E-06 3.2140E-06 6.8938E-06 1.4787E-05 3.1716E-05 6.8028E-05 1.4591E-04     1.244565E+10 8.432884E+10 5.750741E+11 3.976149E+12 2.831981E+13 2.150463E+14 1.876432E+15 2.219446E+16 	5.139000e+01 5.178000e+01 5.337000e+01 5.673000e+01 5.684000e+01 5.245000e+01 4.656000e+01 4.070000e+01 	73 73 73 73 73 73 73 73             !         22
6.9860E-07 1.4984E-06 3.2140E-06 6.8938E-06 1.4787E-05 3.1716E-05 6.8028E-05 1.4591E-04     1.155258E+10 7.825391E+10 5.333001E+11 3.682185E+12 2.614783E+13 1.972849E+14 1.697949E+15 1.949986E+16 	5.139000e+01 5.178000e+01 5.337000e+01 5.673000e+01 5.684000e+01 5.245000e+01 4.656000e+01 4.070000e+01 	73 73 73 73 73 73 73 73             !         23
6.9860E-07 1.4984E-06 3.2140E-06 6.8938E-06 1.4787E-05 3.1716E-05 6.8028E-05 1.4591E-04     1.079227E+10 7.308214E+10 4.977389E+11 3.431981E+12 2.430011E+13 1.822004E+14 1.547221E+15 1.726470E+16 	5.110000e+01 5.149000e+01 5.306000e+01 5.640000e+01 5.655000e+01 5.220000e+01 4.635000e+01 4.052000e+01 	73 73 73 73 73 73 73 73             !         24
6.9860E-07 1.4984E-06 3.2140E-06 6.8938E-06 1.4787E-05 3.1716E-05 6.8028E-05 1.4591E-04     1.014629E+10 6.868797E+10 4.675223E+11 3.219360E+12 2.272987E+13 1.693899E+14 1.419727E+15 1.540338E+16 	5.069000e+01 5.107000e+01 5.261000e+01 5.593000e+01 5.612000e+01 5.184000e+01 4.604000e+01 4.026000e+01 	73 73 73 73 73 73 73 73             !         25
6.9860E-07 1.4984E-06 3.2140E-06 6.8938E-06 1.4787E-05 3.1716E-05 6.8028E-05 1.4591E-04     9.599408E+09 6.496743E+10 4.419320E+11 3.039211E+12 2.139850E+13 1.585219E+14 1.311786E+15 1.384790E+16 	5.014000e+01 5.051000e+01 5.202000e+01 5.530000e+01 5.555000e+01 5.135000e+01 4.563000e+01 3.992000e+01 	73 73 73 73 73 73 73 73             !         26
6.9860E-07 1.4984E-06 3.2140E-06 6.8938E-06 1.4787E-05 3.1716E-05 6.8028E-05 1.4591E-04     9.138961E+09 6.183425E+10 4.203719E+11 2.887298E+12 2.027403E+13 1.493234E+14 1.220394E+15 1.254398E+16 	5.014000e+01 5.051000e+01 5.202000e+01 5.530000e+01 5.555000e+01 5.135000e+01 4.563000e+01 3.992000e+01 	73 73 73 73 73 73 73 73             !         27
6.9860E-07 1.4984E-06 3.2140E-06 6.8938E-06 1.4787E-05 3.1716E-05 6.8028E-05 1.4591E-04     8.754418E+09 5.921663E+10 4.023461E+11 2.760100E+12 1.932993E+13 1.415683E+14 1.143086E+15 1.144811E+16 	4.937000e+01 4.973000e+01 5.119000e+01 5.443000e+01 5.476000e+01 5.068000e+01 4.506000e+01 3.944000e+01 	73 73 73 73 73 73 73 73             !         28
6.9860E-07 1.4984E-06 3.2140E-06 6.8938E-06 1.4787E-05 3.1716E-05 6.8028E-05 1.4591E-04     8.436992E+09 5.705469E+10 3.874411E+11 2.654680E+12 1.854408E+13 1.350689E+14 1.077832E+15 1.052519E+16 	4.837000e+01 4.870000e+01 5.010000e+01 5.328000e+01 5.371000e+01 4.978000e+01 4.430000e+01 3.880000e+01 	73 73 73 73 73 73 73 73             !         29
6.9860E-07 1.4984E-06 3.2140E-06 6.8938E-06 1.4787E-05 3.1716E-05 6.8028E-05 1.4591E-04     8.179317E+09 5.529822E+10 3.753103E+11 2.568578E+12 1.789800E+13 1.296687E+14 1.022954E+15 9.746844E+15 	4.704000e+01 4.735000e+01 4.867000e+01 5.175000e+01 5.230000e+01 4.857000e+01 4.328000e+01 3.793000e+01 	73 73 73 73 73 73 73 73             !         30
6.9860E-07 1.4984E-06 3.2140E-06 6.8938E-06 1.4787E-05 3.1716E-05 6.8028E-05 1.4591E-04     7.975183E+09 5.390491E+10 3.656616E+11 2.499723E+12 1.737613E+13 1.252364E+14 9.770543E+14 9.089932E+15 	4.704000e+01 4.735000e+01 4.867000e+01 5.175000e+01 5.230000e+01 4.857000e+01 4.328000e+01 3.793000e+01 	73 73 73 73 73 73 73 73             !         31
6.9860E-07 1.4984E-06 3.2140E-06 6.8938E-06 1.4787E-05 3.1716E-05 6.8028E-05 1.4591E-04     7.819312E+09 5.283880E+10 3.582467E+11 2.446355E+12 1.696529E+13 1.216611E+14 9.389644E+14 8.535519E+15 	4.532000e+01 4.560000e+01 4.682000e+01 4.978000e+01 5.047000e+01 4.701000e+01 4.196000e+01 3.683000e+01 	73 73 73 73 73 73 73 73             !         32
6.9860E-07 1.4984E-06 3.2140E-06 6.8938E-06 1.4787E-05 3.1716E-05 6.8028E-05 1.4591E-04     7.707155E+09 5.206889E+10 3.528521E+11 2.406961E+12 1.665413E+13 1.188480E+14 9.076968E+14 8.067990E+15 	4.315000e+01 4.341000e+01 4.451000e+01 4.727000e+01 4.813000e+01 4.500000e+01 4.028000e+01 3.541000e+01 	73 73 73 73 73 73 73 73             !         33
6.9860E-07 1.4984E-06 3.2140E-06 6.8938E-06 1.4787E-05 3.1716E-05 6.8028E-05 1.4591E-04     7.634725E+09 5.156803E+10 3.492905E+11 2.380217E+12 1.643281E+13 1.167152E+14 8.824087E+14 7.674374E+15 	4.053000e+01 4.075000e+01 4.171000e+01 4.424000e+01 4.525000e+01 4.252000e+01 3.821000e+01 3.368000e+01 	73 73 73 73 73 73 73 73             !         34
6.9860E-07 1.4984E-06 3.2140E-06 6.8938E-06 1.4787E-05 3.1716E-05 6.8028E-05 1.4591E-04     7.598438E+09 5.131183E+10 3.473940E+11 2.364939E+12 1.629252E+13 1.151902E+14 8.623705E+14 7.343796E+15 	3.753000e+01 3.772000e+01 3.853000e+01 4.076000e+01 4.185000e+01 3.958000e+01 3.576000e+01 3.165000e+01 	73 73 73 73 73 73 73 73             !         35
6.9860E-07 1.4984E-06 3.2140E-06 6.8938E-06 1.4787E-05 3.1716E-05 6.8028E-05 1.4591E-04     7.594977E+09 5.127774E+10 3.470075E+11 2.360037E+12 1.622524E+13 1.142081E+14 8.469404E+14 7.067047E+15 	3.753000e+01 3.772000e+01 3.853000e+01 4.076000e+01 4.185000e+01 3.958000e+01 3.576000e+01 3.165000e+01 	73 73 73 73 73 73 73 73             !         36
6.9860E-07 1.4984E-06 3.2140E-06 6.8938E-06 1.4787E-05 3.1716E-05 6.8028E-05 1.4591E-04     7.621171E+09 5.144420E+10 3.479833E+11 2.364476E+12 1.622342E+13 1.137084E+14 8.355424E+14 6.836233E+15 	3.449000e+01 3.466000e+01 3.535000e+01 3.726000e+01 3.827000e+01 3.643000e+01 3.315000e+01 2.949000e+01 	73 73 73 73 73 73 73 73             !         37
6.9860E-07 1.4984E-06 3.2140E-06 6.8938E-06 1.4787E-05 3.1716E-05 6.8028E-05 1.4591E-04     7.673885E+09 5.178995E+10 3.501758E+11 2.377244E+12 1.627972E+13 1.136338E+14 8.276485E+14 6.644502E+15 	3.186000e+01 3.201000e+01 3.266000e+01 3.431000e+01 3.504000e+01 3.345000e+01 3.064000e+01 2.740000e+01 	73 73 73 73 73 73 73 73             !         38
6.9860E-07 1.4984E-06 3.2140E-06 6.8938E-06 1.4787E-05 3.1716E-05 6.8028E-05 1.4591E-04     7.749929E+09 5.229336E+10 3.534375E+11 2.397318E+12 1.638685E+13 1.139287E+14 8.227651E+14 6.485829E+15 	2.996000e+01 3.012000e+01 3.077000e+01 3.232000e+01 3.271000e+01 3.109000e+01 2.857000e+01 2.561000e+01 	73 73 73 73 73 73 73 73             !         39
6.9860E-07 1.4984E-06 3.2140E-06 6.8938E-06 1.4787E-05 3.1716E-05 6.8028E-05 1.4591E-04     7.845998E+09 5.293205E+10 3.576160E+11 2.423650E+12 1.653740E+13 1.145377E+14 8.204221E+14 6.354844E+15 	3.028000e+01 3.044000e+01 3.110000e+01 3.266000e+01 3.306000e+01 3.143000e+01 2.888000e+01 2.589000e+01 	73 73 73 73 73 73 73 73             !         40
6.9860E-07 1.4984E-06 3.2140E-06 6.8938E-06 1.4787E-05 3.1716E-05 6.8028E-05 1.4591E-04     7.958624E+09 5.368258E+10 3.625521E+11 2.455148E+12 1.672375E+13 1.154049E+14 8.201660E+14 6.246721E+15 	2.898000e+01 2.914000e+01 2.983000e+01 3.140000e+01 3.162000e+01 2.982000e+01 2.732000e+01 2.443000e+01 	73 73 73 73 73 73 73 73             !         41
6.9860E-07 1.4984E-06 3.2140E-06 6.8938E-06 1.4787E-05 3.1716E-05 6.8028E-05 1.4591E-04     8.084174E+09 5.452040E+10 3.680794E+11 2.490678E+12 1.693803E+13 1.164741E+14 8.215567E+14 6.157091E+15 	2.806000e+01 2.823000e+01 2.894000e+01 3.053000e+01 3.071000e+01 2.879000e+01 2.622000e+01 2.329000e+01 	73 73 73 73 73 73 73 73             !         42
6.9860E-07 1.4984E-06 3.2140E-06 6.8938E-06 1.4787E-05 3.1716E-05 6.8028E-05 1.4591E-04     8.218872E+09 5.542002E+10 3.740257E+11 2.529069E+12 1.717221E+13 1.176887E+14 8.241682E+14 6.082000E+15 	2.730000e+01 2.747000e+01 2.818000e+01 2.979000e+01 2.997000e+01 2.801000e+01 2.539000e+01 2.242000e+01 	73 73 73 73 73 73 73 73             !         43
6.9860E-07 1.4984E-06 3.2140E-06 6.8938E-06 1.4787E-05 3.1716E-05 6.8028E-05 1.4591E-04     8.358863E+09 5.635545E+10 3.802154E+11 2.569132E+12 1.741819E+13 1.189926E+14 8.275916E+14 6.017889E+15 	2.673000e+01 2.691000e+01 2.763000e+01 2.923000e+01 2.939000e+01 2.743000e+01 2.479000e+01 2.180000e+01 	73 73 73 73 73 73 73 73             !         44
6.9860E-07 1.4984E-06 3.2140E-06 6.8938E-06 1.4787E-05 3.1716E-05 6.8028E-05 1.4591E-04     8.500308E+09 5.730081E+10 3.864740E+11 2.609689E+12 1.766801E+13 1.203314E+14 8.314428E+14 5.961599E+15 	2.673000e+01 2.691000e+01 2.763000e+01 2.923000e+01 2.939000e+01 2.743000e+01 2.479000e+01 2.180000e+01 	73 73 73 73 73 73 73 73             !         45
6.9860E-07 1.4984E-06 3.2140E-06 6.8938E-06 1.4787E-05 3.1716E-05 6.8028E-05 1.4591E-04     8.639501E+09 5.823114E+10 3.926333E+11 2.649610E+12 1.791405E+13 1.216539E+14 8.353698E+14 5.910393E+15 	2.622000e+01 2.639000e+01 2.710000e+01 2.869000e+01 2.886000e+01 2.693000e+01 2.432000e+01 2.134000e+01 	73 73 73 73 73 73 73 73             !         46
6.9860E-07 1.4984E-06 3.2140E-06 6.8938E-06 1.4787E-05 3.1716E-05 6.8028E-05 1.4591E-04     8.773006E+09 5.912330E+10 3.985379E+11 2.687851E+12 1.814934E+13 1.229137E+14 8.390627E+14 5.861978E+15 	2.576000e+01 2.593000e+01 2.663000e+01 2.819000e+01 2.838000e+01 2.647000e+01 2.390000e+01 2.095000e+01 	73 73 73 73 73 73 73 73             !         47
6.9860E-07 1.4984E-06 3.2140E-06 6.8938E-06 1.4787E-05 3.1716E-05 6.8028E-05 1.4591E-04     8.897787E+09 5.995688E+10 4.040507E+11 2.723495E+12 1.836779E+13 1.240709E+14 8.422626E+14 5.814525E+15 	2.537000e+01 2.554000e+01 2.622000e+01 2.777000e+01 2.796000e+01 2.608000e+01 2.355000e+01 2.064000e+01 	73 73 73 73 73 73 73 73             !         48
6.9860E-07 1.4984E-06 3.2140E-06 6.8938E-06 1.4787E-05 3.1716E-05 6.8028E-05 1.4591E-04     9.011332E+09 6.071499E+10 4.090584E+11 2.755786E+12 1.856443E+13 1.250933E+14 8.447682E+14 5.766684E+15 	2.500000e+01 2.516000e+01 2.584000e+01 2.737000e+01 2.757000e+01 2.572000e+01 2.323000e+01 2.035000e+01 	73 73 73 73 73 73 73 73             !         49
6.9860E-07 1.4984E-06 3.2140E-06 6.8938E-06 1.4787E-05 3.1716E-05 6.8028E-05 1.4591E-04     9.111739E+09 6.138486E+10 4.134756E+11 2.784159E+12 1.873556E+13 1.259578E+14 8.464406E+14 5.717575E+15 	2.500000e+01 2.516000e+01 2.584000e+01 2.737000e+01 2.757000e+01 2.572000e+01 2.323000e+01 2.035000e+01 	73 73 73 73 73 73 73 73             !         50
6.9860E-07 1.4984E-06 3.2140E-06 6.8938E-06 1.4787E-05 3.1716E-05 6.8028E-05 1.4591E-04     9.197772E+09 6.195820E+10 4.172472E+11 2.808251E+12 1.887887E+13 1.266505E+14 8.472041E+14 5.666763E+15 	2.468000e+01 2.484000e+01 2.551000e+01 2.702000e+01 2.721000e+01 2.539000e+01 2.293000e+01 2.009000e+01 	73 73 73 73 73 73 73 73             !         51
6.9860E-07 1.4984E-06 3.2140E-06 6.8938E-06 1.4787E-05 3.1716E-05 6.8028E-05 1.4591E-04     9.268866E+09 6.243125E+10 4.203484E+11 2.827904E+12 1.899342E+13 1.271664E+14 8.470436E+14 5.614218E+15 	2.436000e+01 2.452000e+01 2.518000e+01 2.667000e+01 2.687000e+01 2.507000e+01 2.265000e+01 1.983000e+01 	73 73 73 73 73 73 73 73             !         52
6.9860E-07 1.4984E-06 3.2140E-06 6.8938E-06 1.4787E-05 3.1716E-05 6.8028E-05 1.4591E-04     9.325095E+09 6.280456E+10 4.227834E+11 2.843153E+12 1.907954E+13 1.275093E+14 8.459987E+14 5.560254E+15 	2.406000e+01 2.422000e+01 2.487000e+01 2.635000e+01 2.654000e+01 2.477000e+01 2.239000e+01 1.960000e+01 	73 73 73 73 73 73 73 73             !         53
6.9860E-07 1.4984E-06 3.2140E-06 6.8938E-06 1.4787E-05 3.1716E-05 6.8028E-05 1.4591E-04     9.367100E+09 6.308246E+10 4.245819E+11 2.854207E+12 1.913874E+13 1.276904E+14 8.441555E+14 5.505460E+15 	2.375000e+01 2.390000e+01 2.454000e+01 2.600000e+01 2.621000e+01 2.447000e+01 2.212000e+01 1.937000e+01 	73 73 73 73 73 73 73 73             !         54
6.9860E-07 1.4984E-06 3.2140E-06 6.8938E-06 1.4787E-05 3.1716E-05 6.8028E-05 1.4591E-04     9.395988E+09 6.327244E+10 4.257947E+11 2.861411E+12 1.917340E+13 1.277266E+14 8.416357E+14 5.450628E+15 	2.375000e+01 2.390000e+01 2.454000e+01 2.600000e+01 2.621000e+01 2.447000e+01 2.212000e+01 1.937000e+01 	73 73 73 73 73 73 73 73             !         55
6.9860E-07 1.4984E-06 3.2140E-06 6.8938E-06 1.4787E-05 3.1716E-05 6.8028E-05 1.4591E-04     9.413216E+09 6.338434E+10 4.264884E+11 2.865217E+12 1.918661E+13 1.276393E+14 8.385862E+14 5.396673E+15 	2.349000e+01 2.364000e+01 2.427000e+01 2.572000e+01 2.593000e+01 2.421000e+01 2.189000e+01 1.917000e+01 	73 73 73 73 73 73 73 73             !         56
6.9860E-07 1.4984E-06 3.2140E-06 6.8938E-06 1.4787E-05 3.1716E-05 6.8028E-05 1.4591E-04     9.420468E+09 6.342951E+10 4.267396E+11 2.866144E+12 1.918190E+13 1.274522E+14 8.351677E+14 5.344573E+15 	2.331000e+01 2.346000e+01 2.409000e+01 2.553000e+01 2.574000e+01 2.403000e+01 2.172000e+01 1.901000e+01 	73 73 73 73 73 73 73 73             !         57
6.9860E-07 1.4984E-06 3.2140E-06 6.8938E-06 1.4787E-05 3.1716E-05 6.8028E-05 1.4591E-04     9.419532E+09 6.342001E+10 4.266294E+11 2.864739E+12 1.916295E+13 1.271904E+14 8.315447E+14 5.295302E+15 	2.311000e+01 2.326000e+01 2.388000e+01 2.531000e+01 2.552000e+01 2.383000e+01 2.154000e+01 1.885000e+01 	73 73 73 73 73 73 73 73             !         58
6.9860E-07 1.4984E-06 3.2140E-06 6.8938E-06 1.4787E-05 3.1716E-05 6.8028E-05 1.4591E-04     9.412191E+09 6.336784E+10 4.262390E+11 2.861547E+12 1.913343E+13 1.268782E+14 8.278766E+14 5.249785E+15 	2.293000e+01 2.307000e+01 2.369000e+01 2.511000e+01 2.533000e+01 2.366000e+01 2.139000e+01 1.872000e+01 	73 73 73 73 73 73 73 73             !         59
6.9860E-07 1.4984E-06 3.2140E-06 6.8938E-06 1.4787E-05 3.1716E-05 6.8028E-05 1.4591E-04     9.400127E+09 6.328434E+10 4.256444E+11 2.857082E+12 1.909678E+13 1.265386E+14 8.243106E+14 5.208856E+15 	2.293000e+01 2.307000e+01 2.369000e+01 2.511000e+01 2.533000e+01 2.366000e+01 2.139000e+01 1.872000e+01 	73 73 73 73 73 73 73 73             !         60
6.9860E-07 1.4984E-06 3.2140E-06 6.8938E-06 1.4787E-05 3.1716E-05 6.8028E-05 1.4591E-04     9.384846E+09 6.317964E+10 4.249139E+11 2.851800E+12 1.905606E+13 1.261917E+14 8.209752E+14 5.173232E+15 	2.278000e+01 2.292000e+01 2.354000e+01 2.495000e+01 2.517000e+01 2.351000e+01 2.126000e+01 1.860000e+01 	73 73 73 73 73 73 73 73             !         61
6.9860E-07 1.4984E-06 3.2140E-06 6.8938E-06 1.4787E-05 3.1716E-05 6.8028E-05 1.4591E-04     9.367611E+09 6.306225E+10 4.241047E+11 2.846086E+12 1.901381E+13 1.258544E+14 8.179769E+14 5.143495E+15 	2.269000e+01 2.283000e+01 2.344000e+01 2.484000e+01 2.507000e+01 2.341000e+01 2.117000e+01 1.852000e+01 	73 73 73 73 73 73 73 73             !         62
6.9860E-07 1.4984E-06 3.2140E-06 6.8938E-06 1.4787E-05 3.1716E-05 6.8028E-05 1.4591E-04     9.349400E+09 6.293875E+10 4.232611E+11 2.840236E+12 1.897203E+13 1.255395E+14 8.153965E+14 5.120075E+15 	2.266000e+01 2.280000e+01 2.342000e+01 2.482000e+01 2.504000e+01 2.338000e+01 2.114000e+01 1.849000e+01 	73 73 73 73 73 73 73 73             !         63
6.9860E-07 1.4984E-06 3.2140E-06 6.8938E-06 1.4787E-05 3.1716E-05 6.8028E-05 1.4591E-04     9.330880E+09 6.281362E+10 4.224131E+11 2.834452E+12 1.893205E+13 1.252558E+14 8.132876E+14 5.103249E+15 	2.260000e+01 2.275000e+01 2.335000e+01 2.476000e+01 2.499000e+01 2.334000e+01 2.111000e+01 1.846000e+01 	73 73 73 73 73 73 73 73             !         64
