size1 size2 size3 size4 size5 size6 size7 size8
5.20171E-06 7.61558E-07 1.09769E-07 1.53007E-08 1.98470E-09 2.20544E-10 1.75586E-11 6.79585E-13
6.68168E-06 9.78677E-07 1.41202E-07 1.97232E-08 2.56985E-09 2.88326E-10 2.34333E-11 9.47970E-13
8.54867E-06 1.25270E-06 1.80911E-07 2.53217E-08 3.31391E-09 3.75340E-10 3.11306E-11 1.31538E-12
1.08940E-05 1.59707E-06 2.30862E-07 3.23787E-08 4.25590E-09 4.86540E-10 4.11672E-11 1.81557E-12
1.38276E-05 2.02803E-06 2.93429E-07 4.12360E-08 5.44329E-09 6.28007E-10 5.41909E-11 2.49276E-12
1.74816E-05 2.56504E-06 3.71467E-07 5.23049E-08 6.93347E-09 8.07166E-10 7.10086E-11 3.40450E-12
2.20136E-05 3.23135E-06 4.68382E-07 6.60781E-08 8.79545E-09 1.03303E-09 9.26204E-11 4.62522E-12
2.76105E-05 4.05458E-06 5.88226E-07 8.31425E-08 1.11118E-08 1.31649E-09 1.20258E-10 6.25053E-12
3.44930E-05 5.06732E-06 7.35788E-07 1.04193E-07 1.39807E-08 1.67061E-09 1.55428E-10 8.40246E-12
4.29202E-05 6.30785E-06 9.16696E-07 1.30048E-07 1.75184E-08 2.11098E-09 1.99966E-10 1.12357E-11
5.31945E-05 7.82088E-06 1.13753E-06 1.61666E-07 2.18613E-08 2.65610E-09 2.56090E-10 1.49452E-11
6.56668E-05 9.65829E-06 1.40593E-06 2.00162E-07 2.71693E-08 3.32781E-09 3.26468E-10 1.97747E-11
8.07419E-05 1.18800E-05 1.73072E-06 2.46829E-07 3.36279E-08 4.15170E-09 4.14284E-10 2.60268E-11
9.88840E-05 1.45547E-05 2.12206E-06 3.03151E-07 4.14513E-08 5.15757E-09 5.23320E-10 3.40752E-11
1.20622E-04 1.77607E-05 2.59149E-06 3.70829E-07 5.08858E-08 6.37994E-09 6.58030E-10 4.43774E-11
1.46555E-04 2.15868E-05 3.15215E-06 4.51790E-07 6.22120E-08 7.85852E-09 8.23636E-10 5.74897E-11
1.77358E-04 2.61329E-05 3.81882E-06 5.48213E-07 7.57478E-08 9.63868E-09 1.02621E-09 7.40840E-11
2.13783E-04 3.15107E-05 4.60802E-06 6.62540E-07 9.18512E-08 1.17719E-08 1.27276E-09 9.49651E-11
2.56667E-04 3.78441E-05 5.53815E-06 7.97488E-07 1.10922E-07 1.43162E-08 1.57132E-09 1.21090E-10
3.06931E-04 4.52700E-05 6.62946E-06 9.56063E-07 1.33405E-07 1.73366E-08 1.93106E-09 1.53589E-10
3.65583E-04 5.39378E-05 7.90417E-06 1.14156E-06 1.59787E-07 2.09050E-08 2.36232E-09 1.93783E-10
4.33715E-04 6.40098E-05 9.38639E-06 1.35756E-06 1.90604E-07 2.51010E-08 2.87667E-09 2.43208E-10
5.12504E-04 7.56608E-05 1.11021E-05 1.60795E-06 2.26434E-07 3.00112E-08 3.48700E-09 3.03630E-10
6.03204E-04 8.90771E-05 1.30790E-05 1.89685E-06 2.67898E-07 3.57296E-08 4.20751E-09 3.77067E-10
7.07140E-04 1.04456E-04 1.53465E-05 2.22866E-06 3.15657E-07 4.23570E-08 5.05368E-09 4.65797E-10
8.25695E-04 1.22002E-04 1.79353E-05 2.60798E-06 3.70409E-07 5.00006E-08 6.04229E-09 5.72375E-10
9.60304E-04 1.41931E-04 2.08772E-05 3.03958E-06 4.32878E-07 5.87730E-08 7.19126E-09 6.99632E-10
1.11243E-03 1.64458E-04 2.42046E-05 3.52837E-06 5.03812E-07 6.87912E-08 8.51961E-09 8.50678E-10
1.28354E-03 1.89804E-04 2.79505E-05 4.07928E-06 5.83970E-07 8.01753E-08 1.00472E-08 1.02888E-09
1.47509E-03 2.18185E-04 3.21474E-05 4.69724E-06 6.74111E-07 9.30466E-08 1.17945E-08 1.23786E-09
1.68851E-03 2.49813E-04 3.68269E-05 5.38706E-06 7.74981E-07 1.07526E-07 1.37824E-08 1.48144E-09
1.92514E-03 2.84890E-04 4.20192E-05 6.15334E-06 8.87297E-07 1.23731E-07 1.60318E-08 1.76360E-09
2.18622E-03 3.23601E-04 4.77525E-05 7.00035E-06 1.01173E-06 1.41774E-07 1.85630E-08 2.08845E-09
2.47287E-03 3.66112E-04 5.40515E-05 7.93191E-06 1.14890E-06 1.61759E-07 2.13956E-08 2.46009E-09
2.78600E-03 4.12561E-04 6.09374E-05 8.95130E-06 1.29932E-06 1.83777E-07 2.45478E-08 2.88261E-09
3.12634E-03 4.63056E-04 6.84264E-05 1.00611E-05 1.46343E-06 2.07905E-07 2.80356E-08 3.35989E-09
3.49434E-03 5.17666E-04 7.65293E-05 1.12629E-05 1.64151E-06 2.34204E-07 3.18726E-08 3.89556E-09
3.89016E-03 5.76417E-04 8.52504E-05 1.25577E-05 1.83373E-06 2.62709E-07 3.60692E-08 4.49283E-09
4.31364E-03 6.39286E-04 9.45864E-05 1.39449E-05 2.04007E-06 2.93432E-07 4.06317E-08 5.15437E-09
4.76425E-03 7.06193E-04 1.04526E-04 1.54231E-05 2.26035E-06 3.26358E-07 4.55622E-08 5.88217E-09
5.24105E-03 7.77004E-04 1.15050E-04 1.69894E-05 2.49415E-06 3.61437E-07 5.08575E-08 6.67736E-09
5.74271E-03 8.51518E-04 1.26128E-04 1.86395E-05 2.74088E-06 3.98587E-07 5.65087E-08 7.54010E-09
6.26743E-03 9.29469E-04 1.37721E-04 2.03677E-05 2.99968E-06 4.37690E-07 6.25008E-08 8.46945E-09
6.81296E-03 1.01052E-03 1.49780E-04 2.21665E-05 3.26949E-06 4.78589E-07 6.88124E-08 9.46322E-09
7.37660E-03 1.09428E-03 1.62245E-04 2.40271E-05 3.54898E-06 5.21089E-07 7.54151E-08 1.05179E-08
7.95519E-03 1.18028E-03 1.75046E-04 2.59392E-05 3.83659E-06 5.64954E-07 8.22736E-08 1.16285E-08
8.54513E-03 1.26797E-03 1.88104E-04 2.78909E-05 4.13054E-06 6.09912E-07 8.93455E-08 1.27886E-08
9.14242E-03 1.35676E-03 2.01329E-04 2.98687E-05 4.42880E-06 6.55652E-07 9.65819E-08 1.39904E-08
9.74266E-03 1.44601E-03 2.14625E-04 3.18582E-05 4.72917E-06 7.01831E-07 1.03927E-07 1.52244E-08
1.03411E-02 1.53500E-03 2.27887E-04 3.38435E-05 5.02924E-06 7.48073E-07 1.11320E-07 1.64800E-08
1.09328E-02 1.62299E-03 2.41002E-04 3.58079E-05 5.32646E-06 7.93977E-07 1.18693E-07 1.77451E-08
1.15125E-02 1.70921E-03 2.53856E-04 3.77339E-05 5.61816E-06 8.39121E-07 1.25977E-07 1.90067E-08
1.20749E-02 1.79285E-03 2.66329E-04 3.96037E-05 5.90157E-06 8.83067E-07 1.33096E-07 2.02508E-08
1.26145E-02 1.87312E-03 2.78299E-04 4.13989E-05 6.17391E-06 9.25370E-07 1.39975E-07 2.14625E-08
1.31259E-02 1.94920E-03 2.89648E-04 4.31014E-05 6.43239E-06 9.65584E-07 1.46537E-07 2.26269E-08
1.36039E-02 2.02031E-03 3.00257E-04 4.46934E-05 6.67425E-06 1.00327E-06 1.52705E-07 2.37288E-08
1.40434E-02 2.08570E-03 3.10014E-04 4.61579E-05 6.89687E-06 1.03800E-06 1.58405E-07 2.47532E-08
1.44395E-02 2.14465E-03 3.18810E-04 4.74786E-05 7.09774E-06 1.06937E-06 1.63568E-07 2.56857E-08
1.47880E-02 2.19650E-03 3.26548E-04 4.86406E-05 7.27457E-06 1.09702E-06 1.68126E-07 2.65130E-08
1.50848E-02 2.24067E-03 3.33140E-04 4.96307E-05 7.42528E-06 1.12060E-06 1.72021E-07 2.72227E-08
1.53265E-02 2.27664E-03 3.38509E-04 5.04373E-05 7.54810E-06 1.13983E-06 1.75203E-07 2.78041E-08
1.55104E-02 2.30399E-03 3.42592E-04 5.10508E-05 7.64155E-06 1.15447E-06 1.77627E-07 2.82483E-08
1.56341E-02 2.32241E-03 3.45342E-04 5.14639E-05 7.70448E-06 1.16433E-06 1.79262E-07 2.85484E-08
1.56964E-02 2.33168E-03 3.46725E-04 5.16718E-05 7.73615E-06 1.16930E-06 1.80085E-07 2.86996E-08
