! grain-radius [cm]                                         1/abundance of grains                               grain temp                         CR-peak-Temperaturegrain[K]                          spatial point                    

6.9860E-07 1.4984E-06 3.2140E-06 6.8938E-06 1.4787E-05 3.1716E-05 6.8028E-05 1.4591E-04     2.439845E+11 1.646745E+12 1.113621E+13 7.562500E+13 5.181922E+14 3.619756E+15 2.635227E+16 2.096606E+17 	8.375000e+01 8.442000e+01 8.719000e+01 9.298000e+01 9.303000e+01 8.541000e+01 7.586000e+01 6.686000e+01 	73 73 73 73 73 73 73 73             !         1
6.9860E-07 1.4984E-06 3.2140E-06 6.8938E-06 1.4787E-05 3.1716E-05 6.8028E-05 1.4591E-04     1.998762E+11 1.348965E+12 9.121343E+12 6.192604E+13 4.240876E+14 2.958844E+15 2.148530E+16 1.699962E+17 	8.375000e+01 8.442000e+01 8.719000e+01 9.298000e+01 9.303000e+01 8.541000e+01 7.586000e+01 6.686000e+01 	73 73 73 73 73 73 73 73             !         2
6.9860E-07 1.4984E-06 3.2140E-06 6.8938E-06 1.4787E-05 3.1716E-05 6.8028E-05 1.4591E-04     1.646082E+11 1.110878E+12 7.510567E+12 5.097716E+13 3.489140E+14 2.431483E+15 1.761121E+16 1.385875E+17 	8.373000e+01 8.440000e+01 8.717000e+01 9.296000e+01 9.301000e+01 8.540000e+01 7.585000e+01 6.685000e+01 	73 73 73 73 73 73 73 73             !         3
6.9860E-07 1.4984E-06 3.2140E-06 6.8938E-06 1.4787E-05 3.1716E-05 6.8028E-05 1.4591E-04     1.362925E+11 9.197360E+11 6.217534E+12 4.219016E+13 2.886147E+14 2.008936E+15 1.451443E+16 1.136084E+17 	8.373000e+01 8.440000e+01 8.717000e+01 9.296000e+01 9.301000e+01 8.540000e+01 7.585000e+01 6.685000e+01 	73 73 73 73 73 73 73 73             !         4
6.9860E-07 1.4984E-06 3.2140E-06 6.8938E-06 1.4787E-05 3.1716E-05 6.8028E-05 1.4591E-04     1.134645E+11 7.656456E+11 5.175262E+12 3.510891E+13 2.400451E+14 1.668950E+15 1.202850E+16 9.365588E+16 	8.367000e+01 8.435000e+01 8.711000e+01 9.289000e+01 9.296000e+01 8.535000e+01 7.581000e+01 6.682000e+01 	73 73 73 73 73 73 73 73             !         5
6.9860E-07 1.4984E-06 3.2140E-06 6.8938E-06 1.4787E-05 3.1716E-05 6.8028E-05 1.4591E-04     9.498416E+10 6.409084E+11 4.331627E+12 2.937851E+13 2.007601E+14 1.394246E+15 1.002441E+16 7.764868E+16 	8.357000e+01 8.424000e+01 8.700000e+01 9.277000e+01 9.285000e+01 8.526000e+01 7.573000e+01 6.675000e+01 	73 73 73 73 73 73 73 73             !         6
6.9860E-07 1.4984E-06 3.2140E-06 6.8938E-06 1.4787E-05 3.1716E-05 6.8028E-05 1.4591E-04     7.996132E+10 5.395131E+11 3.645931E+12 2.472195E+13 1.688521E+14 1.171353E+15 8.401888E+15 6.475028E+16 	8.445000e+01 8.514000e+01 8.793000e+01 9.378000e+01 9.385000e+01 8.617000e+01 7.653000e+01 6.746000e+01 	73 73 73 73 73 73 73 73             !         7
6.9860E-07 1.4984E-06 3.2140E-06 6.8938E-06 1.4787E-05 3.1716E-05 6.8028E-05 1.4591E-04     6.769852E+10 4.567504E+11 3.086295E+12 2.092229E+13 1.428278E+14 9.897418E+14 7.082690E+15 5.431136E+16 	8.423000e+01 8.492000e+01 8.768000e+01 9.352000e+01 9.363000e+01 8.598000e+01 7.637000e+01 6.733000e+01 	73 73 73 73 73 73 73 73             !         8
6.9860E-07 1.4984E-06 3.2140E-06 6.8938E-06 1.4787E-05 3.1716E-05 6.8028E-05 1.4591E-04     5.764752E+10 3.889184E+11 2.627665E+12 1.780905E+13 1.215145E+14 8.411499E+14 6.005577E+15 4.582611E+16 	8.423000e+01 8.492000e+01 8.768000e+01 9.352000e+01 9.363000e+01 8.598000e+01 7.637000e+01 6.733000e+01 	73 73 73 73 73 73 73 73             !         9
6.9860E-07 1.4984E-06 3.2140E-06 6.8938E-06 1.4787E-05 3.1716E-05 6.8028E-05 1.4591E-04     4.937587E+10 3.330973E+11 2.250279E+12 1.524784E+13 1.039880E+14 7.190727E+14 5.122441E+15 3.889906E+16 	8.385000e+01 8.452000e+01 8.727000e+01 9.308000e+01 9.322000e+01 8.564000e+01 7.609000e+01 6.710000e+01 	73 73 73 73 73 73 73 73             !         10
6.9860E-07 1.4984E-06 3.2140E-06 6.8938E-06 1.4787E-05 3.1716E-05 6.8028E-05 1.4591E-04     4.254133E+10 2.869764E+11 1.938502E+12 1.313230E+13 8.951733E+13 6.183716E+14 4.395357E+15 3.321991E+16 	8.385000e+01 8.452000e+01 8.727000e+01 9.308000e+01 9.322000e+01 8.564000e+01 7.609000e+01 6.710000e+01 	73 73 73 73 73 73 73 73             !         11
6.9860E-07 1.4984E-06 3.2140E-06 6.8938E-06 1.4787E-05 3.1716E-05 6.8028E-05 1.4591E-04     3.687208E+10 2.487208E+11 1.679916E+12 1.137802E+13 7.752260E+13 5.349728E+14 3.794326E+15 2.854428E+16 	8.318000e+01 8.385000e+01 8.654000e+01 9.231000e+01 9.252000e+01 8.504000e+01 7.558000e+01 6.667000e+01 	73 73 73 73 73 73 73 73             !         12
6.9860E-07 1.4984E-06 3.2140E-06 6.8938E-06 1.4787E-05 3.1716E-05 6.8028E-05 1.4591E-04     3.215151E+10 2.168680E+11 1.464628E+12 9.917745E+12 6.754197E+13 4.656357E+14 3.295531E+15 2.467903E+16 	8.318000e+01 8.385000e+01 8.654000e+01 9.231000e+01 9.252000e+01 8.504000e+01 7.558000e+01 6.667000e+01 	73 73 73 73 73 73 73 73             !         13
6.9860E-07 1.4984E-06 3.2140E-06 6.8938E-06 1.4787E-05 3.1716E-05 6.8028E-05 1.4591E-04     2.820643E+10 1.902490E+11 1.284728E+12 8.697713E+12 5.920643E+13 4.077735E+14 2.879996E+15 2.147093E+16 	8.209000e+01 8.274000e+01 8.537000e+01 9.107000e+01 9.138000e+01 8.407000e+01 7.476000e+01 6.600000e+01 	73 73 73 73 73 73 73 73             !         14
6.9860E-07 1.4984E-06 3.2140E-06 6.8938E-06 1.4787E-05 3.1716E-05 6.8028E-05 1.4591E-04     2.489786E+10 1.679255E+11 1.133871E+12 7.674805E+12 5.222014E+13 3.593139E+14 2.532553E+15 1.879802E+16 	8.209000e+01 8.274000e+01 8.537000e+01 9.107000e+01 9.138000e+01 8.407000e+01 7.476000e+01 6.600000e+01 	73 73 73 73 73 73 73 73             !         15
6.9860E-07 1.4984E-06 3.2140E-06 6.8938E-06 1.4787E-05 3.1716E-05 6.8028E-05 1.4591E-04     2.211391E+10 1.491423E+11 1.006948E+12 6.814318E+12 4.634510E+13 3.185913E+14 2.241030E+15 1.656280E+16 	8.032000e+01 8.092000e+01 8.344000e+01 8.901000e+01 8.950000e+01 8.247000e+01 7.341000e+01 6.487000e+01 	73 73 73 73 73 73 73 73             !         16
6.9860E-07 1.4984E-06 3.2140E-06 6.8938E-06 1.4787E-05 3.1716E-05 6.8028E-05 1.4591E-04     1.976421E+10 1.332895E+11 8.998326E+11 6.088226E+12 4.138918E+13 2.842623E+14 1.995631E+15 1.468714E+16 	8.032000e+01 8.092000e+01 8.344000e+01 8.901000e+01 8.950000e+01 8.247000e+01 7.341000e+01 6.487000e+01 	73 73 73 73 73 73 73 73             !         17
6.9860E-07 1.4984E-06 3.2140E-06 6.8938E-06 1.4787E-05 3.1716E-05 6.8028E-05 1.4591E-04     1.777552E+10 1.198728E+11 8.091831E+11 5.473829E+12 3.719682E+13 2.552401E+14 1.788442E+15 1.310812E+16 	7.760000e+01 7.817000e+01 8.052000e+01 8.588000e+01 8.660000e+01 8.000000e+01 7.132000e+01 6.313000e+01 	73 73 73 73 73 73 73 73             !         18
6.9860E-07 1.4984E-06 3.2140E-06 6.8938E-06 1.4787E-05 3.1716E-05 6.8028E-05 1.4591E-04     1.608831E+10 1.084902E+11 7.322816E+11 4.952674E+12 3.364160E+13 2.306421E+14 1.613048E+15 1.177497E+16 	7.760000e+01 7.817000e+01 8.052000e+01 8.588000e+01 8.660000e+01 8.000000e+01 7.132000e+01 6.313000e+01 	73 73 73 73 73 73 73 73             !         19
6.9860E-07 1.4984E-06 3.2140E-06 6.8938E-06 1.4787E-05 3.1716E-05 6.8028E-05 1.4591E-04     1.465401E+10 9.881412E+10 6.669124E+11 4.509718E+12 3.062052E+13 2.097499E+14 1.464235E+15 1.064654E+16 	7.358000e+01 7.408000e+01 7.619000e+01 8.122000e+01 8.227000e+01 7.629000e+01 6.818000e+01 6.053000e+01 	73 73 73 73 73 73 73 73             !         20
6.9860E-07 1.4984E-06 3.2140E-06 6.8938E-06 1.4787E-05 3.1716E-05 6.8028E-05 1.4591E-04     1.343292E+10 9.057654E+10 6.112638E+11 4.132663E+12 2.804937E+13 1.919765E+14 1.337751E+15 9.689381E+15 	7.358000e+01 7.408000e+01 7.619000e+01 8.122000e+01 8.227000e+01 7.629000e+01 6.818000e+01 6.053000e+01 	73 73 73 73 73 73 73 73             !         21
6.9860E-07 1.4984E-06 3.2140E-06 6.8938E-06 1.4787E-05 3.1716E-05 6.8028E-05 1.4591E-04     1.239247E+10 8.355769E+10 5.638495E+11 3.811423E+12 2.585915E+13 1.768410E+14 1.230116E+15 8.876222E+15 	6.814000e+01 6.856000e+01 7.036000e+01 7.490000e+01 7.629000e+01 7.116000e+01 6.383000e+01 5.691000e+01 	73 73 73 73 73 73 73 73             !         22
6.9860E-07 1.4984E-06 3.2140E-06 6.8938E-06 1.4787E-05 3.1716E-05 6.8028E-05 1.4591E-04     1.150588E+10 7.757681E+10 5.234479E+11 3.537706E+12 2.399312E+13 1.639485E+14 1.138477E+15 8.184756E+15 	6.814000e+01 6.856000e+01 7.036000e+01 7.490000e+01 7.629000e+01 7.116000e+01 6.383000e+01 5.691000e+01 	73 73 73 73 73 73 73 73             !         23
6.9860E-07 1.4984E-06 3.2140E-06 6.8938E-06 1.4787E-05 3.1716E-05 6.8028E-05 1.4591E-04     1.075107E+10 7.248490E+10 4.890516E+11 3.304678E+12 2.240453E+13 1.529737E+14 1.060487E+15 7.596686E+15 	6.142000e+01 6.175000e+01 6.320000e+01 6.706000e+01 6.871000e+01 6.461000e+01 5.830000e+01 5.232000e+01 	73 73 73 73 73 73 73 73             !         24
6.9860E-07 1.4984E-06 3.2140E-06 6.8938E-06 1.4787E-05 3.1716E-05 6.8028E-05 1.4591E-04     1.010978E+10 6.815885E+10 4.598284E+11 3.106693E+12 2.105476E+13 1.436482E+14 9.942096E+14 7.096960E+15 	6.142000e+01 6.175000e+01 6.320000e+01 6.706000e+01 6.871000e+01 6.461000e+01 5.830000e+01 5.232000e+01 	73 73 73 73 73 73 73 73             !         25
6.9860E-07 1.4984E-06 3.2140E-06 6.8938E-06 1.4787E-05 3.1716E-05 6.8028E-05 1.4591E-04     9.566924E+09 6.449669E+10 4.350892E+11 2.939074E+12 1.991187E+13 1.357496E+14 9.380447E+14 6.673161E+15 	5.454000e+01 5.481000e+01 5.596000e+01 5.909000e+01 6.060000e+01 5.745000e+01 5.225000e+01 4.728000e+01 	73 73 73 73 73 73 73 73             !         26
6.9860E-07 1.4984E-06 3.2140E-06 6.8938E-06 1.4787E-05 3.1716E-05 6.8028E-05 1.4591E-04     9.109942E+09 6.141378E+10 4.142617E+11 2.797941E+12 1.894931E+13 1.290937E+14 8.906661E+14 6.315021E+15 	5.454000e+01 5.481000e+01 5.596000e+01 5.909000e+01 6.060000e+01 5.745000e+01 5.225000e+01 4.728000e+01 	73 73 73 73 73 73 73 73             !         27
6.9860E-07 1.4984E-06 3.2140E-06 6.8938E-06 1.4787E-05 3.1716E-05 6.8028E-05 1.4591E-04     8.728399E+09 5.883969E+10 3.968700E+11 2.680066E+12 1.814501E+13 1.235272E+14 8.509714E+14 6.014019E+15 	4.925000e+01 4.950000e+01 5.056000e+01 5.319000e+01 5.412000e+01 5.135000e+01 4.700000e+01 4.279000e+01 	73 73 73 73 73 73 73 73             !         28
6.9860E-07 1.4984E-06 3.2140E-06 6.8938E-06 1.4787E-05 3.1716E-05 6.8028E-05 1.4591E-04     8.413585E+09 5.671563E+10 3.825167E+11 2.582753E+12 1.748057E+13 1.189222E+14 8.180417E+14 5.763062E+15 	4.925000e+01 4.950000e+01 5.056000e+01 5.319000e+01 5.412000e+01 5.135000e+01 4.700000e+01 4.279000e+01 	73 73 73 73 73 73 73 73             !         29
6.9860E-07 1.4984E-06 3.2140E-06 6.8938E-06 1.4787E-05 3.1716E-05 6.8028E-05 1.4591E-04     8.158198E+09 5.499234E+10 3.708690E+11 2.503744E+12 1.694055E+13 1.151714E+14 7.911075E+14 5.556221E+15 	4.602000e+01 4.627000e+01 4.732000e+01 4.983000e+01 5.035000e+01 4.746000e+01 4.338000e+01 3.947000e+01 	73 73 73 73 73 73 73 73             !         30
6.9860E-07 1.4984E-06 3.2140E-06 6.8938E-06 1.4787E-05 3.1716E-05 6.8028E-05 1.4591E-04     7.956082E+09 5.362829E+10 3.616460E+11 2.441135E+12 1.651194E+13 1.121847E+14 7.695208E+14 5.388509E+15 	4.602000e+01 4.627000e+01 4.732000e+01 4.983000e+01 5.035000e+01 4.746000e+01 4.338000e+01 3.947000e+01 	73 73 73 73 73 73 73 73             !         31
6.9860E-07 1.4984E-06 3.2140E-06 6.8938E-06 1.4787E-05 3.1716E-05 6.8028E-05 1.4591E-04     7.802002E+09 5.258815E+10 3.546091E+11 2.393308E+12 1.618369E+13 1.098853E+14 7.527314E+14 5.255701E+15 	4.372000e+01 4.397000e+01 4.501000e+01 4.748000e+01 4.795000e+01 4.498000e+01 4.091000e+01 3.703000e+01 	73 73 73 73 73 73 73 73             !         32
6.9860E-07 1.4984E-06 3.2140E-06 6.8938E-06 1.4787E-05 3.1716E-05 6.8028E-05 1.4591E-04     7.691450E+09 5.184149E+10 3.495527E+11 2.358869E+12 1.594627E+13 1.082072E+14 7.402662E+14 5.154173E+15 	4.372000e+01 4.397000e+01 4.501000e+01 4.748000e+01 4.795000e+01 4.498000e+01 4.091000e+01 3.703000e+01 	73 73 73 73 73 73 73 73             !         33
6.9860E-07 1.4984E-06 3.2140E-06 6.8938E-06 1.4787E-05 3.1716E-05 6.8028E-05 1.4591E-04     7.620469E+09 5.136163E+10 3.462964E+11 2.336594E+12 1.579133E+13 1.070925E+14 7.317119E+14 5.080773E+15 	4.190000e+01 4.214000e+01 4.317000e+01 4.558000e+01 4.603000e+01 4.311000e+01 3.907000e+01 3.520000e+01 	73 73 73 73 73 73 73 73             !         34
6.9860E-07 1.4984E-06 3.2140E-06 6.8938E-06 1.4787E-05 3.1716E-05 6.8028E-05 1.4591E-04     7.585503E+09 5.112458E+10 3.446781E+11 2.325386E+12 1.571139E+13 1.064894E+14 7.266988E+14 5.032697E+15 	4.190000e+01 4.214000e+01 4.317000e+01 4.558000e+01 4.603000e+01 4.311000e+01 3.907000e+01 3.520000e+01 	73 73 73 73 73 73 73 73             !         35
6.9860E-07 1.4984E-06 3.2140E-06 6.8938E-06 1.4787E-05 3.1716E-05 6.8028E-05 1.4591E-04     7.583260E+09 5.110812E+10 3.445478E+11 2.324227E+12 1.569952E+13 1.063501E+14 7.248875E+14 5.007394E+15 	4.038000e+01 4.060000e+01 4.158000e+01 4.393000e+01 4.443000e+01 4.162000e+01 3.769000e+01 3.387000e+01 	73 73 73 73 73 73 73 73             !         36
6.9860E-07 1.4984E-06 3.2140E-06 6.8938E-06 1.4787E-05 3.1716E-05 6.8028E-05 1.4591E-04     7.610587E+09 5.129101E+10 3.457621E+11 2.332147E+12 1.574909E+13 1.066290E+14 7.259562E+14 5.002469E+15 	4.038000e+01 4.060000e+01 4.158000e+01 4.393000e+01 4.443000e+01 4.162000e+01 3.769000e+01 3.387000e+01 	73 73 73 73 73 73 73 73             !         37
6.9860E-07 1.4984E-06 3.2140E-06 6.8938E-06 1.4787E-05 3.1716E-05 6.8028E-05 1.4591E-04     7.664368E+09 5.165220E+10 3.481787E+11 2.348185E+12 1.585359E+13 1.072812E+14 7.295903E+14 5.015614E+15 	3.896000e+01 3.918000e+01 4.011000e+01 4.237000e+01 4.288000e+01 4.020000e+01 3.644000e+01 3.277000e+01 	73 73 73 73 73 73 73 73             !         38
6.9860E-07 1.4984E-06 3.2140E-06 6.8938E-06 1.4787E-05 3.1716E-05 6.8028E-05 1.4591E-04     7.741427E+09 5.217030E+10 3.516535E+11 2.371364E+12 1.600638E+13 1.082614E+14 7.354737E+14 5.044538E+15 	3.769000e+01 3.789000e+01 3.876000e+01 4.092000e+01 4.147000e+01 3.894000e+01 3.535000e+01 3.182000e+01 	73 73 73 73 73 73 73 73             !         39
6.9860E-07 1.4984E-06 3.2140E-06 6.8938E-06 1.4787E-05 3.1716E-05 6.8028E-05 1.4591E-04     7.838470E+09 5.282309E+10 3.560364E+11 2.400671E+12 1.620060E+13 1.095228E+14 7.432824E+14 5.086924E+15 	3.769000e+01 3.789000e+01 3.876000e+01 4.092000e+01 4.147000e+01 3.894000e+01 3.535000e+01 3.182000e+01 	73 73 73 73 73 73 73 73             !         40
6.9860E-07 1.4984E-06 3.2140E-06 6.8938E-06 1.4787E-05 3.1716E-05 6.8028E-05 1.4591E-04     7.952040E+09 5.358728E+10 3.611704E+11 2.435046E+12 1.642906E+13 1.110165E+14 7.526800E+14 5.140403E+15 	3.641000e+01 3.661000e+01 3.742000e+01 3.947000e+01 4.003000e+01 3.766000e+01 3.427000e+01 3.091000e+01 	73 73 73 73 73 73 73 73             !         41
6.9860E-07 1.4984E-06 3.2140E-06 6.8938E-06 1.4787E-05 3.1716E-05 6.8028E-05 1.4591E-04     8.078509E+09 5.443840E+10 3.668905E+11 2.473376E+12 1.668426E+13 1.126915E+14 7.633177E+14 5.202542E+15 	3.641000e+01 3.661000e+01 3.742000e+01 3.947000e+01 4.003000e+01 3.766000e+01 3.427000e+01 3.091000e+01 	73 73 73 73 73 73 73 73             !         42
6.9860E-07 1.4984E-06 3.2140E-06 6.8938E-06 1.4787E-05 3.1716E-05 6.8028E-05 1.4591E-04     8.214108E+09 5.535106E+10 3.730256E+11 2.514506E+12 1.695838E+13 1.144950E+14 7.748359E+14 5.270861E+15 	3.519000e+01 3.537000e+01 3.613000e+01 3.808000e+01 3.867000e+01 3.643000e+01 3.323000e+01 3.003000e+01 	73 73 73 73 73 73 73 73             !         43
6.9860E-07 1.4984E-06 3.2140E-06 6.8938E-06 1.4787E-05 3.1716E-05 6.8028E-05 1.4591E-04     8.354985E+09 5.629930E+10 3.794006E+11 2.557256E+12 1.724348E+13 1.163732E+14 7.868703E+14 5.342871E+15 	3.519000e+01 3.537000e+01 3.613000e+01 3.808000e+01 3.867000e+01 3.643000e+01 3.323000e+01 3.003000e+01 	73 73 73 73 73 73 73 73             !         44
6.9860E-07 1.4984E-06 3.2140E-06 6.8938E-06 1.4787E-05 3.1716E-05 6.8028E-05 1.4591E-04     8.497300E+09 5.725725E+10 3.858413E+11 2.600452E+12 1.753163E+13 1.182728E+14 7.990603E+14 5.416127E+15 	3.399000e+01 3.416000e+01 3.486000e+01 3.670000e+01 3.731000e+01 3.524000e+01 3.224000e+01 2.921000e+01 	73 73 73 73 73 73 73 73             !         45
6.9860E-07 1.4984E-06 3.2140E-06 6.8938E-06 1.4787E-05 3.1716E-05 6.8028E-05 1.4591E-04     8.637348E+09 5.819993E+10 3.921794E+11 2.642961E+12 1.781521E+13 1.201423E+14 8.110602E+14 5.488305E+15 	3.399000e+01 3.416000e+01 3.486000e+01 3.670000e+01 3.731000e+01 3.524000e+01 3.224000e+01 2.921000e+01 	73 73 73 73 73 73 73 73             !         46
6.9860E-07 1.4984E-06 3.2140E-06 6.8938E-06 1.4787E-05 3.1716E-05 6.8028E-05 1.4591E-04     8.771689E+09 5.910419E+10 3.982589E+11 2.683731E+12 1.808713E+13 1.219342E+14 8.225511E+14 5.557278E+15 	3.283000e+01 3.298000e+01 3.362000e+01 3.535000e+01 3.600000e+01 3.408000e+01 3.128000e+01 2.843000e+01 	73 73 73 73 73 73 73 73             !         47
6.9860E-07 1.4984E-06 3.2140E-06 6.8938E-06 1.4787E-05 3.1716E-05 6.8028E-05 1.4591E-04     8.897285E+09 5.994954E+10 4.039418E+11 2.721835E+12 1.834116E+13 1.236066E+14 8.332534E+14 5.621192E+15 	3.283000e+01 3.298000e+01 3.362000e+01 3.535000e+01 3.600000e+01 3.408000e+01 3.128000e+01 2.843000e+01 	73 73 73 73 73 73 73 73             !         48
6.9860E-07 1.4984E-06 3.2140E-06 6.8938E-06 1.4787E-05 3.1716E-05 6.8028E-05 1.4591E-04     9.011618E+09 6.071904E+10 4.091141E+11 2.756503E+12 1.857213E+13 1.251250E+14 8.429373E+14 5.678542E+15 	3.163000e+01 3.176000e+01 3.234000e+01 3.394000e+01 3.463000e+01 3.290000e+01 3.031000e+01 2.766000e+01 	73 73 73 73 73 73 73 73             !         49
6.9860E-07 1.4984E-06 3.2140E-06 6.8938E-06 1.4787E-05 3.1716E-05 6.8028E-05 1.4591E-04     9.112782E+09 6.139984E+10 4.136891E+11 2.787156E+12 1.877615E+13 1.264634E+14 8.514306E+14 5.728213E+15 	3.163000e+01 3.176000e+01 3.234000e+01 3.394000e+01 3.463000e+01 3.290000e+01 3.031000e+01 2.766000e+01 	73 73 73 73 73 73 73 73             !         50
6.9860E-07 1.4984E-06 3.2140E-06 6.8938E-06 1.4787E-05 3.1716E-05 6.8028E-05 1.4591E-04     9.199535E+09 6.198357E+10 4.176108E+11 2.813414E+12 1.895068E+13 1.276048E+14 8.586238E+14 5.769515E+15 	3.054000e+01 3.065000e+01 3.117000e+01 3.264000e+01 3.334000e+01 3.180000e+01 2.943000e+01 2.697000e+01 	73 73 73 73 73 73 73 73             !         51
6.9860E-07 1.4984E-06 3.2140E-06 6.8938E-06 1.4787E-05 3.1716E-05 6.8028E-05 1.4591E-04     9.271306E+09 6.246641E+10 4.208534E+11 2.835106E+12 1.909459E+13 1.285419E+14 8.644695E+14 5.802172E+15 	3.054000e+01 3.065000e+01 3.117000e+01 3.264000e+01 3.334000e+01 3.180000e+01 2.943000e+01 2.697000e+01 	73 73 73 73 73 73 73 73             !         52
6.9860E-07 1.4984E-06 3.2140E-06 6.8938E-06 1.4787E-05 3.1716E-05 6.8028E-05 1.4591E-04     9.328167E+09 6.284884E+10 4.234201E+11 2.852255E+12 1.920803E+13 1.292761E+14 8.689799E+14 5.826307E+15 	2.954000e+01 2.965000e+01 3.010000e+01 3.144000e+01 3.219000e+01 3.079000e+01 2.863000e+01 2.633000e+01 	73 73 73 73 73 73 73 73             !         53
6.9860E-07 1.4984E-06 3.2140E-06 6.8938E-06 1.4787E-05 3.1716E-05 6.8028E-05 1.4591E-04     9.370753E+09 6.313514E+10 4.253399E+11 2.865056E+12 1.929236E+13 1.298163E+14 8.722190E+14 5.842382E+15 	2.954000e+01 2.965000e+01 3.010000e+01 3.144000e+01 3.219000e+01 3.079000e+01 2.863000e+01 2.633000e+01 	73 73 73 73 73 73 73 73             !         54
6.9860E-07 1.4984E-06 3.2140E-06 6.8938E-06 1.4787E-05 3.1716E-05 6.8028E-05 1.4591E-04     9.400170E+09 6.333277E+10 4.266630E+11 2.873850E+12 1.934985E+13 1.301784E+14 8.742936E+14 5.851142E+15 	2.869000e+01 2.878000e+01 2.918000e+01 3.042000e+01 3.117000e+01 2.993000e+01 2.795000e+01 2.581000e+01 	73 73 73 73 73 73 73 73             !         55
6.9860E-07 1.4984E-06 3.2140E-06 6.8938E-06 1.4787E-05 3.1716E-05 6.8028E-05 1.4591E-04     9.417873E+09 6.345153E+10 4.274557E+11 2.879081E+12 1.938352E+13 1.303825E+14 8.753424E+14 5.853535E+15 	2.869000e+01 2.878000e+01 2.918000e+01 3.042000e+01 3.117000e+01 2.993000e+01 2.795000e+01 2.581000e+01 	73 73 73 73 73 73 73 73             !         56
6.9860E-07 1.4984E-06 3.2140E-06 6.8938E-06 1.4787E-05 3.1716E-05 6.8028E-05 1.4591E-04     9.425544E+09 6.350275E+10 4.277941E+11 2.881265E+12 1.939685E+13 1.304522E+14 8.755238E+14 5.850640E+15 	2.783000e+01 2.791000e+01 2.826000e+01 2.936000e+01 3.011000e+01 2.903000e+01 2.725000e+01 2.528000e+01 	73 73 73 73 73 73 73 73             !         57
6.9860E-07 1.4984E-06 3.2140E-06 6.8938E-06 1.4787E-05 3.1716E-05 6.8028E-05 1.4591E-04     9.424971E+09 6.349848E+10 4.277596E+11 2.880949E+12 1.939351E+13 1.304124E+14 8.750058E+14 5.843588E+15 	2.706000e+01 2.712000e+01 2.741000e+01 2.840000e+01 2.917000e+01 2.826000e+01 2.666000e+01 2.484000e+01 	73 73 73 73 73 73 73 73             !         58
6.9860E-07 1.4984E-06 3.2140E-06 6.8938E-06 1.4787E-05 3.1716E-05 6.8028E-05 1.4591E-04     9.417937E+09 6.345075E+10 4.274331E+11 2.878679E+12 1.937719E+13 1.302877E+14 8.739549E+14 5.833497E+15 	2.706000e+01 2.712000e+01 2.741000e+01 2.840000e+01 2.917000e+01 2.826000e+01 2.666000e+01 2.484000e+01 	73 73 73 73 73 73 73 73             !         59
6.9860E-07 1.4984E-06 3.2140E-06 6.8938E-06 1.4787E-05 3.1716E-05 6.8028E-05 1.4591E-04     9.406125E+09 6.337089E+10 4.268910E+11 2.874968E+12 1.935135E+13 1.301016E+14 8.725278E+14 5.821417E+15 	2.649000e+01 2.654000e+01 2.680000e+01 2.769000e+01 2.846000e+01 2.766000e+01 2.619000e+01 2.447000e+01 	73 73 73 73 73 73 73 73             !         60
6.9860E-07 1.4984E-06 3.2140E-06 6.8938E-06 1.4787E-05 3.1716E-05 6.8028E-05 1.4591E-04     9.391041E+09 6.326904E+10 4.262016E+11 2.870277E+12 1.931909E+13 1.298748E+14 8.708643E+14 5.808279E+15 	2.649000e+01 2.654000e+01 2.680000e+01 2.769000e+01 2.846000e+01 2.766000e+01 2.619000e+01 2.447000e+01 	73 73 73 73 73 73 73 73             !         61
6.9860E-07 1.4984E-06 3.2140E-06 6.8938E-06 1.4787E-05 3.1716E-05 6.8028E-05 1.4591E-04     9.373949E+09 6.315371E+10 4.254222E+11 2.864993E+12 1.928301E+13 1.296248E+14 8.690815E+14 5.794863E+15 	2.612000e+01 2.617000e+01 2.640000e+01 2.722000e+01 2.797000e+01 2.726000e+01 2.589000e+01 2.426000e+01 	73 73 73 73 73 73 73 73             !         62
6.9860E-07 1.4984E-06 3.2140E-06 6.8938E-06 1.4787E-05 3.1716E-05 6.8028E-05 1.4591E-04     9.355830E+09 6.303153E+10 4.245975E+11 2.859416E+12 1.924513E+13 1.293652E+14 8.672700E+14 5.781769E+15 	2.612000e+01 2.617000e+01 2.640000e+01 2.722000e+01 2.797000e+01 2.726000e+01 2.589000e+01 2.426000e+01 	73 73 73 73 73 73 73 73             !         63
6.9860E-07 1.4984E-06 3.2140E-06 6.8938E-06 1.4787E-05 3.1716E-05 6.8028E-05 1.4591E-04     9.337348E+09 6.290696E+10 4.237576E+11 2.853747E+12 1.920681E+13 1.291052E+14 8.654912E+14 5.769404E+15 	2.602000e+01 2.607000e+01 2.629000e+01 2.710000e+01 2.785000e+01 2.716000e+01 2.581000e+01 2.419000e+01 	73 73 73 73 73 73 73 73             !         64
