size1 size2 size3 size4 size5 size6 size7 size8
2.54940E-04 3.77723E-05 5.58550E-06 8.22496E-07 1.20035E-07 1.71838E-08 2.36038E-09 2.96676E-10
3.27360E-04 4.85050E-05 7.17345E-06 1.05661E-06 1.54288E-07 2.21139E-08 3.04541E-09 3.84900E-10
4.18688E-04 6.20405E-05 9.17633E-06 1.35197E-06 1.97526E-07 2.83446E-08 3.91339E-09 4.97299E-10
5.33374E-04 7.90388E-05 1.16919E-05 1.72303E-06 2.51875E-07 3.61857E-08 5.00845E-09 6.39872E-10
6.76782E-04 1.00295E-04 1.48380E-05 2.18722E-06 3.19901E-07 4.60114E-08 6.38407E-09 8.19925E-10
8.55348E-04 1.26765E-04 1.87561E-05 2.76544E-06 4.04685E-07 5.82713E-08 8.10467E-09 1.04631E-09
1.07675E-03 1.59585E-04 2.36148E-05 3.48266E-06 5.09902E-07 7.35031E-08 1.02475E-08 1.32969E-09
1.35008E-03 2.00106E-04 2.96143E-05 4.36848E-06 6.39921E-07 9.23458E-08 1.29045E-08 1.68286E-09
1.68610E-03 2.49922E-04 3.69908E-05 5.45786E-06 7.99900E-07 1.15555E-07 1.61849E-08 2.12105E-09
2.09741E-03 3.10904E-04 4.60215E-05 6.79186E-06 9.95896E-07 1.44021E-07 2.02172E-08 2.66231E-09
2.59871E-03 3.85233E-04 5.70300E-05 8.41838E-06 1.23499E-06 1.78780E-07 2.51521E-08 3.32790E-09
3.20708E-03 4.75440E-04 7.03915E-05 1.03930E-05 1.52539E-06 2.21043E-07 3.11654E-08 4.14275E-09
3.94220E-03 5.84447E-04 8.65392E-05 1.27799E-05 1.87658E-06 2.72204E-07 3.84605E-08 5.13585E-09
4.82663E-03 7.15599E-04 1.05969E-04 1.56526E-05 2.29945E-06 3.33867E-07 4.72716E-08 6.34076E-09
5.88607E-03 8.72711E-04 1.29248E-04 1.90950E-05 2.80640E-06 4.07862E-07 5.78667E-08 7.79606E-09
7.14962E-03 1.06010E-03 1.57015E-04 2.32020E-05 3.41149E-06 4.96266E-07 7.05506E-08 9.54585E-09
8.65001E-03 1.28263E-03 1.89992E-04 2.80805E-05 4.13056E-06 6.01419E-07 8.56675E-08 1.16402E-08
1.04238E-02 1.54571E-03 2.28983E-04 3.38500E-05 4.98131E-06 7.25940E-07 1.03604E-07 1.41354E-08
1.25116E-02 1.85538E-03 2.74882E-04 4.06429E-05 5.98340E-06 8.72742E-07 1.24789E-07 1.70948E-08
1.49581E-02 2.21827E-03 3.28674E-04 4.86054E-05 7.15848E-06 1.04504E-06 1.49700E-07 2.05885E-08
1.78122E-02 2.64163E-03 3.91434E-04 5.78971E-05 8.53029E-06 1.24635E-06 1.78859E-07 2.46940E-08
2.11267E-02 3.13332E-03 4.64331E-04 6.86916E-05 1.01246E-05 1.48050E-06 2.12836E-07 2.94960E-08
2.49589E-02 3.70180E-03 5.48620E-04 8.11751E-05 1.19690E-05 1.75161E-06 2.52244E-07 3.50864E-08
2.93693E-02 4.35610E-03 6.45640E-04 9.55467E-05 1.40932E-05 2.06409E-06 2.97742E-07 4.15643E-08
3.44222E-02 5.10573E-03 7.56806E-04 1.12017E-04 1.65284E-05 2.42259E-06 3.50028E-07 4.90352E-08
4.01846E-02 5.96067E-03 8.83597E-04 1.30804E-04 1.93072E-05 2.83200E-06 4.09835E-07 5.76104E-08
4.67259E-02 6.93119E-03 1.02754E-03 1.52137E-04 2.24636E-05 3.29737E-06 4.77924E-07 6.74060E-08
5.41168E-02 8.02779E-03 1.19020E-03 1.76247E-04 2.60321E-05 3.82388E-06 5.55075E-07 7.85420E-08
6.24284E-02 9.26106E-03 1.37313E-03 2.03367E-04 3.00475E-05 4.41673E-06 6.42079E-07 9.11403E-08
7.17314E-02 1.06415E-02 1.57791E-03 2.33730E-04 3.45443E-05 5.08111E-06 7.39721E-07 1.05323E-07
8.20942E-02 1.21792E-02 1.80604E-03 2.67559E-04 3.95561E-05 5.82208E-06 8.48773E-07 1.21211E-07
9.35820E-02 1.38839E-02 2.05896E-03 3.05070E-04 4.51150E-05 6.64444E-06 9.69970E-07 1.38921E-07
1.06255E-01 1.57645E-02 2.33800E-03 3.46460E-04 5.12504E-05 7.55267E-06 1.10400E-06 1.58561E-07
1.20166E-01 1.78289E-02 2.64432E-03 3.91904E-04 5.79887E-05 8.55073E-06 1.25148E-06 1.80232E-07
1.35360E-01 2.00837E-02 2.97893E-03 4.41549E-04 6.53521E-05 9.64201E-06 1.41293E-06 2.04020E-07
1.51871E-01 2.25341E-02 3.34257E-03 4.95509E-04 7.33575E-05 1.08291E-05 1.58877E-06 2.29995E-07
1.69721E-01 2.51833E-02 3.73574E-03 5.53858E-04 8.20160E-05 1.21138E-05 1.77928E-06 2.58208E-07
1.88918E-01 2.80325E-02 4.15861E-03 6.16621E-04 9.13320E-05 1.34967E-05 1.98459E-06 2.88686E-07
2.09454E-01 3.10804E-02 4.61099E-03 6.83772E-04 1.01302E-04 1.49774E-05 2.20466E-06 3.21431E-07
2.31302E-01 3.43231E-02 5.09232E-03 7.55227E-04 1.11913E-04 1.65541E-05 2.43925E-06 3.56414E-07
2.54417E-01 3.77540E-02 5.60160E-03 8.30840E-04 1.23144E-04 1.82237E-05 2.68791E-06 3.93575E-07
2.78734E-01 4.13633E-02 6.13740E-03 9.10396E-04 1.34963E-04 1.99816E-05 2.94995E-06 4.32818E-07
3.04165E-01 4.51381E-02 6.69778E-03 9.93612E-04 1.47328E-04 2.18214E-05 3.22448E-06 4.74011E-07
3.30602E-01 4.90623E-02 7.28036E-03 1.08013E-03 1.60187E-04 2.37355E-05 3.51033E-06 5.16983E-07
3.57913E-01 5.31164E-02 7.88225E-03 1.16953E-03 1.73475E-04 2.57143E-05 3.80609E-06 5.61526E-07
3.85946E-01 5.72776E-02 8.50007E-03 1.26129E-03 1.87118E-04 2.77467E-05 4.11012E-06 6.07392E-07
4.14526E-01 6.15201E-02 9.12998E-03 1.35487E-03 2.01032E-04 2.98201E-05 4.42051E-06 6.54294E-07
4.43459E-01 6.58151E-02 9.76770E-03 1.44960E-03 2.15122E-04 3.19205E-05 4.73515E-06 7.01912E-07
4.72532E-01 7.01309E-02 1.04085E-02 1.54481E-03 2.29283E-04 3.40322E-05 5.05172E-06 7.49890E-07
5.01517E-01 7.44337E-02 1.10475E-02 1.63974E-03 2.43406E-04 3.61387E-05 5.36769E-06 7.97844E-07
5.30172E-01 7.86876E-02 1.16791E-02 1.73360E-03 2.57370E-04 3.82222E-05 5.68041E-06 8.45363E-07
5.58244E-01 8.28549E-02 1.22980E-02 1.82556E-03 2.71053E-04 4.02643E-05 5.98708E-06 8.92019E-07
5.85474E-01 8.68973E-02 1.28983E-02 1.91476E-03 2.84329E-04 4.22460E-05 6.28484E-06 9.37369E-07
6.11600E-01 9.07759E-02 1.34743E-02 2.00036E-03 2.97068E-04 4.41481E-05 6.57077E-06 9.80961E-07
6.36361E-01 9.44519E-02 1.40202E-02 2.08149E-03 3.09145E-04 4.59516E-05 6.84198E-06 1.02235E-06
6.59502E-01 9.78874E-02 1.45304E-02 2.15732E-03 3.20432E-04 4.76376E-05 7.09563E-06 1.06109E-06
6.80778E-01 1.01046E-01 1.49995E-02 2.22704E-03 3.30811E-04 4.91881E-05 7.32898E-06 1.09675E-06
6.99956E-01 1.03893E-01 1.54224E-02 2.28989E-03 3.40169E-04 5.05862E-05 7.53945E-06 1.12894E-06
7.16824E-01 1.06397E-01 1.57943E-02 2.34517E-03 3.48399E-04 5.18161E-05 7.72465E-06 1.15728E-06
7.31190E-01 1.08530E-01 1.61111E-02 2.39226E-03 3.55410E-04 5.28638E-05 7.88246E-06 1.18144E-06
7.42891E-01 1.10267E-01 1.63691E-02 2.43061E-03 3.61120E-04 5.37173E-05 8.01103E-06 1.20113E-06
7.51789E-01 1.11589E-01 1.65653E-02 2.45977E-03 3.65463E-04 5.43664E-05 8.10883E-06 1.21612E-06
7.57780E-01 1.12478E-01 1.66974E-02 2.47941E-03 3.68387E-04 5.48034E-05 8.17469E-06 1.22621E-06
7.60793E-01 1.12925E-01 1.67638E-02 2.48929E-03 3.69858E-04 5.50233E-05 8.20782E-06 1.23129E-06
