# AlH cross sections
# #photoabsorption   -- Photoabsorption cross section (cm2)
# #photodissociation -- Photodissociation cross section (cm2)
# #photoionisation   -- Photoionisation cross section (cm2)
# #This version has been resampled to a uniform 0.1nm grid while maintaining a constant integrated cross section (using trapezoidal integration).
# #wavelength photoabsorption photodissociation photoionisation
9.120000e+01 1.032628e-22 0.000000e+00 1.032628e-22
9.220000e+01 1.756034e-22 0.000000e+00 1.756034e-22
9.320000e+01 2.945108e-22 0.000000e+00 2.945108e-22
9.420000e+01 4.871346e-22 0.000000e+00 4.871346e-22
9.520000e+01 7.946505e-22 0.000000e+00 7.946505e-22
9.620000e+01 1.278447e-21 0.000000e+00 1.278447e-21
9.720000e+01 2.028471e-21 0.000000e+00 2.028471e-21
9.820000e+01 3.174199e-21 0.000000e+00 3.174199e-21
9.920000e+01 4.898678e-21 0.000000e+00 4.898678e-21
1.002000e+02 7.455951e-21 0.000000e+00 7.455951e-21
1.012000e+02 1.119197e-20 0.000000e+00 1.119197e-20
1.022000e+02 1.656874e-20 0.000000e+00 1.656874e-20
1.032000e+02 2.419090e-20 0.000000e+00 2.419090e-20
1.042000e+02 3.483323e-20 0.000000e+00 3.483323e-20
1.052000e+02 4.946693e-20 0.000000e+00 4.946693e-20
1.062000e+02 6.928122e-20 0.000000e+00 6.928122e-20
1.072000e+02 9.569638e-20 0.000000e+00 9.569638e-20
1.082000e+02 1.303632e-19 0.000000e+00 1.303632e-19
1.092000e+02 1.751433e-19 0.000000e+00 1.751433e-19
1.102000e+02 2.320662e-19 0.000000e+00 2.320662e-19
1.112000e+02 3.032560e-19 0.000000e+00 3.032560e-19
1.122000e+02 3.908286e-19 0.000000e+00 3.908286e-19
1.132000e+02 4.967556e-19 0.000000e+00 4.967556e-19
1.142000e+02 6.226995e-19 0.000000e+00 6.226995e-19
1.152000e+02 7.698280e-19 0.000000e+00 7.698280e-19
1.162000e+02 9.386167e-19 0.000000e+00 9.386167e-19
1.172000e+02 1.128658e-18 0.000000e+00 1.128658e-18
1.182000e+02 1.338492e-18 0.000000e+00 1.338492e-18
1.192000e+02 1.565483e-18 0.000000e+00 1.565483e-18
1.202000e+02 1.805762e-18 0.000000e+00 1.805762e-18
1.212000e+02 2.054245e-18 0.000000e+00 2.054245e-18
1.222000e+02 2.304747e-18 0.000000e+00 2.304747e-18
1.232000e+02 2.550196e-18 0.000000e+00 2.550196e-18
1.242000e+02 2.782937e-18 0.000000e+00 2.782937e-18
1.252000e+02 2.995108e-18 0.000000e+00 2.995108e-18
1.262000e+02 3.179077e-18 0.000000e+00 3.179077e-18
1.272000e+02 3.327891e-18 0.000000e+00 3.327891e-18
1.282000e+02 3.435710e-18 0.000000e+00 3.435710e-18
1.292000e+02 3.498189e-18 0.000000e+00 3.498189e-18
1.302000e+02 3.512768e-18 0.000000e+00 3.512768e-18
1.312000e+02 3.478844e-18 0.000000e+00 3.478844e-18
1.322000e+02 3.397817e-18 0.000000e+00 3.397817e-18
1.332000e+02 3.272988e-18 0.000000e+00 3.272988e-18
1.342000e+02 3.109339e-18 0.000000e+00 3.109339e-18
1.352000e+02 2.913207e-18 0.000000e+00 2.913207e-18
1.362000e+02 2.691869e-18 0.000000e+00 2.691869e-18
1.372000e+02 2.453103e-18 0.000000e+00 2.453103e-18
1.382000e+02 2.204739e-18 0.000000e+00 2.204739e-18
1.392000e+02 1.954241e-18 0.000000e+00 1.954241e-18
1.402000e+02 1.708355e-18 0.000000e+00 1.708355e-18
1.412000e+02 1.472848e-18 0.000000e+00 1.472848e-18
1.422000e+02 1.252324e-18 0.000000e+00 1.252324e-18
1.432000e+02 1.050159e-18 0.000000e+00 1.050159e-18
1.442000e+02 8.685062e-19 0.000000e+00 8.685062e-19
1.452000e+02 7.083862e-19 0.000000e+00 7.083862e-19
1.462000e+02 5.698318e-19 0.000000e+00 5.698318e-19
1.472000e+02 4.520669e-19 0.000000e+00 4.520669e-19
1.482000e+02 3.537025e-19 0.000000e+00 3.537025e-19
1.492000e+02 2.729311e-19 0.000000e+00 2.729311e-19
1.502000e+02 2.077053e-19 0.000000e+00 2.077053e-19
1.512000e+02 1.558914e-19 0.000000e+00 1.558914e-19
1.522000e+02 1.153925e-19 0.000000e+00 1.153925e-19
1.532000e+02 8.423972e-20 0.000000e+00 8.423972e-20
1.542000e+02 6.065221e-20 0.000000e+00 6.065221e-20
1.552000e+02 4.307101e-20 0.000000e+00 4.307101e-20
1.562000e+02 3.017036e-20 0.000000e+00 3.017036e-20
1.572000e+02 2.085258e-20 2.085258e-20 0.000000e+00
1.582000e+02 1.423170e-20 1.423170e-20 0.000000e+00
1.592000e+02 9.610519e-21 9.610519e-21 0.000000e+00
1.602000e+02 6.455037e-21 6.455037e-21 0.000000e+00
1.612000e+02 4.369404e-21 4.369404e-21 0.000000e+00
1.622000e+02 3.073724e-21 3.073724e-21 0.000000e+00
1.632000e+02 2.386328e-21 2.386328e-21 0.000000e+00
1.642000e+02 2.211754e-21 2.211754e-21 0.000000e+00
1.652000e+02 2.535297e-21 2.535297e-21 0.000000e+00
1.662000e+02 3.424891e-21 3.424891e-21 0.000000e+00
1.672000e+02 5.040995e-21 5.040995e-21 0.000000e+00
1.682000e+02 7.655135e-21 7.655135e-21 0.000000e+00
1.692000e+02 1.167768e-20 1.167768e-20 0.000000e+00
1.702000e+02 1.769520e-20 1.769520e-20 0.000000e+00
1.712000e+02 2.651716e-20 2.651716e-20 0.000000e+00
1.722000e+02 3.923127e-20 3.923127e-20 0.000000e+00
1.732000e+02 5.726503e-20 5.726503e-20 0.000000e+00
1.742000e+02 8.245014e-20 8.245014e-20 0.000000e+00
1.752000e+02 1.170840e-19 1.170840e-19 0.000000e+00
1.762000e+02 1.639805e-19 1.639805e-19 0.000000e+00
1.772000e+02 2.265010e-19 2.265010e-19 0.000000e+00
1.782000e+02 3.085522e-19 3.085522e-19 0.000000e+00
1.792000e+02 4.145406e-19 4.145406e-19 0.000000e+00
1.802000e+02 5.492691e-19 5.492691e-19 0.000000e+00
1.812000e+02 7.177657e-19 7.177657e-19 0.000000e+00
1.822000e+02 9.250382e-19 9.250382e-19 0.000000e+00
1.832000e+02 1.175753e-18 1.175753e-18 0.000000e+00
1.842000e+02 1.473845e-18 1.473845e-18 0.000000e+00
1.852000e+02 1.822078e-18 1.822078e-18 0.000000e+00
1.862000e+02 2.221578e-18 2.221578e-18 0.000000e+00
1.872000e+02 2.671379e-18 2.671379e-18 0.000000e+00
1.882000e+02 3.168027e-18 3.168027e-18 0.000000e+00
1.892000e+02 3.705286e-18 3.705286e-18 0.000000e+00
1.902000e+02 4.273994e-18 4.273994e-18 0.000000e+00
1.912000e+02 4.862118e-18 4.862118e-18 0.000000e+00
1.922000e+02 5.455021e-18 5.455021e-18 0.000000e+00
1.932000e+02 6.035967e-18 6.035967e-18 0.000000e+00
1.942000e+02 6.586832e-18 6.586832e-18 0.000000e+00
1.952000e+02 7.089013e-18 7.089013e-18 0.000000e+00
1.962000e+02 7.524443e-18 7.524443e-18 0.000000e+00
1.972000e+02 7.876665e-18 7.876665e-18 0.000000e+00
1.982000e+02 8.131857e-18 8.131857e-18 0.000000e+00
1.992000e+02 8.279736e-18 8.279736e-18 0.000000e+00
2.002000e+02 8.314243e-18 8.314243e-18 0.000000e+00
2.012000e+02 8.233951e-18 8.233951e-18 0.000000e+00
2.022000e+02 8.042170e-18 8.042170e-18 0.000000e+00
2.032000e+02 7.746716e-18 7.746716e-18 0.000000e+00
2.042000e+02 7.359383e-18 7.359383e-18 0.000000e+00
2.052000e+02 6.895164e-18 6.895164e-18 0.000000e+00
2.062000e+02 6.371287e-18 6.371287e-18 0.000000e+00
2.072000e+02 5.806162e-18 5.806162e-18 0.000000e+00
2.082000e+02 5.218318e-18 5.218318e-18 0.000000e+00
2.092000e+02 4.625422e-18 4.625422e-18 0.000000e+00
2.102000e+02 4.043445e-18 4.043445e-18 0.000000e+00
2.112000e+02 3.486030e-18 3.486030e-18 0.000000e+00
2.122000e+02 2.964081e-18 2.964081e-18 0.000000e+00
2.132000e+02 2.485584e-18 2.485584e-18 0.000000e+00
2.142000e+02 2.055636e-18 2.055636e-18 0.000000e+00
2.152000e+02 1.676654e-18 1.676654e-18 0.000000e+00
2.162000e+02 1.348714e-18 1.348714e-18 0.000000e+00
2.172000e+02 1.069981e-18 1.069981e-18 0.000000e+00
2.182000e+02 8.371656e-19 8.371656e-19 0.000000e+00
2.192000e+02 6.459905e-19 6.459905e-19 0.000000e+00
2.202000e+02 4.916096e-19 4.916096e-19 0.000000e+00
2.212000e+02 3.689724e-19 3.689724e-19 0.000000e+00
2.222000e+02 2.731158e-19 2.731158e-19 0.000000e+00
2.232000e+02 1.993789e-19 1.993789e-19 0.000000e+00
2.242000e+02 1.435460e-19 1.435460e-19 0.000000e+00
2.252000e+02 1.019254e-19 1.019254e-19 0.000000e+00
2.262000e+02 7.137610e-20 7.137610e-20 0.000000e+00
2.272000e+02 4.929499e-20 4.929499e-20 0.000000e+00
2.282000e+02 3.357625e-20 3.357625e-20 0.000000e+00
2.292000e+02 2.255490e-20 2.255490e-20 0.000000e+00
2.302000e+02 1.494270e-20 1.494270e-20 0.000000e+00
2.312000e+02 9.763302e-21 9.763302e-21 0.000000e+00
2.322000e+02 6.291348e-21 6.291348e-21 0.000000e+00
2.332000e+02 3.998251e-21 3.998251e-21 0.000000e+00
2.342000e+02 2.505970e-21 2.505970e-21 0.000000e+00
2.352000e+02 1.549034e-21 1.549034e-21 0.000000e+00
2.362000e+02 9.443340e-22 9.443340e-22 0.000000e+00
2.372000e+02 5.677663e-22 5.677663e-22 0.000000e+00
2.382000e+02 3.366611e-22 3.366611e-22 0.000000e+00
2.392000e+02 1.968774e-22 1.968774e-22 0.000000e+00
2.402000e+02 1.135476e-22 1.135476e-22 0.000000e+00
2.412000e+02 6.458617e-23 6.458617e-23 0.000000e+00
2.422000e+02 3.623102e-23 3.623102e-23 0.000000e+00
2.432000e+02 2.004476e-23 2.004476e-23 0.000000e+00
2.442000e+02 1.093706e-23 1.093706e-23 0.000000e+00
2.452000e+02 5.885453e-24 5.885453e-24 0.000000e+00
2.462000e+02 3.123478e-24 3.123478e-24 0.000000e+00
2.472000e+02 1.634845e-24 1.634845e-24 0.000000e+00
2.482000e+02 8.439055e-25 8.439055e-25 0.000000e+00
2.492000e+02 4.296261e-25 4.296261e-25 0.000000e+00
2.502000e+02 2.157083e-25 2.157083e-25 0.000000e+00
2.512000e+02 1.068126e-25 1.068126e-25 0.000000e+00
2.522000e+02 5.216238e-26 5.216238e-26 0.000000e+00
2.532000e+02 2.512301e-26 2.512301e-26 0.000000e+00
2.542000e+02 1.193344e-26 1.193344e-26 0.000000e+00
2.552000e+02 5.590346e-27 5.590346e-27 0.000000e+00
2.562000e+02 2.582803e-27 2.582803e-27 0.000000e+00
2.572000e+02 1.176856e-27 1.176856e-27 0.000000e+00
2.582000e+02 5.288526e-28 5.288526e-28 0.000000e+00
2.592000e+02 2.343827e-28 2.343827e-28 0.000000e+00
