# C2 cross sections
# #photoabsorption   -- Photoabsorption cross section (cm2)
# #photodissociation -- Photodissociation cross section (cm2)
# #photoionisation   -- Photoionisation cross section (cm2)
# #This version has been resampled to a uniform 0.1nm grid while maintaining a constant integrated cross section (using trapezoidal integration).
# #wavelength photoabsorption photodissociation photoionisation
9.120000e+01 5.010000e-17 1.000000e-19 5.000000e-17
9.220000e+01 5.010000e-17 1.000000e-19 5.000000e-17
9.320000e+01 5.026896e-17 2.689559e-19 5.000000e-17
9.420000e+01 6.103464e-17 1.103464e-17 5.000000e-17
9.520000e+01 1.185936e-16 6.859359e-17 5.000000e-17
9.620000e+01 5.360017e-17 3.600169e-18 5.000000e-17
9.720000e+01 5.348821e-17 3.488207e-18 5.000000e-17
9.820000e+01 5.467059e-17 4.670588e-18 5.000000e-17
9.920000e+01 5.617526e-17 6.175258e-18 5.000000e-17
1.002000e+02 5.708589e-17 7.085890e-18 5.000000e-17
1.012000e+02 5.751534e-17 7.515337e-18 5.000000e-17
1.022000e+02 7.450625e-18 7.450625e-18 0.000000e+00
1.032000e+02 7.013125e-18 7.013125e-18 0.000000e+00
1.042000e+02 5.838710e-18 5.838710e-18 0.000000e+00
1.052000e+02 4.400000e-18 4.400000e-18 0.000000e+00
1.062000e+02 3.160494e-18 3.160494e-18 0.000000e+00
1.072000e+02 1.267857e-18 1.267857e-18 0.000000e+00
1.082000e+02 6.629956e-19 6.629956e-19 0.000000e+00
1.092000e+02 2.665198e-19 2.665198e-19 0.000000e+00
1.102000e+02 2.356725e-19 2.356725e-19 0.000000e+00
1.112000e+02 4.695906e-19 4.695906e-19 0.000000e+00
1.122000e+02 6.253602e-19 6.253602e-19 0.000000e+00
1.132000e+02 7.694524e-19 7.694524e-19 0.000000e+00
1.142000e+02 9.135447e-19 9.135447e-19 0.000000e+00
1.152000e+02 1.186916e-18 1.186916e-18 0.000000e+00
1.162000e+02 1.876450e-18 1.876450e-18 0.000000e+00
1.172000e+02 4.588860e-18 4.588860e-18 0.000000e+00
1.182000e+02 1.132479e-17 1.132479e-17 0.000000e+00
1.192000e+02 1.051843e-18 1.051843e-18 0.000000e+00
1.202000e+02 6.945417e-19 6.945417e-19 0.000000e+00
1.212000e+02 5.504323e-19 5.504323e-19 0.000000e+00
1.222000e+02 4.057971e-19 4.057971e-19 0.000000e+00
1.232000e+02 2.608696e-19 2.608696e-19 0.000000e+00
1.242000e+02 1.159420e-19 1.159420e-19 0.000000e+00
1.252000e+02 0.000000e+00 0.000000e+00 0.000000e+00
1.262000e+02 0.000000e+00 0.000000e+00 0.000000e+00
1.272000e+02 0.000000e+00 0.000000e+00 0.000000e+00
1.282000e+02 0.000000e+00 0.000000e+00 0.000000e+00
1.292000e+02 0.000000e+00 0.000000e+00 0.000000e+00
1.302000e+02 0.000000e+00 0.000000e+00 0.000000e+00
1.312000e+02 1.090730e-26 1.090730e-26 0.000000e+00
1.322000e+02 3.772846e-21 3.772846e-21 0.000000e+00
1.332000e+02 5.097779e-18 5.097779e-18 0.000000e+00
1.342000e+02 2.690624e-17 2.690624e-17 0.000000e+00
1.352000e+02 5.547343e-19 5.547343e-19 0.000000e+00
1.362000e+02 4.467628e-23 4.467628e-23 0.000000e+00
