# HCO cross sections
# #photoabsorption   -- Photoabsorption cross section (cm2)
# #photodissociation -- Photodissociation cross section (cm2)
# #photoionisation   -- Photoionisation cross section (cm2)
# #This version has been resampled to a uniform 0.1nm grid while maintaining a constant integrated cross section (using trapezoidal integration).
# #wavelength photoabsorption photodissociation photoionisation
9.120000e+01 5.000000e-20 5.000000e-20 0.000000e+00
9.220000e+01 5.000000e-20 5.000000e-20 0.000000e+00
9.320000e+01 5.000000e-20 5.000000e-20 0.000000e+00
9.420000e+01 5.000000e-20 5.000000e-20 0.000000e+00
9.520000e+01 5.000000e-20 5.000000e-20 0.000000e+00
9.620000e+01 5.000000e-20 5.000000e-20 0.000000e+00
9.720000e+01 5.000000e-20 5.000000e-20 0.000000e+00
9.820000e+01 5.000000e-20 5.000000e-20 0.000000e+00
9.920000e+01 5.000000e-20 5.000000e-20 0.000000e+00
1.002000e+02 5.000000e-20 5.000000e-20 0.000000e+00
1.012000e+02 5.000000e-20 5.000000e-20 0.000000e+00
1.022000e+02 5.000000e-20 5.000000e-20 0.000000e+00
1.032000e+02 5.000000e-20 5.000000e-20 0.000000e+00
1.042000e+02 5.000000e-20 5.000000e-20 0.000000e+00
1.052000e+02 5.000000e-20 5.000000e-20 0.000000e+00
1.062000e+02 5.000000e-20 5.000000e-20 0.000000e+00
1.072000e+02 5.000000e-20 5.000000e-20 0.000000e+00
1.082000e+02 5.000000e-20 5.000000e-20 0.000000e+00
1.092000e+02 5.000000e-20 5.000000e-20 0.000000e+00
1.102000e+02 5.000000e-20 5.000000e-20 0.000000e+00
1.112000e+02 5.000000e-20 5.000000e-20 0.000000e+00
1.122000e+02 5.000000e-20 5.000000e-20 0.000000e+00
1.132000e+02 5.000000e-20 5.000000e-20 0.000000e+00
1.142000e+02 5.000000e-20 5.000000e-20 0.000000e+00
1.152000e+02 5.000000e-20 5.000000e-20 0.000000e+00
1.162000e+02 5.000000e-20 5.000000e-20 0.000000e+00
1.172000e+02 5.000000e-20 5.000000e-20 0.000000e+00
1.182000e+02 5.000000e-20 5.000000e-20 0.000000e+00
1.192000e+02 1.019556e-17 1.019556e-17 0.000000e+00
1.202000e+02 5.381247e-17 5.381247e-17 0.000000e+00
1.212000e+02 1.109469e-18 1.109469e-18 0.000000e+00
1.222000e+02 5.000000e-20 5.000000e-20 0.000000e+00
1.232000e+02 5.000000e-20 5.000000e-20 0.000000e+00
1.242000e+02 5.000000e-20 5.000000e-20 0.000000e+00
1.252000e+02 5.000000e-20 5.000000e-20 0.000000e+00
1.262000e+02 5.000000e-20 5.000000e-20 0.000000e+00
1.272000e+02 5.000000e-20 5.000000e-20 0.000000e+00
1.282000e+02 5.000000e-20 5.000000e-20 0.000000e+00
1.292000e+02 5.000000e-20 5.000000e-20 0.000000e+00
1.302000e+02 5.000000e-20 5.000000e-20 0.000000e+00
1.312000e+02 5.000000e-20 5.000000e-20 0.000000e+00
1.322000e+02 5.000000e-20 5.000000e-20 0.000000e+00
1.332000e+02 5.000000e-20 5.000000e-20 0.000000e+00
1.342000e+02 5.000000e-20 5.000000e-20 0.000000e+00
1.352000e+02 5.000000e-20 5.000000e-20 0.000000e+00
1.362000e+02 5.000000e-20 5.000000e-20 0.000000e+00
1.372000e+02 5.000000e-20 5.000000e-20 0.000000e+00
1.382000e+02 5.000000e-20 5.000000e-20 0.000000e+00
1.392000e+02 5.000000e-20 5.000000e-20 0.000000e+00
1.402000e+02 5.000000e-20 5.000000e-20 0.000000e+00
1.412000e+02 5.000000e-20 5.000000e-20 0.000000e+00
1.422000e+02 5.000000e-20 5.000000e-20 0.000000e+00
1.432000e+02 5.000000e-20 5.000000e-20 0.000000e+00
1.442000e+02 5.000000e-20 5.000000e-20 0.000000e+00
1.452000e+02 5.000000e-20 5.000000e-20 0.000000e+00
1.462000e+02 6.847501e-19 6.847501e-19 0.000000e+00
1.472000e+02 5.782612e-17 5.782612e-17 0.000000e+00
1.482000e+02 1.907551e-17 1.907551e-17 0.000000e+00
1.492000e+02 5.000000e-20 5.000000e-20 0.000000e+00
1.502000e+02 2.080255e-19 2.080255e-19 0.000000e+00
1.512000e+02 1.756743e-17 1.756743e-17 0.000000e+00
1.522000e+02 5.795091e-18 5.795091e-18 0.000000e+00
1.532000e+02 5.000000e-20 5.000000e-20 0.000000e+00
1.542000e+02 5.000000e-20 5.000000e-20 0.000000e+00
1.552000e+02 5.000000e-20 5.000000e-20 0.000000e+00
1.562000e+02 5.000000e-20 5.000000e-20 0.000000e+00
1.572000e+02 5.000000e-20 5.000000e-20 0.000000e+00
1.582000e+02 5.000000e-20 5.000000e-20 0.000000e+00
1.592000e+02 5.000000e-20 5.000000e-20 0.000000e+00
1.602000e+02 2.230278e-18 2.230278e-18 0.000000e+00
1.612000e+02 1.177148e-17 1.177148e-17 0.000000e+00
1.622000e+02 2.426962e-19 2.426962e-19 0.000000e+00
1.632000e+02 5.000000e-20 5.000000e-20 0.000000e+00
1.642000e+02 5.000000e-20 5.000000e-20 0.000000e+00
1.652000e+02 5.000000e-20 5.000000e-20 0.000000e+00
1.662000e+02 5.000000e-20 5.000000e-20 0.000000e+00
1.672000e+02 5.000000e-20 5.000000e-20 0.000000e+00
1.682000e+02 5.000000e-20 5.000000e-20 0.000000e+00
1.692000e+02 5.000000e-20 5.000000e-20 0.000000e+00
1.702000e+02 5.000000e-20 5.000000e-20 0.000000e+00
1.712000e+02 5.000000e-20 5.000000e-20 0.000000e+00
1.722000e+02 5.000000e-20 5.000000e-20 0.000000e+00
1.732000e+02 5.000000e-20 5.000000e-20 0.000000e+00
1.742000e+02 5.000000e-20 5.000000e-20 0.000000e+00
1.752000e+02 5.000000e-20 5.000000e-20 0.000000e+00
1.762000e+02 5.000000e-20 5.000000e-20 0.000000e+00
1.772000e+02 5.000000e-20 5.000000e-20 0.000000e+00
1.782000e+02 5.000000e-20 5.000000e-20 0.000000e+00
1.792000e+02 5.000000e-20 5.000000e-20 0.000000e+00
1.802000e+02 5.000000e-20 5.000000e-20 0.000000e+00
1.812000e+02 5.000000e-20 5.000000e-20 0.000000e+00
1.822000e+02 5.000000e-20 5.000000e-20 0.000000e+00
1.832000e+02 5.000000e-20 5.000000e-20 0.000000e+00
1.842000e+02 5.000000e-20 5.000000e-20 0.000000e+00
1.852000e+02 5.000000e-20 5.000000e-20 0.000000e+00
1.862000e+02 5.000000e-20 5.000000e-20 0.000000e+00
1.872000e+02 5.000000e-20 5.000000e-20 0.000000e+00
1.882000e+02 5.000000e-20 5.000000e-20 0.000000e+00
1.892000e+02 1.482037e-17 1.482037e-17 0.000000e+00
1.902000e+02 8.488709e-17 8.488709e-17 0.000000e+00
1.912000e+02 3.692663e-17 3.692663e-17 0.000000e+00
1.922000e+02 7.282186e-19 7.282186e-19 0.000000e+00
1.932000e+02 5.000000e-20 5.000000e-20 0.000000e+00
1.942000e+02 1.593056e-18 1.593056e-18 0.000000e+00
1.952000e+02 8.408199e-18 8.408199e-18 0.000000e+00
1.962000e+02 1.733545e-19 1.733545e-19 0.000000e+00
1.972000e+02 5.000000e-20 5.000000e-20 0.000000e+00
1.982000e+02 5.000000e-20 5.000000e-20 0.000000e+00
1.992000e+02 5.000000e-20 5.000000e-20 0.000000e+00
2.002000e+02 5.000000e-20 5.000000e-20 0.000000e+00
2.012000e+02 5.000000e-20 5.000000e-20 0.000000e+00
2.022000e+02 5.000000e-20 5.000000e-20 0.000000e+00
2.032000e+02 5.000000e-20 5.000000e-20 0.000000e+00
2.042000e+02 5.000000e-20 5.000000e-20 0.000000e+00
2.052000e+02 5.000000e-20 5.000000e-20 0.000000e+00
2.062000e+02 5.000000e-20 5.000000e-20 0.000000e+00
2.072000e+02 5.000000e-20 5.000000e-20 0.000000e+00
2.082000e+02 5.000000e-20 5.000000e-20 0.000000e+00
2.092000e+02 5.000000e-20 5.000000e-20 0.000000e+00
2.102000e+02 5.000000e-20 5.000000e-20 0.000000e+00
2.112000e+02 5.000000e-20 5.000000e-20 0.000000e+00
2.122000e+02 5.000000e-20 5.000000e-20 0.000000e+00
2.132000e+02 5.000000e-20 5.000000e-20 0.000000e+00
2.142000e+02 5.000000e-20 5.000000e-20 0.000000e+00
2.152000e+02 5.000000e-20 5.000000e-20 0.000000e+00
2.162000e+02 5.000000e-20 5.000000e-20 0.000000e+00
2.172000e+02 5.000000e-20 5.000000e-20 0.000000e+00
2.182000e+02 5.000000e-20 5.000000e-20 0.000000e+00
2.192000e+02 5.000000e-20 5.000000e-20 0.000000e+00
2.202000e+02 5.000000e-20 5.000000e-20 0.000000e+00
2.212000e+02 5.000000e-20 5.000000e-20 0.000000e+00
2.222000e+02 5.000000e-20 5.000000e-20 0.000000e+00
2.232000e+02 5.000000e-20 5.000000e-20 0.000000e+00
2.242000e+02 5.000000e-20 5.000000e-20 0.000000e+00
2.252000e+02 5.000000e-20 5.000000e-20 0.000000e+00
2.262000e+02 5.000000e-20 5.000000e-20 0.000000e+00
2.272000e+02 3.017661e-18 3.017661e-18 0.000000e+00
2.282000e+02 8.406485e-17 8.406485e-17 0.000000e+00
2.292000e+02 9.147837e-18 9.147837e-18 0.000000e+00
2.302000e+02 3.888503e-21 3.888503e-21 0.000000e+00
2.312000e+02 6.456640e-27 6.456640e-27 0.000000e+00
2.322000e+02 0.000000e+00 0.000000e+00 0.000000e+00
2.332000e+02 0.000000e+00 0.000000e+00 0.000000e+00
2.342000e+02 0.000000e+00 0.000000e+00 0.000000e+00
2.352000e+02 0.000000e+00 0.000000e+00 0.000000e+00
2.362000e+02 0.000000e+00 0.000000e+00 0.000000e+00
2.372000e+02 0.000000e+00 0.000000e+00 0.000000e+00
2.382000e+02 0.000000e+00 0.000000e+00 0.000000e+00
2.392000e+02 0.000000e+00 0.000000e+00 0.000000e+00
2.402000e+02 0.000000e+00 0.000000e+00 0.000000e+00
2.412000e+02 0.000000e+00 0.000000e+00 0.000000e+00
2.422000e+02 0.000000e+00 0.000000e+00 0.000000e+00
2.432000e+02 0.000000e+00 0.000000e+00 0.000000e+00
2.442000e+02 0.000000e+00 0.000000e+00 0.000000e+00
2.452000e+02 0.000000e+00 0.000000e+00 0.000000e+00
2.462000e+02 0.000000e+00 0.000000e+00 0.000000e+00
2.472000e+02 0.000000e+00 0.000000e+00 0.000000e+00
2.482000e+02 0.000000e+00 0.000000e+00 0.000000e+00
2.492000e+02 0.000000e+00 0.000000e+00 0.000000e+00
2.502000e+02 0.000000e+00 0.000000e+00 0.000000e+00
2.512000e+02 0.000000e+00 0.000000e+00 0.000000e+00
2.522000e+02 0.000000e+00 0.000000e+00 0.000000e+00
2.532000e+02 0.000000e+00 0.000000e+00 0.000000e+00
2.542000e+02 0.000000e+00 0.000000e+00 0.000000e+00
2.552000e+02 0.000000e+00 0.000000e+00 0.000000e+00
2.562000e+02 0.000000e+00 0.000000e+00 0.000000e+00
2.572000e+02 0.000000e+00 0.000000e+00 0.000000e+00
2.582000e+02 0.000000e+00 0.000000e+00 0.000000e+00
2.592000e+02 0.000000e+00 0.000000e+00 0.000000e+00
2.602000e+02 0.000000e+00 0.000000e+00 0.000000e+00
2.612000e+02 0.000000e+00 0.000000e+00 0.000000e+00
2.622000e+02 0.000000e+00 0.000000e+00 0.000000e+00
2.632000e+02 0.000000e+00 0.000000e+00 0.000000e+00
2.642000e+02 0.000000e+00 0.000000e+00 0.000000e+00
2.652000e+02 0.000000e+00 0.000000e+00 0.000000e+00
2.662000e+02 0.000000e+00 0.000000e+00 0.000000e+00
2.672000e+02 0.000000e+00 0.000000e+00 0.000000e+00
2.682000e+02 0.000000e+00 0.000000e+00 0.000000e+00
2.692000e+02 0.000000e+00 0.000000e+00 0.000000e+00
2.702000e+02 0.000000e+00 0.000000e+00 0.000000e+00
2.712000e+02 0.000000e+00 0.000000e+00 0.000000e+00
2.722000e+02 0.000000e+00 0.000000e+00 0.000000e+00
2.732000e+02 0.000000e+00 0.000000e+00 0.000000e+00
2.742000e+02 0.000000e+00 0.000000e+00 0.000000e+00
2.752000e+02 0.000000e+00 0.000000e+00 0.000000e+00
2.762000e+02 0.000000e+00 0.000000e+00 0.000000e+00
2.772000e+02 0.000000e+00 0.000000e+00 0.000000e+00
2.782000e+02 0.000000e+00 0.000000e+00 0.000000e+00
2.792000e+02 0.000000e+00 0.000000e+00 0.000000e+00
2.802000e+02 0.000000e+00 0.000000e+00 0.000000e+00
2.812000e+02 0.000000e+00 0.000000e+00 0.000000e+00
2.822000e+02 0.000000e+00 0.000000e+00 0.000000e+00
2.832000e+02 0.000000e+00 0.000000e+00 0.000000e+00
2.842000e+02 0.000000e+00 0.000000e+00 0.000000e+00
2.852000e+02 0.000000e+00 0.000000e+00 0.000000e+00
2.862000e+02 0.000000e+00 0.000000e+00 0.000000e+00
2.872000e+02 0.000000e+00 0.000000e+00 0.000000e+00
2.882000e+02 0.000000e+00 0.000000e+00 0.000000e+00
2.892000e+02 0.000000e+00 0.000000e+00 0.000000e+00
2.902000e+02 0.000000e+00 0.000000e+00 0.000000e+00
2.912000e+02 0.000000e+00 0.000000e+00 0.000000e+00
2.922000e+02 0.000000e+00 0.000000e+00 0.000000e+00
2.932000e+02 0.000000e+00 0.000000e+00 0.000000e+00
2.942000e+02 0.000000e+00 0.000000e+00 0.000000e+00
2.952000e+02 0.000000e+00 0.000000e+00 0.000000e+00
2.962000e+02 0.000000e+00 0.000000e+00 0.000000e+00
2.972000e+02 0.000000e+00 0.000000e+00 0.000000e+00
2.982000e+02 0.000000e+00 0.000000e+00 0.000000e+00
2.992000e+02 0.000000e+00 0.000000e+00 0.000000e+00
3.002000e+02 0.000000e+00 0.000000e+00 0.000000e+00
3.012000e+02 0.000000e+00 0.000000e+00 0.000000e+00
3.022000e+02 0.000000e+00 0.000000e+00 0.000000e+00
3.032000e+02 0.000000e+00 0.000000e+00 0.000000e+00
3.042000e+02 0.000000e+00 0.000000e+00 0.000000e+00
3.052000e+02 0.000000e+00 0.000000e+00 0.000000e+00
3.062000e+02 0.000000e+00 0.000000e+00 0.000000e+00
3.072000e+02 0.000000e+00 0.000000e+00 0.000000e+00
3.082000e+02 0.000000e+00 0.000000e+00 0.000000e+00
3.092000e+02 0.000000e+00 0.000000e+00 0.000000e+00
3.102000e+02 0.000000e+00 0.000000e+00 0.000000e+00
3.112000e+02 0.000000e+00 0.000000e+00 0.000000e+00
3.122000e+02 0.000000e+00 0.000000e+00 0.000000e+00
3.132000e+02 0.000000e+00 0.000000e+00 0.000000e+00
3.142000e+02 0.000000e+00 0.000000e+00 0.000000e+00
3.152000e+02 0.000000e+00 0.000000e+00 0.000000e+00
3.162000e+02 0.000000e+00 0.000000e+00 0.000000e+00
3.172000e+02 0.000000e+00 0.000000e+00 0.000000e+00
3.182000e+02 0.000000e+00 0.000000e+00 0.000000e+00
3.192000e+02 0.000000e+00 0.000000e+00 0.000000e+00
3.202000e+02 0.000000e+00 0.000000e+00 0.000000e+00
3.212000e+02 0.000000e+00 0.000000e+00 0.000000e+00
3.222000e+02 0.000000e+00 0.000000e+00 0.000000e+00
3.232000e+02 0.000000e+00 0.000000e+00 0.000000e+00
3.242000e+02 0.000000e+00 0.000000e+00 0.000000e+00
3.252000e+02 0.000000e+00 0.000000e+00 0.000000e+00
3.262000e+02 0.000000e+00 0.000000e+00 0.000000e+00
3.272000e+02 0.000000e+00 0.000000e+00 0.000000e+00
3.282000e+02 0.000000e+00 0.000000e+00 0.000000e+00
3.292000e+02 0.000000e+00 0.000000e+00 0.000000e+00
3.302000e+02 0.000000e+00 0.000000e+00 0.000000e+00
3.312000e+02 0.000000e+00 0.000000e+00 0.000000e+00
3.322000e+02 0.000000e+00 0.000000e+00 0.000000e+00
3.332000e+02 0.000000e+00 0.000000e+00 0.000000e+00
3.342000e+02 0.000000e+00 0.000000e+00 0.000000e+00
3.352000e+02 0.000000e+00 0.000000e+00 0.000000e+00
3.362000e+02 0.000000e+00 0.000000e+00 0.000000e+00
3.372000e+02 0.000000e+00 0.000000e+00 0.000000e+00
3.382000e+02 0.000000e+00 0.000000e+00 0.000000e+00
3.392000e+02 0.000000e+00 0.000000e+00 0.000000e+00
3.402000e+02 0.000000e+00 0.000000e+00 0.000000e+00
3.412000e+02 0.000000e+00 0.000000e+00 0.000000e+00
3.422000e+02 0.000000e+00 0.000000e+00 0.000000e+00
3.432000e+02 0.000000e+00 0.000000e+00 0.000000e+00
3.442000e+02 0.000000e+00 0.000000e+00 0.000000e+00
3.452000e+02 0.000000e+00 0.000000e+00 0.000000e+00
3.462000e+02 0.000000e+00 0.000000e+00 0.000000e+00
3.472000e+02 0.000000e+00 0.000000e+00 0.000000e+00
3.482000e+02 0.000000e+00 0.000000e+00 0.000000e+00
3.492000e+02 0.000000e+00 0.000000e+00 0.000000e+00
3.502000e+02 0.000000e+00 0.000000e+00 0.000000e+00
3.512000e+02 0.000000e+00 0.000000e+00 0.000000e+00
3.522000e+02 0.000000e+00 0.000000e+00 0.000000e+00
3.532000e+02 0.000000e+00 0.000000e+00 0.000000e+00
3.542000e+02 0.000000e+00 0.000000e+00 0.000000e+00
3.552000e+02 0.000000e+00 0.000000e+00 0.000000e+00
3.562000e+02 0.000000e+00 0.000000e+00 0.000000e+00
3.572000e+02 0.000000e+00 0.000000e+00 0.000000e+00
3.582000e+02 0.000000e+00 0.000000e+00 0.000000e+00
3.592000e+02 0.000000e+00 0.000000e+00 0.000000e+00
3.602000e+02 0.000000e+00 0.000000e+00 0.000000e+00
3.612000e+02 0.000000e+00 0.000000e+00 0.000000e+00
3.622000e+02 0.000000e+00 0.000000e+00 0.000000e+00
3.632000e+02 0.000000e+00 0.000000e+00 0.000000e+00
3.642000e+02 0.000000e+00 0.000000e+00 0.000000e+00
3.652000e+02 0.000000e+00 0.000000e+00 0.000000e+00
3.662000e+02 0.000000e+00 0.000000e+00 0.000000e+00
3.672000e+02 0.000000e+00 0.000000e+00 0.000000e+00
3.682000e+02 0.000000e+00 0.000000e+00 0.000000e+00
3.692000e+02 0.000000e+00 0.000000e+00 0.000000e+00
3.702000e+02 0.000000e+00 0.000000e+00 0.000000e+00
3.712000e+02 0.000000e+00 0.000000e+00 0.000000e+00
3.722000e+02 0.000000e+00 0.000000e+00 0.000000e+00
3.732000e+02 0.000000e+00 0.000000e+00 0.000000e+00
3.742000e+02 0.000000e+00 0.000000e+00 0.000000e+00
3.752000e+02 0.000000e+00 0.000000e+00 0.000000e+00
3.762000e+02 0.000000e+00 0.000000e+00 0.000000e+00
3.772000e+02 0.000000e+00 0.000000e+00 0.000000e+00
3.782000e+02 0.000000e+00 0.000000e+00 0.000000e+00
3.792000e+02 0.000000e+00 0.000000e+00 0.000000e+00
3.802000e+02 0.000000e+00 0.000000e+00 0.000000e+00
3.812000e+02 0.000000e+00 0.000000e+00 0.000000e+00
3.822000e+02 0.000000e+00 0.000000e+00 0.000000e+00
3.832000e+02 0.000000e+00 0.000000e+00 0.000000e+00
3.842000e+02 0.000000e+00 0.000000e+00 0.000000e+00
3.852000e+02 0.000000e+00 0.000000e+00 0.000000e+00
3.862000e+02 0.000000e+00 0.000000e+00 0.000000e+00
3.872000e+02 0.000000e+00 0.000000e+00 0.000000e+00
3.882000e+02 0.000000e+00 0.000000e+00 0.000000e+00
3.892000e+02 0.000000e+00 0.000000e+00 0.000000e+00
3.902000e+02 0.000000e+00 0.000000e+00 0.000000e+00
3.912000e+02 0.000000e+00 0.000000e+00 0.000000e+00
3.922000e+02 0.000000e+00 0.000000e+00 0.000000e+00
3.932000e+02 0.000000e+00 0.000000e+00 0.000000e+00
3.942000e+02 0.000000e+00 0.000000e+00 0.000000e+00
3.952000e+02 0.000000e+00 0.000000e+00 0.000000e+00
3.962000e+02 0.000000e+00 0.000000e+00 0.000000e+00
3.972000e+02 0.000000e+00 0.000000e+00 0.000000e+00
3.982000e+02 0.000000e+00 0.000000e+00 0.000000e+00
3.992000e+02 0.000000e+00 0.000000e+00 0.000000e+00
4.002000e+02 0.000000e+00 0.000000e+00 0.000000e+00
4.012000e+02 0.000000e+00 0.000000e+00 0.000000e+00
4.022000e+02 0.000000e+00 0.000000e+00 0.000000e+00
4.032000e+02 0.000000e+00 0.000000e+00 0.000000e+00
4.042000e+02 0.000000e+00 0.000000e+00 0.000000e+00
4.052000e+02 0.000000e+00 0.000000e+00 0.000000e+00
4.062000e+02 0.000000e+00 0.000000e+00 0.000000e+00
4.072000e+02 0.000000e+00 0.000000e+00 0.000000e+00
4.082000e+02 0.000000e+00 0.000000e+00 0.000000e+00
4.092000e+02 0.000000e+00 0.000000e+00 0.000000e+00
4.102000e+02 0.000000e+00 0.000000e+00 0.000000e+00
4.112000e+02 0.000000e+00 0.000000e+00 0.000000e+00
4.122000e+02 0.000000e+00 0.000000e+00 0.000000e+00
4.132000e+02 0.000000e+00 0.000000e+00 0.000000e+00
4.142000e+02 0.000000e+00 0.000000e+00 0.000000e+00
4.152000e+02 0.000000e+00 0.000000e+00 0.000000e+00
4.162000e+02 0.000000e+00 0.000000e+00 0.000000e+00
4.172000e+02 0.000000e+00 0.000000e+00 0.000000e+00
4.182000e+02 0.000000e+00 0.000000e+00 0.000000e+00
4.192000e+02 0.000000e+00 0.000000e+00 0.000000e+00
4.202000e+02 0.000000e+00 0.000000e+00 0.000000e+00
4.212000e+02 0.000000e+00 0.000000e+00 0.000000e+00
4.222000e+02 0.000000e+00 0.000000e+00 0.000000e+00
4.232000e+02 0.000000e+00 0.000000e+00 0.000000e+00
4.242000e+02 0.000000e+00 0.000000e+00 0.000000e+00
4.252000e+02 0.000000e+00 0.000000e+00 0.000000e+00
4.262000e+02 0.000000e+00 0.000000e+00 0.000000e+00
4.272000e+02 0.000000e+00 0.000000e+00 0.000000e+00
4.282000e+02 0.000000e+00 0.000000e+00 0.000000e+00
4.292000e+02 0.000000e+00 0.000000e+00 0.000000e+00
4.302000e+02 0.000000e+00 0.000000e+00 0.000000e+00
4.312000e+02 0.000000e+00 0.000000e+00 0.000000e+00
4.322000e+02 0.000000e+00 0.000000e+00 0.000000e+00
4.332000e+02 0.000000e+00 0.000000e+00 0.000000e+00
4.342000e+02 0.000000e+00 0.000000e+00 0.000000e+00
4.352000e+02 0.000000e+00 0.000000e+00 0.000000e+00
4.362000e+02 0.000000e+00 0.000000e+00 0.000000e+00
4.372000e+02 0.000000e+00 0.000000e+00 0.000000e+00
4.382000e+02 0.000000e+00 0.000000e+00 0.000000e+00
4.392000e+02 0.000000e+00 0.000000e+00 0.000000e+00
4.402000e+02 0.000000e+00 0.000000e+00 0.000000e+00
4.412000e+02 0.000000e+00 0.000000e+00 0.000000e+00
4.422000e+02 0.000000e+00 0.000000e+00 0.000000e+00
4.432000e+02 0.000000e+00 0.000000e+00 0.000000e+00
4.442000e+02 0.000000e+00 0.000000e+00 0.000000e+00
4.452000e+02 0.000000e+00 0.000000e+00 0.000000e+00
4.462000e+02 0.000000e+00 0.000000e+00 0.000000e+00
4.472000e+02 0.000000e+00 0.000000e+00 0.000000e+00
4.482000e+02 0.000000e+00 0.000000e+00 0.000000e+00
4.492000e+02 0.000000e+00 0.000000e+00 0.000000e+00
4.502000e+02 0.000000e+00 0.000000e+00 0.000000e+00
4.512000e+02 0.000000e+00 0.000000e+00 0.000000e+00
4.522000e+02 0.000000e+00 0.000000e+00 0.000000e+00
4.532000e+02 0.000000e+00 0.000000e+00 0.000000e+00
4.542000e+02 0.000000e+00 0.000000e+00 0.000000e+00
4.552000e+02 0.000000e+00 0.000000e+00 0.000000e+00
4.562000e+02 0.000000e+00 0.000000e+00 0.000000e+00
4.572000e+02 0.000000e+00 0.000000e+00 0.000000e+00
4.582000e+02 0.000000e+00 0.000000e+00 0.000000e+00
4.592000e+02 0.000000e+00 0.000000e+00 0.000000e+00
4.602000e+02 0.000000e+00 0.000000e+00 0.000000e+00
4.612000e+02 0.000000e+00 0.000000e+00 0.000000e+00
4.622000e+02 0.000000e+00 0.000000e+00 0.000000e+00
4.632000e+02 0.000000e+00 0.000000e+00 0.000000e+00
4.642000e+02 0.000000e+00 0.000000e+00 0.000000e+00
4.652000e+02 0.000000e+00 0.000000e+00 0.000000e+00
4.662000e+02 0.000000e+00 0.000000e+00 0.000000e+00
4.672000e+02 0.000000e+00 0.000000e+00 0.000000e+00
4.682000e+02 0.000000e+00 0.000000e+00 0.000000e+00
4.692000e+02 0.000000e+00 0.000000e+00 0.000000e+00
4.702000e+02 0.000000e+00 0.000000e+00 0.000000e+00
4.712000e+02 0.000000e+00 0.000000e+00 0.000000e+00
4.722000e+02 0.000000e+00 0.000000e+00 0.000000e+00
4.732000e+02 0.000000e+00 0.000000e+00 0.000000e+00
4.742000e+02 0.000000e+00 0.000000e+00 0.000000e+00
4.752000e+02 0.000000e+00 0.000000e+00 0.000000e+00
4.762000e+02 0.000000e+00 0.000000e+00 0.000000e+00
4.772000e+02 0.000000e+00 0.000000e+00 0.000000e+00
4.782000e+02 0.000000e+00 0.000000e+00 0.000000e+00
4.792000e+02 0.000000e+00 0.000000e+00 0.000000e+00
4.802000e+02 0.000000e+00 0.000000e+00 0.000000e+00
4.812000e+02 0.000000e+00 0.000000e+00 0.000000e+00
4.822000e+02 0.000000e+00 0.000000e+00 0.000000e+00
4.832000e+02 0.000000e+00 0.000000e+00 0.000000e+00
4.842000e+02 0.000000e+00 0.000000e+00 0.000000e+00
4.852000e+02 0.000000e+00 0.000000e+00 0.000000e+00
4.862000e+02 0.000000e+00 0.000000e+00 0.000000e+00
4.872000e+02 0.000000e+00 0.000000e+00 0.000000e+00
4.882000e+02 0.000000e+00 0.000000e+00 0.000000e+00
4.892000e+02 0.000000e+00 0.000000e+00 0.000000e+00
4.902000e+02 0.000000e+00 0.000000e+00 0.000000e+00
4.912000e+02 0.000000e+00 0.000000e+00 0.000000e+00
4.922000e+02 0.000000e+00 0.000000e+00 0.000000e+00
4.932000e+02 0.000000e+00 0.000000e+00 0.000000e+00
4.942000e+02 0.000000e+00 0.000000e+00 0.000000e+00
4.952000e+02 0.000000e+00 0.000000e+00 0.000000e+00
4.962000e+02 0.000000e+00 0.000000e+00 0.000000e+00
4.972000e+02 0.000000e+00 0.000000e+00 0.000000e+00
4.982000e+02 0.000000e+00 0.000000e+00 0.000000e+00
4.992000e+02 0.000000e+00 0.000000e+00 0.000000e+00
5.002000e+02 0.000000e+00 0.000000e+00 0.000000e+00
5.012000e+02 0.000000e+00 0.000000e+00 0.000000e+00
5.022000e+02 0.000000e+00 0.000000e+00 0.000000e+00
5.032000e+02 0.000000e+00 0.000000e+00 0.000000e+00
5.042000e+02 0.000000e+00 0.000000e+00 0.000000e+00
5.052000e+02 0.000000e+00 0.000000e+00 0.000000e+00
5.062000e+02 0.000000e+00 0.000000e+00 0.000000e+00
5.072000e+02 0.000000e+00 0.000000e+00 0.000000e+00
5.082000e+02 0.000000e+00 0.000000e+00 0.000000e+00
5.092000e+02 0.000000e+00 0.000000e+00 0.000000e+00
5.102000e+02 0.000000e+00 0.000000e+00 0.000000e+00
5.112000e+02 0.000000e+00 0.000000e+00 0.000000e+00
5.122000e+02 0.000000e+00 0.000000e+00 0.000000e+00
5.132000e+02 0.000000e+00 0.000000e+00 0.000000e+00
5.142000e+02 0.000000e+00 0.000000e+00 0.000000e+00
5.152000e+02 0.000000e+00 0.000000e+00 0.000000e+00
5.162000e+02 0.000000e+00 0.000000e+00 0.000000e+00
5.172000e+02 0.000000e+00 0.000000e+00 0.000000e+00
5.182000e+02 0.000000e+00 0.000000e+00 0.000000e+00
5.192000e+02 0.000000e+00 0.000000e+00 0.000000e+00
5.202000e+02 0.000000e+00 0.000000e+00 0.000000e+00
5.212000e+02 0.000000e+00 0.000000e+00 0.000000e+00
5.222000e+02 0.000000e+00 0.000000e+00 0.000000e+00
5.232000e+02 0.000000e+00 0.000000e+00 0.000000e+00
5.242000e+02 0.000000e+00 0.000000e+00 0.000000e+00
5.252000e+02 0.000000e+00 0.000000e+00 0.000000e+00
5.262000e+02 0.000000e+00 0.000000e+00 0.000000e+00
5.272000e+02 0.000000e+00 0.000000e+00 0.000000e+00
5.282000e+02 0.000000e+00 0.000000e+00 0.000000e+00
5.292000e+02 0.000000e+00 0.000000e+00 0.000000e+00
5.302000e+02 0.000000e+00 0.000000e+00 0.000000e+00
5.312000e+02 0.000000e+00 0.000000e+00 0.000000e+00
5.322000e+02 0.000000e+00 0.000000e+00 0.000000e+00
5.332000e+02 0.000000e+00 0.000000e+00 0.000000e+00
5.342000e+02 0.000000e+00 0.000000e+00 0.000000e+00
5.352000e+02 0.000000e+00 0.000000e+00 0.000000e+00
5.362000e+02 0.000000e+00 0.000000e+00 0.000000e+00
5.372000e+02 0.000000e+00 0.000000e+00 0.000000e+00
5.382000e+02 0.000000e+00 0.000000e+00 0.000000e+00
5.392000e+02 0.000000e+00 0.000000e+00 0.000000e+00
5.402000e+02 0.000000e+00 0.000000e+00 0.000000e+00
5.412000e+02 0.000000e+00 0.000000e+00 0.000000e+00
5.422000e+02 0.000000e+00 0.000000e+00 0.000000e+00
5.432000e+02 0.000000e+00 0.000000e+00 0.000000e+00
5.442000e+02 0.000000e+00 0.000000e+00 0.000000e+00
5.452000e+02 0.000000e+00 0.000000e+00 0.000000e+00
5.462000e+02 0.000000e+00 0.000000e+00 0.000000e+00
5.472000e+02 0.000000e+00 0.000000e+00 0.000000e+00
5.482000e+02 0.000000e+00 0.000000e+00 0.000000e+00
5.492000e+02 0.000000e+00 0.000000e+00 0.000000e+00
5.502000e+02 0.000000e+00 0.000000e+00 0.000000e+00
5.512000e+02 0.000000e+00 0.000000e+00 0.000000e+00
5.522000e+02 0.000000e+00 0.000000e+00 0.000000e+00
5.532000e+02 0.000000e+00 0.000000e+00 0.000000e+00
5.542000e+02 0.000000e+00 0.000000e+00 0.000000e+00
5.552000e+02 0.000000e+00 0.000000e+00 0.000000e+00
5.562000e+02 0.000000e+00 0.000000e+00 0.000000e+00
5.572000e+02 0.000000e+00 0.000000e+00 0.000000e+00
5.582000e+02 0.000000e+00 0.000000e+00 0.000000e+00
5.592000e+02 0.000000e+00 0.000000e+00 0.000000e+00
5.602000e+02 0.000000e+00 0.000000e+00 0.000000e+00
5.612000e+02 0.000000e+00 0.000000e+00 0.000000e+00
5.622000e+02 0.000000e+00 0.000000e+00 0.000000e+00
5.632000e+02 0.000000e+00 0.000000e+00 0.000000e+00
5.642000e+02 0.000000e+00 0.000000e+00 0.000000e+00
5.652000e+02 0.000000e+00 0.000000e+00 0.000000e+00
5.662000e+02 0.000000e+00 0.000000e+00 0.000000e+00
5.672000e+02 0.000000e+00 0.000000e+00 0.000000e+00
5.682000e+02 0.000000e+00 0.000000e+00 0.000000e+00
5.692000e+02 0.000000e+00 0.000000e+00 0.000000e+00
5.702000e+02 0.000000e+00 0.000000e+00 0.000000e+00
5.712000e+02 0.000000e+00 0.000000e+00 0.000000e+00
5.722000e+02 0.000000e+00 0.000000e+00 0.000000e+00
5.732000e+02 0.000000e+00 0.000000e+00 0.000000e+00
5.742000e+02 0.000000e+00 0.000000e+00 0.000000e+00
5.752000e+02 0.000000e+00 0.000000e+00 0.000000e+00
5.762000e+02 0.000000e+00 0.000000e+00 0.000000e+00
5.772000e+02 0.000000e+00 0.000000e+00 0.000000e+00
5.782000e+02 0.000000e+00 0.000000e+00 0.000000e+00
5.792000e+02 0.000000e+00 0.000000e+00 0.000000e+00
5.802000e+02 0.000000e+00 0.000000e+00 0.000000e+00
5.812000e+02 0.000000e+00 0.000000e+00 0.000000e+00
5.822000e+02 0.000000e+00 0.000000e+00 0.000000e+00
5.832000e+02 0.000000e+00 0.000000e+00 0.000000e+00
5.842000e+02 0.000000e+00 0.000000e+00 0.000000e+00
5.852000e+02 0.000000e+00 0.000000e+00 0.000000e+00
5.862000e+02 0.000000e+00 0.000000e+00 0.000000e+00
5.872000e+02 0.000000e+00 0.000000e+00 0.000000e+00
5.882000e+02 0.000000e+00 0.000000e+00 0.000000e+00
5.892000e+02 0.000000e+00 0.000000e+00 0.000000e+00
5.902000e+02 0.000000e+00 0.000000e+00 0.000000e+00
5.912000e+02 0.000000e+00 0.000000e+00 0.000000e+00
5.922000e+02 0.000000e+00 0.000000e+00 0.000000e+00
5.932000e+02 0.000000e+00 0.000000e+00 0.000000e+00
5.942000e+02 0.000000e+00 0.000000e+00 0.000000e+00
5.952000e+02 0.000000e+00 0.000000e+00 0.000000e+00
5.962000e+02 0.000000e+00 0.000000e+00 0.000000e+00
5.972000e+02 0.000000e+00 0.000000e+00 0.000000e+00
5.982000e+02 0.000000e+00 0.000000e+00 0.000000e+00
5.992000e+02 0.000000e+00 0.000000e+00 0.000000e+00
6.002000e+02 0.000000e+00 0.000000e+00 0.000000e+00
6.012000e+02 0.000000e+00 0.000000e+00 0.000000e+00
6.022000e+02 0.000000e+00 0.000000e+00 0.000000e+00
6.032000e+02 0.000000e+00 0.000000e+00 0.000000e+00
6.042000e+02 0.000000e+00 0.000000e+00 0.000000e+00
6.052000e+02 0.000000e+00 0.000000e+00 0.000000e+00
6.062000e+02 0.000000e+00 0.000000e+00 0.000000e+00
6.072000e+02 0.000000e+00 0.000000e+00 0.000000e+00
6.082000e+02 0.000000e+00 0.000000e+00 0.000000e+00
6.092000e+02 0.000000e+00 0.000000e+00 0.000000e+00
6.102000e+02 0.000000e+00 0.000000e+00 0.000000e+00
6.112000e+02 0.000000e+00 0.000000e+00 0.000000e+00
6.122000e+02 0.000000e+00 0.000000e+00 0.000000e+00
6.132000e+02 0.000000e+00 0.000000e+00 0.000000e+00
6.142000e+02 0.000000e+00 0.000000e+00 0.000000e+00
6.152000e+02 0.000000e+00 0.000000e+00 0.000000e+00
6.162000e+02 0.000000e+00 0.000000e+00 0.000000e+00
6.172000e+02 0.000000e+00 0.000000e+00 0.000000e+00
6.182000e+02 0.000000e+00 0.000000e+00 0.000000e+00
6.192000e+02 0.000000e+00 0.000000e+00 0.000000e+00
6.202000e+02 0.000000e+00 0.000000e+00 0.000000e+00
6.212000e+02 0.000000e+00 0.000000e+00 0.000000e+00
6.222000e+02 0.000000e+00 0.000000e+00 0.000000e+00
6.232000e+02 0.000000e+00 0.000000e+00 0.000000e+00
6.242000e+02 0.000000e+00 0.000000e+00 0.000000e+00
6.252000e+02 0.000000e+00 0.000000e+00 0.000000e+00
6.262000e+02 0.000000e+00 0.000000e+00 0.000000e+00
6.272000e+02 0.000000e+00 0.000000e+00 0.000000e+00
6.282000e+02 0.000000e+00 0.000000e+00 0.000000e+00
6.292000e+02 0.000000e+00 0.000000e+00 0.000000e+00
6.302000e+02 0.000000e+00 0.000000e+00 0.000000e+00
6.312000e+02 0.000000e+00 0.000000e+00 0.000000e+00
6.322000e+02 0.000000e+00 0.000000e+00 0.000000e+00
6.332000e+02 0.000000e+00 0.000000e+00 0.000000e+00
6.342000e+02 0.000000e+00 0.000000e+00 0.000000e+00
6.352000e+02 0.000000e+00 0.000000e+00 0.000000e+00
6.362000e+02 0.000000e+00 0.000000e+00 0.000000e+00
6.372000e+02 0.000000e+00 0.000000e+00 0.000000e+00
6.382000e+02 0.000000e+00 0.000000e+00 0.000000e+00
6.392000e+02 0.000000e+00 0.000000e+00 0.000000e+00
6.402000e+02 0.000000e+00 0.000000e+00 0.000000e+00
6.412000e+02 0.000000e+00 0.000000e+00 0.000000e+00
6.422000e+02 0.000000e+00 0.000000e+00 0.000000e+00
6.432000e+02 0.000000e+00 0.000000e+00 0.000000e+00
6.442000e+02 0.000000e+00 0.000000e+00 0.000000e+00
6.452000e+02 0.000000e+00 0.000000e+00 0.000000e+00
6.462000e+02 0.000000e+00 0.000000e+00 0.000000e+00
6.472000e+02 0.000000e+00 0.000000e+00 0.000000e+00
6.482000e+02 0.000000e+00 0.000000e+00 0.000000e+00
6.492000e+02 0.000000e+00 0.000000e+00 0.000000e+00
6.502000e+02 4.410276e-23 4.410276e-23 0.000000e+00
6.512000e+02 9.534495e-19 9.534495e-19 0.000000e+00
6.522000e+02 8.051739e-17 8.051739e-17 0.000000e+00
6.532000e+02 2.656083e-17 2.656083e-17 0.000000e+00
6.542000e+02 3.422581e-20 3.422581e-20 0.000000e+00
6.552000e+02 1.722764e-25 1.722764e-25 0.000000e+00
