# O3 cross sections
# #photoabsorption   -- Photoabsorption cross section (cm2)
# #photodissociation -- Photodissociation cross section (cm2)
# #photoionisation   -- Photoionisation cross section (cm2)
# #This version has been resampled to a uniform 0.1nm grid while maintaining a constant integrated cross section (using trapezoidal integration).
# #wavelength photoabsorption photodissociation photoionisation
9.120000e+01 1.234152e-17 0.000000e+00 1.234152e-17
9.220000e+01 1.190459e-17 0.000000e+00 1.190459e-17
9.320000e+01 1.109559e-17 7.330265e-20 1.102229e-17
9.420000e+01 1.131449e-17 6.607092e-19 1.065378e-17
9.520000e+01 1.110437e-17 7.582715e-19 1.034610e-17
9.620000e+01 1.055281e-17 1.987008e-18 8.565805e-18
9.720000e+01 1.000125e-17 6.378323e-18 3.622927e-18
9.820000e+01 9.247600e-18 9.247600e-18 0.000000e+00
9.920000e+01 8.489200e-18 8.489200e-18 0.000000e+00
1.002000e+02 9.226000e-18 9.226000e-18 0.000000e+00
1.012000e+02 9.226000e-18 9.226000e-18 0.000000e+00
1.022000e+02 9.226000e-18 9.226000e-18 0.000000e+00
1.032000e+02 9.226000e-18 9.226000e-18 0.000000e+00
1.042000e+02 9.226000e-18 9.226000e-18 0.000000e+00
1.052000e+02 9.226000e-18 9.226000e-18 0.000000e+00
1.062000e+02 9.226000e-18 9.226000e-18 0.000000e+00
1.072000e+02 9.226000e-18 9.226000e-18 0.000000e+00
1.082000e+02 9.226000e-18 9.226000e-18 0.000000e+00
1.092000e+02 9.396154e-18 9.396154e-18 0.000000e+00
1.102000e+02 9.639231e-18 9.639231e-18 0.000000e+00
1.112000e+02 1.120000e-17 1.120000e-17 0.000000e+00
1.122000e+02 1.390000e-17 1.390000e-17 0.000000e+00
1.132000e+02 1.202308e-17 1.202308e-17 0.000000e+00
1.142000e+02 8.885714e-18 8.885714e-18 0.000000e+00
1.152000e+02 5.460377e-18 5.460377e-18 0.000000e+00
1.162000e+02 5.500000e-18 5.500000e-18 0.000000e+00
1.172000e+02 8.200000e-18 8.200000e-18 0.000000e+00
1.182000e+02 8.442105e-18 8.442105e-18 0.000000e+00
1.192000e+02 1.048596e-17 1.048596e-17 0.000000e+00
1.202000e+02 1.858000e-17 1.858000e-17 0.000000e+00
1.212000e+02 2.545085e-17 2.545085e-17 0.000000e+00
1.222000e+02 2.700833e-17 2.700833e-17 0.000000e+00
1.232000e+02 2.101351e-17 2.101351e-17 0.000000e+00
1.242000e+02 1.032698e-17 1.032698e-17 0.000000e+00
1.252000e+02 6.358730e-18 6.358730e-18 0.000000e+00
1.262000e+02 5.171429e-18 5.171429e-18 0.000000e+00
1.272000e+02 4.889831e-18 4.889831e-18 0.000000e+00
1.282000e+02 5.549462e-18 5.549462e-18 0.000000e+00
1.292000e+02 6.334328e-18 6.334328e-18 0.000000e+00
1.302000e+02 1.122708e-17 1.122708e-17 0.000000e+00
1.312000e+02 1.220000e-17 1.220000e-17 0.000000e+00
1.322000e+02 1.325714e-17 1.325714e-17 0.000000e+00
1.332000e+02 1.467209e-17 1.467209e-17 0.000000e+00
1.342000e+02 1.571111e-17 1.571111e-17 0.000000e+00
1.352000e+02 1.403288e-17 1.403288e-17 0.000000e+00
1.362000e+02 1.158674e-17 1.158674e-17 0.000000e+00
1.372000e+02 7.553591e-18 7.553591e-18 0.000000e+00
1.382000e+02 5.414118e-18 5.414118e-18 0.000000e+00
1.392000e+02 4.590588e-18 4.590588e-18 0.000000e+00
1.402000e+02 4.334572e-18 4.334572e-18 0.000000e+00
1.412000e+02 4.148699e-18 4.148699e-18 0.000000e+00
1.422000e+02 3.961538e-18 3.961538e-18 0.000000e+00
1.432000e+02 3.769231e-18 3.769231e-18 0.000000e+00
1.442000e+02 3.576923e-18 3.576923e-18 0.000000e+00
1.452000e+02 3.384615e-18 3.384615e-18 0.000000e+00
1.462000e+02 3.192308e-18 3.192308e-18 0.000000e+00
1.472000e+02 3.000000e-18 3.000000e-18 0.000000e+00
1.482000e+02 2.807692e-18 2.807692e-18 0.000000e+00
1.492000e+02 2.615385e-18 2.615385e-18 0.000000e+00
1.502000e+02 2.423077e-18 2.423077e-18 0.000000e+00
1.512000e+02 2.230769e-18 2.230769e-18 0.000000e+00
1.522000e+02 2.038462e-18 2.038462e-18 0.000000e+00
1.532000e+02 1.846154e-18 1.846154e-18 0.000000e+00
1.542000e+02 1.653846e-18 1.653846e-18 0.000000e+00
1.552000e+02 1.494118e-18 1.494118e-18 0.000000e+00
1.562000e+02 1.464706e-18 1.464706e-18 0.000000e+00
1.572000e+02 1.435294e-18 1.435294e-18 0.000000e+00
1.582000e+02 1.405882e-18 1.405882e-18 0.000000e+00
1.592000e+02 1.376471e-18 1.376471e-18 0.000000e+00
1.602000e+02 1.347059e-18 1.347059e-18 0.000000e+00
1.612000e+02 1.317647e-18 1.317647e-18 0.000000e+00
1.622000e+02 1.288235e-18 1.288235e-18 0.000000e+00
1.632000e+02 1.258824e-18 1.258824e-18 0.000000e+00
1.642000e+02 1.229412e-18 1.229412e-18 0.000000e+00
1.652000e+02 1.200000e-18 1.200000e-18 0.000000e+00
1.662000e+02 1.170588e-18 1.170588e-18 0.000000e+00
1.672000e+02 1.141176e-18 1.141176e-18 0.000000e+00
1.682000e+02 1.111765e-18 1.111765e-18 0.000000e+00
1.692000e+02 1.082353e-18 1.082353e-18 0.000000e+00
1.702000e+02 1.052941e-18 1.052941e-18 0.000000e+00
1.712000e+02 1.023529e-18 1.023529e-18 0.000000e+00
1.722000e+02 9.751304e-19 9.751304e-19 0.000000e+00
1.732000e+02 8.564333e-19 8.564333e-19 0.000000e+00
1.742000e+02 8.451000e-19 8.451000e-19 0.000000e+00
1.752000e+02 8.297097e-19 8.297097e-19 0.000000e+00
1.762000e+02 8.110000e-19 8.110000e-19 0.000000e+00
1.772000e+02 8.035000e-19 8.035000e-19 0.000000e+00
1.782000e+02 7.957500e-19 7.957500e-19 0.000000e+00
1.792000e+02 7.876250e-19 7.876250e-19 0.000000e+00
1.802000e+02 7.745000e-19 7.745000e-19 0.000000e+00
1.812000e+02 7.588788e-19 7.588788e-19 0.000000e+00
1.822000e+02 7.382727e-19 7.382727e-19 0.000000e+00
1.832000e+02 7.157353e-19 7.157353e-19 0.000000e+00
1.842000e+02 6.916176e-19 6.916176e-19 0.000000e+00
1.852000e+02 6.640000e-19 6.640000e-19 0.000000e+00
1.862000e+02 6.355429e-19 6.355429e-19 0.000000e+00
1.872000e+02 6.058286e-19 6.058286e-19 0.000000e+00
1.882000e+02 5.753333e-19 5.753333e-19 0.000000e+00
1.892000e+02 5.436667e-19 5.436667e-19 0.000000e+00
1.902000e+02 5.140000e-19 5.140000e-19 0.000000e+00
1.912000e+02 4.856667e-19 4.856667e-19 0.000000e+00
1.922000e+02 4.618378e-19 4.618378e-19 0.000000e+00
1.932000e+02 4.391351e-19 4.391351e-19 0.000000e+00
1.942000e+02 4.245000e-19 4.245000e-19 0.000000e+00
1.952000e+02 4.098947e-19 4.098947e-19 0.000000e+00
1.962000e+02 3.877895e-19 3.877895e-19 0.000000e+00
1.972000e+02 3.660000e-19 3.660000e-19 0.000000e+00
1.982000e+02 3.460000e-19 3.460000e-19 0.000000e+00
1.992000e+02 3.296000e-19 3.296000e-19 0.000000e+00
2.002000e+02 3.276000e-19 3.276000e-19 0.000000e+00
2.012000e+02 3.260000e-19 3.260000e-19 0.000000e+00
2.022000e+02 3.260000e-19 3.260000e-19 0.000000e+00
2.032000e+02 3.277857e-19 3.277857e-19 0.000000e+00
2.042000e+02 3.396905e-19 3.396905e-19 0.000000e+00
2.052000e+02 3.524286e-19 3.524286e-19 0.000000e+00
2.062000e+02 3.810000e-19 3.810000e-19 0.000000e+00
2.072000e+02 4.095714e-19 4.095714e-19 0.000000e+00
2.082000e+02 4.426667e-19 4.426667e-19 0.000000e+00
2.092000e+02 4.760000e-19 4.760000e-19 0.000000e+00
2.102000e+02 5.328326e-19 5.328326e-19 0.000000e+00
2.112000e+02 5.970860e-19 5.970860e-19 0.000000e+00
2.122000e+02 7.013491e-19 7.013491e-19 0.000000e+00
2.132000e+02 8.383473e-19 8.383473e-19 0.000000e+00
2.142000e+02 9.128686e-19 9.128686e-19 0.000000e+00
2.152000e+02 1.037389e-18 1.037389e-18 0.000000e+00
2.162000e+02 1.166586e-18 1.166586e-18 0.000000e+00
2.172000e+02 1.323640e-18 1.323640e-18 0.000000e+00
2.182000e+02 1.473642e-18 1.473642e-18 0.000000e+00
2.192000e+02 1.650784e-18 1.650784e-18 0.000000e+00
2.202000e+02 1.830440e-18 1.830440e-18 0.000000e+00
2.212000e+02 2.032781e-18 2.032781e-18 0.000000e+00
2.222000e+02 2.255383e-18 2.255383e-18 0.000000e+00
2.232000e+02 2.480969e-18 2.480969e-18 0.000000e+00
2.242000e+02 2.748902e-18 2.748902e-18 0.000000e+00
2.252000e+02 3.001367e-18 3.001367e-18 0.000000e+00
2.262000e+02 3.299868e-18 3.299868e-18 0.000000e+00
2.272000e+02 3.589790e-18 3.589790e-18 0.000000e+00
2.282000e+02 3.904518e-18 3.904518e-18 0.000000e+00
2.292000e+02 4.243355e-18 4.243355e-18 0.000000e+00
2.302000e+02 4.560950e-18 4.560950e-18 0.000000e+00
2.312000e+02 4.936553e-18 4.936553e-18 0.000000e+00
2.322000e+02 5.292849e-18 5.292849e-18 0.000000e+00
2.332000e+02 5.681226e-18 5.681226e-18 0.000000e+00
2.342000e+02 6.027695e-18 6.027695e-18 0.000000e+00
2.352000e+02 6.392191e-18 6.392191e-18 0.000000e+00
2.362000e+02 6.841192e-18 6.841192e-18 0.000000e+00
2.372000e+02 7.201932e-18 7.201932e-18 0.000000e+00
2.382000e+02 7.596562e-18 7.596562e-18 0.000000e+00
2.392000e+02 7.910446e-18 7.910446e-18 0.000000e+00
2.402000e+02 8.354789e-18 8.354789e-18 0.000000e+00
2.412000e+02 8.651961e-18 8.651961e-18 0.000000e+00
2.422000e+02 9.017213e-18 9.017213e-18 0.000000e+00
2.432000e+02 9.400457e-18 9.400457e-18 0.000000e+00
2.442000e+02 9.678329e-18 9.678329e-18 0.000000e+00
2.452000e+02 1.003011e-17 1.003011e-17 0.000000e+00
2.462000e+02 1.021879e-17 1.021879e-17 0.000000e+00
2.472000e+02 1.049554e-17 1.049554e-17 0.000000e+00
2.482000e+02 1.060563e-17 1.060563e-17 0.000000e+00
2.492000e+02 1.098255e-17 1.098255e-17 0.000000e+00
2.502000e+02 1.109524e-17 1.109524e-17 0.000000e+00
2.512000e+02 1.105890e-17 1.105890e-17 0.000000e+00
2.522000e+02 1.133836e-17 1.133836e-17 0.000000e+00
2.532000e+02 1.130651e-17 1.130651e-17 0.000000e+00
2.542000e+02 1.135373e-17 1.135373e-17 0.000000e+00
2.552000e+02 1.156811e-17 1.156811e-17 0.000000e+00
2.562000e+02 1.128548e-17 1.128548e-17 0.000000e+00
2.572000e+02 1.123063e-17 1.123063e-17 0.000000e+00
2.582000e+02 1.114814e-17 1.114814e-17 0.000000e+00
2.592000e+02 1.106546e-17 1.106546e-17 0.000000e+00
2.602000e+02 1.074659e-17 1.074659e-17 0.000000e+00
2.612000e+02 1.064106e-17 1.064106e-17 0.000000e+00
2.622000e+02 1.045447e-17 1.045447e-17 0.000000e+00
2.632000e+02 9.944567e-18 9.944567e-18 0.000000e+00
2.642000e+02 1.003711e-17 1.003711e-17 0.000000e+00
2.652000e+02 9.426765e-18 9.426765e-18 0.000000e+00
2.662000e+02 9.279678e-18 9.279678e-18 0.000000e+00
2.672000e+02 8.751604e-18 8.751604e-18 0.000000e+00
2.682000e+02 8.494555e-18 8.494555e-18 0.000000e+00
2.692000e+02 8.012808e-18 8.012808e-18 0.000000e+00
2.702000e+02 7.843070e-18 7.843070e-18 0.000000e+00
2.712000e+02 7.293208e-18 7.293208e-18 0.000000e+00
2.722000e+02 7.036233e-18 7.036233e-18 0.000000e+00
2.732000e+02 6.666122e-18 6.666122e-18 0.000000e+00
2.742000e+02 5.992324e-18 5.992324e-18 0.000000e+00
2.752000e+02 5.831793e-18 5.831793e-18 0.000000e+00
2.762000e+02 5.416124e-18 5.416124e-18 0.000000e+00
2.772000e+02 5.020803e-18 5.020803e-18 0.000000e+00
2.782000e+02 4.601810e-18 4.601810e-18 0.000000e+00
2.792000e+02 4.255183e-18 4.255183e-18 0.000000e+00
2.802000e+02 3.920330e-18 3.920330e-18 0.000000e+00
2.812000e+02 3.607130e-18 3.607130e-18 0.000000e+00
2.822000e+02 3.240194e-18 3.240194e-18 0.000000e+00
2.832000e+02 3.019485e-18 3.019485e-18 0.000000e+00
2.842000e+02 2.623925e-18 2.623925e-18 0.000000e+00
2.852000e+02 2.397403e-18 2.397403e-18 0.000000e+00
2.862000e+02 2.197618e-18 2.197618e-18 0.000000e+00
2.872000e+02 1.962494e-18 1.962494e-18 0.000000e+00
2.882000e+02 1.696306e-18 1.696306e-18 0.000000e+00
2.892000e+02 1.525316e-18 1.525316e-18 0.000000e+00
2.902000e+02 1.351127e-18 1.351127e-18 0.000000e+00
2.912000e+02 1.206067e-18 1.206067e-18 0.000000e+00
2.922000e+02 1.031749e-18 1.031749e-18 0.000000e+00
2.932000e+02 9.195624e-19 9.195624e-19 0.000000e+00
2.942000e+02 7.940041e-19 7.940041e-19 0.000000e+00
2.952000e+02 6.908672e-19 6.908672e-19 0.000000e+00
2.962000e+02 5.879398e-19 5.879398e-19 0.000000e+00
2.972000e+02 5.209200e-19 5.209200e-19 0.000000e+00
2.982000e+02 4.471845e-19 4.471845e-19 0.000000e+00
2.992000e+02 3.935674e-19 3.935674e-19 0.000000e+00
3.002000e+02 3.373625e-19 3.373625e-19 0.000000e+00
3.012000e+02 2.867207e-19 2.867207e-19 0.000000e+00
3.022000e+02 2.588549e-19 2.588549e-19 0.000000e+00
3.032000e+02 2.140030e-19 2.140030e-19 0.000000e+00
3.042000e+02 1.995335e-19 1.995335e-19 0.000000e+00
3.052000e+02 1.602954e-19 1.602954e-19 0.000000e+00
3.062000e+02 1.492219e-19 1.492219e-19 0.000000e+00
3.072000e+02 1.222743e-19 1.222743e-19 0.000000e+00
3.082000e+02 1.129579e-19 1.129579e-19 0.000000e+00
3.092000e+02 9.937395e-20 9.937395e-20 0.000000e+00
3.102000e+02 8.151671e-20 8.151671e-20 0.000000e+00
3.112000e+02 7.294665e-20 7.294665e-20 0.000000e+00
3.122000e+02 6.046068e-20 6.046068e-20 0.000000e+00
3.132000e+02 5.263253e-20 5.263253e-20 0.000000e+00
3.142000e+02 4.641405e-20 4.641405e-20 0.000000e+00
3.152000e+02 3.771445e-20 3.771445e-20 0.000000e+00
3.162000e+02 3.364466e-20 3.364466e-20 0.000000e+00
3.172000e+02 3.193998e-20 3.193998e-20 0.000000e+00
3.182000e+02 2.718364e-20 2.718364e-20 0.000000e+00
3.192000e+02 1.745960e-20 1.745960e-20 0.000000e+00
3.202000e+02 2.536943e-20 2.536943e-20 0.000000e+00
3.212000e+02 1.124738e-20 1.124738e-20 0.000000e+00
3.222000e+02 2.100811e-20 2.100811e-20 0.000000e+00
3.232000e+02 1.146913e-20 1.146913e-20 0.000000e+00
3.242000e+02 8.036371e-21 8.036371e-21 0.000000e+00
3.252000e+02 1.239869e-20 1.239869e-20 0.000000e+00
3.262000e+02 5.467514e-21 5.467514e-21 0.000000e+00
3.272000e+02 6.760850e-21 6.760850e-21 0.000000e+00
3.282000e+02 9.953328e-21 9.953328e-21 0.000000e+00
3.292000e+02 2.360591e-21 2.360591e-21 0.000000e+00
3.302000e+02 3.490874e-21 3.490874e-21 0.000000e+00
3.312000e+02 6.945810e-21 6.945810e-21 0.000000e+00
3.322000e+02 1.672970e-21 1.672970e-21 0.000000e+00
3.332000e+02 1.889399e-21 1.889399e-21 0.000000e+00
3.342000e+02 2.997279e-21 2.997279e-21 0.000000e+00
3.352000e+02 8.576462e-22 8.576462e-22 0.000000e+00
3.362000e+02 7.227711e-22 7.227711e-22 0.000000e+00
3.372000e+02 3.034772e-21 3.034772e-21 0.000000e+00
3.382000e+02 9.426808e-22 9.426808e-22 0.000000e+00
3.392000e+02 3.805543e-22 3.805543e-22 0.000000e+00
3.402000e+02 1.625239e-21 1.625239e-21 0.000000e+00
3.412000e+02 4.137163e-22 4.137163e-22 0.000000e+00
3.422000e+02 1.813104e-22 1.813104e-22 0.000000e+00
3.432000e+02 3.678868e-22 3.678868e-22 0.000000e+00
3.442000e+02 1.167927e-21 1.167927e-21 0.000000e+00
3.452000e+02 2.519507e-22 2.519507e-22 0.000000e+00
3.462000e+02 1.001735e-22 1.001735e-22 0.000000e+00
3.472000e+02 3.526576e-22 3.526576e-22 0.000000e+00
3.482000e+02 1.072250e-22 1.072250e-22 0.000000e+00
3.492000e+02 3.407932e-23 3.407932e-23 0.000000e+00
3.502000e+02 4.229818e-23 4.229818e-23 0.000000e+00
3.512000e+02 1.474582e-22 1.474582e-22 0.000000e+00
3.522000e+02 1.408756e-22 1.408756e-22 0.000000e+00
3.532000e+02 3.955783e-23 3.955783e-23 0.000000e+00
3.542000e+02 1.640126e-23 1.640126e-23 0.000000e+00
3.552000e+02 4.060957e-23 4.060957e-23 0.000000e+00
3.562000e+02 1.547222e-23 1.547222e-23 0.000000e+00
3.572000e+02 1.351211e-23 1.351211e-23 0.000000e+00
3.582000e+02 7.568259e-24 7.568259e-24 0.000000e+00
3.592000e+02 1.999453e-23 1.999453e-23 0.000000e+00
3.602000e+02 2.649669e-23 2.649669e-23 0.000000e+00
3.612000e+02 9.047715e-24 9.047715e-24 0.000000e+00
3.622000e+02 4.029965e-24 4.029965e-24 0.000000e+00
3.632000e+02 2.972450e-24 2.972450e-24 0.000000e+00
3.642000e+02 3.174632e-24 3.174632e-24 0.000000e+00
3.652000e+02 3.678034e-24 3.678034e-24 0.000000e+00
3.662000e+02 1.814350e-24 1.814350e-24 0.000000e+00
3.672000e+02 1.134599e-24 1.134599e-24 0.000000e+00
3.682000e+02 2.959681e-24 2.959681e-24 0.000000e+00
3.692000e+02 3.696025e-24 3.696025e-24 0.000000e+00
3.702000e+02 1.882744e-24 1.882744e-24 0.000000e+00
3.712000e+02 6.896033e-25 6.896033e-25 0.000000e+00
3.722000e+02 1.874929e-25 1.874929e-25 0.000000e+00
3.732000e+02 4.091000e-25 4.091000e-25 0.000000e+00
3.742000e+02 1.612323e-24 1.612323e-24 0.000000e+00
3.752000e+02 5.077456e-25 5.077456e-25 0.000000e+00
3.762000e+02 3.986091e-25 3.986091e-25 0.000000e+00
3.772000e+02 9.332763e-25 9.332763e-25 0.000000e+00
3.782000e+02 1.264176e-24 1.264176e-24 0.000000e+00
3.792000e+02 7.438735e-25 7.438735e-25 0.000000e+00
3.802000e+02 1.139419e-24 1.139419e-24 0.000000e+00
3.812000e+02 1.042403e-24 1.042403e-24 0.000000e+00
3.822000e+02 1.000000e-26 1.000000e-26 0.000000e+00
3.832000e+02 1.172300e-24 1.172300e-24 0.000000e+00
3.842000e+02 1.667473e-24 1.667473e-24 0.000000e+00
3.852000e+02 1.175885e-24 1.175885e-24 0.000000e+00
3.862000e+02 1.789693e-24 1.789693e-24 0.000000e+00
3.872000e+02 1.582412e-24 1.582412e-24 0.000000e+00
3.882000e+02 1.943205e-24 1.943205e-24 0.000000e+00
3.892000e+02 1.115375e-24 1.115375e-24 0.000000e+00
3.902000e+02 1.743794e-24 1.743794e-24 0.000000e+00
3.912000e+02 1.751017e-24 1.751017e-24 0.000000e+00
3.922000e+02 2.987584e-24 2.987584e-24 0.000000e+00
3.932000e+02 3.382794e-24 3.382794e-24 0.000000e+00
3.942000e+02 4.437741e-24 4.437741e-24 0.000000e+00
3.952000e+02 5.341030e-24 5.341030e-24 0.000000e+00
3.962000e+02 5.641573e-24 5.641573e-24 0.000000e+00
3.972000e+02 5.662761e-24 5.662761e-24 0.000000e+00
3.982000e+02 5.057487e-24 5.057487e-24 0.000000e+00
3.992000e+02 5.778928e-24 5.778928e-24 0.000000e+00
4.002000e+02 6.100597e-24 6.100597e-24 0.000000e+00
4.012000e+02 7.526753e-24 7.526753e-24 0.000000e+00
4.022000e+02 8.542308e-24 8.542308e-24 0.000000e+00
4.032000e+02 8.527852e-24 8.527852e-24 0.000000e+00
4.042000e+02 7.701432e-24 7.701432e-24 0.000000e+00
4.052000e+02 7.355036e-24 7.355036e-24 0.000000e+00
4.062000e+02 8.663078e-24 8.663078e-24 0.000000e+00
4.072000e+02 1.215104e-23 1.215104e-23 0.000000e+00
4.082000e+02 1.631386e-23 1.631386e-23 0.000000e+00
4.092000e+02 1.883808e-23 1.883808e-23 0.000000e+00
4.102000e+02 1.972454e-23 1.972454e-23 0.000000e+00
4.112000e+02 1.874487e-23 1.874487e-23 0.000000e+00
4.122000e+02 1.604215e-23 1.604215e-23 0.000000e+00
4.132000e+02 1.447962e-23 1.447962e-23 0.000000e+00
4.142000e+02 1.521242e-23 1.521242e-23 0.000000e+00
4.152000e+02 1.897195e-23 1.897195e-23 0.000000e+00
4.162000e+02 2.342455e-23 2.342455e-23 0.000000e+00
4.172000e+02 2.624065e-23 2.624065e-23 0.000000e+00
4.182000e+02 2.645527e-23 2.645527e-23 0.000000e+00
4.192000e+02 2.527895e-23 2.527895e-23 0.000000e+00
4.202000e+02 2.506447e-23 2.506447e-23 0.000000e+00
4.212000e+02 2.842614e-23 2.842614e-23 0.000000e+00
4.222000e+02 3.586800e-23 3.586800e-23 0.000000e+00
4.232000e+02 4.526554e-23 4.526554e-23 0.000000e+00
4.242000e+02 5.495210e-23 5.495210e-23 0.000000e+00
4.252000e+02 6.122739e-23 6.122739e-23 0.000000e+00
4.262000e+02 6.124189e-23 6.124189e-23 0.000000e+00
4.272000e+02 5.729117e-23 5.729117e-23 0.000000e+00
4.282000e+02 5.152709e-23 5.152709e-23 0.000000e+00
4.292000e+02 4.794079e-23 4.794079e-23 0.000000e+00
4.302000e+02 4.985288e-23 4.985288e-23 0.000000e+00
4.312000e+02 5.841528e-23 5.841528e-23 0.000000e+00
4.322000e+02 6.850010e-23 6.850010e-23 0.000000e+00
4.332000e+02 7.460843e-23 7.460843e-23 0.000000e+00
4.342000e+02 7.414691e-23 7.414691e-23 0.000000e+00
4.352000e+02 7.111511e-23 7.111511e-23 0.000000e+00
4.362000e+02 7.035050e-23 7.035050e-23 0.000000e+00
4.372000e+02 7.626572e-23 7.626572e-23 0.000000e+00
4.382000e+02 9.074735e-23 9.074735e-23 0.000000e+00
4.392000e+02 1.112609e-22 1.112609e-22 0.000000e+00
4.402000e+02 1.329392e-22 1.329392e-22 0.000000e+00
4.412000e+02 1.500880e-22 1.500880e-22 0.000000e+00
4.422000e+02 1.642153e-22 1.642153e-22 0.000000e+00
4.432000e+02 1.685268e-22 1.685268e-22 0.000000e+00
4.442000e+02 1.631058e-22 1.631058e-22 0.000000e+00
4.452000e+02 1.478293e-22 1.478293e-22 0.000000e+00
4.462000e+02 1.355855e-22 1.355855e-22 0.000000e+00
4.472000e+02 1.350436e-22 1.350436e-22 0.000000e+00
4.482000e+02 1.454721e-22 1.454721e-22 0.000000e+00
4.492000e+02 1.654733e-22 1.654733e-22 0.000000e+00
4.502000e+02 1.829205e-22 1.829205e-22 0.000000e+00
4.512000e+02 1.889946e-22 1.889946e-22 0.000000e+00
4.522000e+02 1.864990e-22 1.864990e-22 0.000000e+00
4.532000e+02 1.787033e-22 1.787033e-22 0.000000e+00
4.542000e+02 1.784129e-22 1.784129e-22 0.000000e+00
4.552000e+02 1.913618e-22 1.913618e-22 0.000000e+00
4.562000e+02 2.184928e-22 2.184928e-22 0.000000e+00
4.572000e+02 2.534625e-22 2.534625e-22 0.000000e+00
4.582000e+02 2.906390e-22 2.906390e-22 0.000000e+00
4.592000e+02 3.326162e-22 3.326162e-22 0.000000e+00
4.602000e+02 3.675280e-22 3.675280e-22 0.000000e+00
4.612000e+02 3.910271e-22 3.910271e-22 0.000000e+00
4.622000e+02 3.913662e-22 3.913662e-22 0.000000e+00
4.632000e+02 3.704716e-22 3.704716e-22 0.000000e+00
4.642000e+02 3.414383e-22 3.414383e-22 0.000000e+00
4.652000e+02 3.185331e-22 3.185331e-22 0.000000e+00
4.662000e+02 3.096909e-22 3.096909e-22 0.000000e+00
4.672000e+02 3.231787e-22 3.231787e-22 0.000000e+00
4.682000e+02 3.512547e-22 3.512547e-22 0.000000e+00
4.692000e+02 3.791373e-22 3.791373e-22 0.000000e+00
4.702000e+02 3.931450e-22 3.931450e-22 0.000000e+00
4.712000e+02 3.948692e-22 3.948692e-22 0.000000e+00
4.722000e+02 3.912565e-22 3.912565e-22 0.000000e+00
4.732000e+02 3.927316e-22 3.927316e-22 0.000000e+00
4.742000e+02 4.065337e-22 4.065337e-22 0.000000e+00
4.752000e+02 4.369259e-22 4.369259e-22 0.000000e+00
4.762000e+02 4.853252e-22 4.853252e-22 0.000000e+00
4.772000e+02 5.471527e-22 5.471527e-22 0.000000e+00
4.782000e+02 6.140244e-22 6.140244e-22 0.000000e+00
4.792000e+02 6.829301e-22 6.829301e-22 0.000000e+00
4.802000e+02 7.475845e-22 7.475845e-22 0.000000e+00
4.812000e+02 8.015817e-22 8.015817e-22 0.000000e+00
4.822000e+02 8.275875e-22 8.275875e-22 0.000000e+00
4.832000e+02 8.205344e-22 8.205344e-22 0.000000e+00
4.842000e+02 7.897102e-22 7.897102e-22 0.000000e+00
4.852000e+02 7.494718e-22 7.494718e-22 0.000000e+00
4.862000e+02 7.173223e-22 7.173223e-22 0.000000e+00
4.872000e+02 7.035806e-22 7.035806e-22 0.000000e+00
4.882000e+02 7.144388e-22 7.144388e-22 0.000000e+00
4.892000e+02 7.440794e-22 7.440794e-22 0.000000e+00
4.902000e+02 7.800273e-22 7.800273e-22 0.000000e+00
4.912000e+02 8.075622e-22 8.075622e-22 0.000000e+00
4.922000e+02 8.220078e-22 8.220078e-22 0.000000e+00
4.932000e+02 8.277768e-22 8.277768e-22 0.000000e+00
4.942000e+02 8.334529e-22 8.334529e-22 0.000000e+00
4.952000e+02 8.474316e-22 8.474316e-22 0.000000e+00
4.962000e+02 8.788540e-22 8.788540e-22 0.000000e+00
4.972000e+02 9.304367e-22 9.304367e-22 0.000000e+00
4.982000e+02 1.000878e-21 1.000878e-21 0.000000e+00
4.992000e+02 1.085221e-21 1.085221e-21 0.000000e+00
5.002000e+02 1.180349e-21 1.180349e-21 0.000000e+00
5.012000e+02 1.281938e-21 1.281938e-21 0.000000e+00
5.022000e+02 1.383870e-21 1.383870e-21 0.000000e+00
5.032000e+02 1.473581e-21 1.473581e-21 0.000000e+00
5.042000e+02 1.542850e-21 1.542850e-21 0.000000e+00
5.052000e+02 1.581617e-21 1.581617e-21 0.000000e+00
5.062000e+02 1.588389e-21 1.588389e-21 0.000000e+00
5.072000e+02 1.569054e-21 1.569054e-21 0.000000e+00
5.082000e+02 1.533340e-21 1.533340e-21 0.000000e+00
5.092000e+02 1.498584e-21 1.498584e-21 0.000000e+00
5.102000e+02 1.475823e-21 1.475823e-21 0.000000e+00
5.112000e+02 1.471579e-21 1.471579e-21 0.000000e+00
5.122000e+02 1.488726e-21 1.488726e-21 0.000000e+00
5.132000e+02 1.521409e-21 1.521409e-21 0.000000e+00
5.142000e+02 1.560955e-21 1.560955e-21 0.000000e+00
5.152000e+02 1.600010e-21 1.600010e-21 0.000000e+00
5.162000e+02 1.634042e-21 1.634042e-21 0.000000e+00
5.172000e+02 1.665223e-21 1.665223e-21 0.000000e+00
5.182000e+02 1.692999e-21 1.692999e-21 0.000000e+00
5.192000e+02 1.725555e-21 1.725555e-21 0.000000e+00
5.202000e+02 1.764339e-21 1.764339e-21 0.000000e+00
5.212000e+02 1.813182e-21 1.813182e-21 0.000000e+00
5.222000e+02 1.876381e-21 1.876381e-21 0.000000e+00
5.232000e+02 1.952877e-21 1.952877e-21 0.000000e+00
5.242000e+02 2.040372e-21 2.040372e-21 0.000000e+00
5.252000e+02 2.136715e-21 2.136715e-21 0.000000e+00
5.262000e+02 2.236549e-21 2.236549e-21 0.000000e+00
5.272000e+02 2.338648e-21 2.338648e-21 0.000000e+00
5.282000e+02 2.437883e-21 2.437883e-21 0.000000e+00
5.292000e+02 2.531315e-21 2.531315e-21 0.000000e+00
5.302000e+02 2.613356e-21 2.613356e-21 0.000000e+00
5.312000e+02 2.680884e-21 2.680884e-21 0.000000e+00
5.322000e+02 2.731761e-21 2.731761e-21 0.000000e+00
5.332000e+02 2.762041e-21 2.762041e-21 0.000000e+00
5.342000e+02 2.772168e-21 2.772168e-21 0.000000e+00
5.352000e+02 2.767981e-21 2.767981e-21 0.000000e+00
5.362000e+02 2.758492e-21 2.758492e-21 0.000000e+00
5.372000e+02 2.755332e-21 2.755332e-21 0.000000e+00
5.382000e+02 2.764875e-21 2.764875e-21 0.000000e+00
5.392000e+02 2.794087e-21 2.794087e-21 0.000000e+00
5.402000e+02 2.840525e-21 2.840525e-21 0.000000e+00
5.412000e+02 2.898184e-21 2.898184e-21 0.000000e+00
5.422000e+02 2.960494e-21 2.960494e-21 0.000000e+00
5.432000e+02 3.021371e-21 3.021371e-21 0.000000e+00
5.442000e+02 3.077092e-21 3.077092e-21 0.000000e+00
5.452000e+02 3.124248e-21 3.124248e-21 0.000000e+00
5.462000e+02 3.162463e-21 3.162463e-21 0.000000e+00
5.472000e+02 3.194848e-21 3.194848e-21 0.000000e+00
5.482000e+02 3.223886e-21 3.223886e-21 0.000000e+00
5.492000e+02 3.250219e-21 3.250219e-21 0.000000e+00
5.502000e+02 3.277980e-21 3.277980e-21 0.000000e+00
5.512000e+02 3.309060e-21 3.309060e-21 0.000000e+00
5.522000e+02 3.341792e-21 3.341792e-21 0.000000e+00
5.532000e+02 3.378567e-21 3.378567e-21 0.000000e+00
5.542000e+02 3.421391e-21 3.421391e-21 0.000000e+00
5.552000e+02 3.472285e-21 3.472285e-21 0.000000e+00
5.562000e+02 3.533597e-21 3.533597e-21 0.000000e+00
5.572000e+02 3.608171e-21 3.608171e-21 0.000000e+00
5.582000e+02 3.692087e-21 3.692087e-21 0.000000e+00
5.592000e+02 3.787636e-21 3.787636e-21 0.000000e+00
5.602000e+02 3.887239e-21 3.887239e-21 0.000000e+00
5.612000e+02 3.988017e-21 3.988017e-21 0.000000e+00
5.622000e+02 4.082785e-21 4.082785e-21 0.000000e+00
5.632000e+02 4.166976e-21 4.166976e-21 0.000000e+00
5.642000e+02 4.243816e-21 4.243816e-21 0.000000e+00
5.652000e+02 4.311063e-21 4.311063e-21 0.000000e+00
5.662000e+02 4.371438e-21 4.371438e-21 0.000000e+00
5.672000e+02 4.427723e-21 4.427723e-21 0.000000e+00
5.682000e+02 4.482826e-21 4.482826e-21 0.000000e+00
5.692000e+02 4.539392e-21 4.539392e-21 0.000000e+00
5.702000e+02 4.599135e-21 4.599135e-21 0.000000e+00
5.712000e+02 4.652787e-21 4.652787e-21 0.000000e+00
5.722000e+02 4.701002e-21 4.701002e-21 0.000000e+00
5.732000e+02 4.732986e-21 4.732986e-21 0.000000e+00
5.742000e+02 4.743655e-21 4.743655e-21 0.000000e+00
5.752000e+02 4.736257e-21 4.736257e-21 0.000000e+00
5.762000e+02 4.713113e-21 4.713113e-21 0.000000e+00
5.772000e+02 4.675767e-21 4.675767e-21 0.000000e+00
5.782000e+02 4.631130e-21 4.631130e-21 0.000000e+00
5.792000e+02 4.584898e-21 4.584898e-21 0.000000e+00
5.802000e+02 4.534942e-21 4.534942e-21 0.000000e+00
5.812000e+02 4.488221e-21 4.488221e-21 0.000000e+00
5.822000e+02 4.446540e-21 4.446540e-21 0.000000e+00
5.832000e+02 4.411297e-21 4.411297e-21 0.000000e+00
5.842000e+02 4.383481e-21 4.383481e-21 0.000000e+00
5.852000e+02 4.361570e-21 4.361570e-21 0.000000e+00
5.862000e+02 4.347632e-21 4.347632e-21 0.000000e+00
5.872000e+02 4.342744e-21 4.342744e-21 0.000000e+00
5.882000e+02 4.345765e-21 4.345765e-21 0.000000e+00
5.892000e+02 4.357494e-21 4.357494e-21 0.000000e+00
5.902000e+02 4.381312e-21 4.381312e-21 0.000000e+00
5.912000e+02 4.418825e-21 4.418825e-21 0.000000e+00
5.922000e+02 4.473969e-21 4.473969e-21 0.000000e+00
5.932000e+02 4.546573e-21 4.546573e-21 0.000000e+00
5.942000e+02 4.632130e-21 4.632130e-21 0.000000e+00
5.952000e+02 4.724206e-21 4.724206e-21 0.000000e+00
5.962000e+02 4.818839e-21 4.818839e-21 0.000000e+00
5.972000e+02 4.910838e-21 4.910838e-21 0.000000e+00
5.982000e+02 4.995121e-21 4.995121e-21 0.000000e+00
5.992000e+02 5.067163e-21 5.067163e-21 0.000000e+00
6.002000e+02 5.121235e-21 5.121235e-21 0.000000e+00
6.012000e+02 5.154327e-21 5.154327e-21 0.000000e+00
6.022000e+02 5.166086e-21 5.166086e-21 0.000000e+00
6.032000e+02 5.156625e-21 5.156625e-21 0.000000e+00
6.042000e+02 5.127536e-21 5.127536e-21 0.000000e+00
6.052000e+02 5.080929e-21 5.080929e-21 0.000000e+00
6.062000e+02 5.020148e-21 5.020148e-21 0.000000e+00
6.072000e+02 4.945997e-21 4.945997e-21 0.000000e+00
6.082000e+02 4.862068e-21 4.862068e-21 0.000000e+00
6.092000e+02 4.774598e-21 4.774598e-21 0.000000e+00
6.102000e+02 4.685599e-21 4.685599e-21 0.000000e+00
6.112000e+02 4.595682e-21 4.595682e-21 0.000000e+00
6.122000e+02 4.508659e-21 4.508659e-21 0.000000e+00
6.132000e+02 4.425776e-21 4.425776e-21 0.000000e+00
6.142000e+02 4.346435e-21 4.346435e-21 0.000000e+00
6.152000e+02 4.272919e-21 4.272919e-21 0.000000e+00
6.162000e+02 4.202004e-21 4.202004e-21 0.000000e+00
6.172000e+02 4.137294e-21 4.137294e-21 0.000000e+00
6.182000e+02 4.076739e-21 4.076739e-21 0.000000e+00
6.192000e+02 4.020926e-21 4.020926e-21 0.000000e+00
6.202000e+02 3.969719e-21 3.969719e-21 0.000000e+00
6.212000e+02 3.922524e-21 3.922524e-21 0.000000e+00
6.222000e+02 3.875970e-21 3.875970e-21 0.000000e+00
6.232000e+02 3.831298e-21 3.831298e-21 0.000000e+00
6.242000e+02 3.786549e-21 3.786549e-21 0.000000e+00
6.252000e+02 3.740482e-21 3.740482e-21 0.000000e+00
6.262000e+02 3.692139e-21 3.692139e-21 0.000000e+00
6.272000e+02 3.641760e-21 3.641760e-21 0.000000e+00
6.282000e+02 3.588681e-21 3.588681e-21 0.000000e+00
6.292000e+02 3.534813e-21 3.534813e-21 0.000000e+00
6.302000e+02 3.481358e-21 3.481358e-21 0.000000e+00
6.312000e+02 3.429429e-21 3.429429e-21 0.000000e+00
6.322000e+02 3.376945e-21 3.376945e-21 0.000000e+00
6.332000e+02 3.326055e-21 3.326055e-21 0.000000e+00
6.342000e+02 3.268197e-21 3.268197e-21 0.000000e+00
6.352000e+02 3.208525e-21 3.208525e-21 0.000000e+00
6.362000e+02 3.147157e-21 3.147157e-21 0.000000e+00
6.372000e+02 3.087020e-21 3.087020e-21 0.000000e+00
6.382000e+02 3.025914e-21 3.025914e-21 0.000000e+00
6.392000e+02 2.963740e-21 2.963740e-21 0.000000e+00
6.402000e+02 2.900988e-21 2.900988e-21 0.000000e+00
6.412000e+02 2.840658e-21 2.840658e-21 0.000000e+00
6.422000e+02 2.783825e-21 2.783825e-21 0.000000e+00
6.432000e+02 2.732471e-21 2.732471e-21 0.000000e+00
6.442000e+02 2.684740e-21 2.684740e-21 0.000000e+00
6.452000e+02 2.638241e-21 2.638241e-21 0.000000e+00
6.462000e+02 2.590893e-21 2.590893e-21 0.000000e+00
6.472000e+02 2.543749e-21 2.543749e-21 0.000000e+00
6.482000e+02 2.499424e-21 2.499424e-21 0.000000e+00
6.492000e+02 2.458015e-21 2.458015e-21 0.000000e+00
6.502000e+02 2.418877e-21 2.418877e-21 0.000000e+00
6.512000e+02 2.380707e-21 2.380707e-21 0.000000e+00
6.522000e+02 2.341717e-21 2.341717e-21 0.000000e+00
6.532000e+02 2.301065e-21 2.301065e-21 0.000000e+00
6.542000e+02 2.258617e-21 2.258617e-21 0.000000e+00
6.552000e+02 2.216471e-21 2.216471e-21 0.000000e+00
6.562000e+02 2.174888e-21 2.174888e-21 0.000000e+00
6.572000e+02 2.134763e-21 2.134763e-21 0.000000e+00
6.582000e+02 2.095960e-21 2.095960e-21 0.000000e+00
6.592000e+02 2.058089e-21 2.058089e-21 0.000000e+00
6.602000e+02 2.020897e-21 2.020897e-21 0.000000e+00
6.612000e+02 1.985294e-21 1.985294e-21 0.000000e+00
6.622000e+02 1.950831e-21 1.950831e-21 0.000000e+00
6.632000e+02 1.914754e-21 1.914754e-21 0.000000e+00
6.642000e+02 1.875925e-21 1.875925e-21 0.000000e+00
6.652000e+02 1.833767e-21 1.833767e-21 0.000000e+00
6.662000e+02 1.791082e-21 1.791082e-21 0.000000e+00
6.672000e+02 1.748647e-21 1.748647e-21 0.000000e+00
6.682000e+02 1.706570e-21 1.706570e-21 0.000000e+00
6.692000e+02 1.665684e-21 1.665684e-21 0.000000e+00
6.702000e+02 1.625159e-21 1.625159e-21 0.000000e+00
6.712000e+02 1.585757e-21 1.585757e-21 0.000000e+00
6.722000e+02 1.547664e-21 1.547664e-21 0.000000e+00
6.732000e+02 1.511384e-21 1.511384e-21 0.000000e+00
6.742000e+02 1.476970e-21 1.476970e-21 0.000000e+00
6.752000e+02 1.443614e-21 1.443614e-21 0.000000e+00
6.762000e+02 1.410903e-21 1.410903e-21 0.000000e+00
6.772000e+02 1.378683e-21 1.378683e-21 0.000000e+00
6.782000e+02 1.347575e-21 1.347575e-21 0.000000e+00
6.792000e+02 1.318767e-21 1.318767e-21 0.000000e+00
6.802000e+02 1.293398e-21 1.293398e-21 0.000000e+00
6.812000e+02 1.271041e-21 1.271041e-21 0.000000e+00
6.822000e+02 1.251852e-21 1.251852e-21 0.000000e+00
6.832000e+02 1.234776e-21 1.234776e-21 0.000000e+00
6.842000e+02 1.217704e-21 1.217704e-21 0.000000e+00
6.852000e+02 1.197610e-21 1.197610e-21 0.000000e+00
6.862000e+02 1.173850e-21 1.173850e-21 0.000000e+00
6.872000e+02 1.146266e-21 1.146266e-21 0.000000e+00
6.882000e+02 1.115625e-21 1.115625e-21 0.000000e+00
6.892000e+02 1.084376e-21 1.084376e-21 0.000000e+00
6.902000e+02 1.053454e-21 1.053454e-21 0.000000e+00
6.912000e+02 1.024750e-21 1.024750e-21 0.000000e+00
6.922000e+02 9.973906e-22 9.973906e-22 0.000000e+00
6.932000e+02 9.702370e-22 9.702370e-22 0.000000e+00
6.942000e+02 9.429800e-22 9.429800e-22 0.000000e+00
6.952000e+02 9.164926e-22 9.164926e-22 0.000000e+00
6.962000e+02 8.902280e-22 8.902280e-22 0.000000e+00
6.972000e+02 8.647529e-22 8.647529e-22 0.000000e+00
6.982000e+02 8.403035e-22 8.403035e-22 0.000000e+00
6.992000e+02 8.175819e-22 8.175819e-22 0.000000e+00
7.002000e+02 7.972264e-22 7.972264e-22 0.000000e+00
7.012000e+02 7.787377e-22 7.787377e-22 0.000000e+00
7.022000e+02 7.625787e-22 7.625787e-22 0.000000e+00
7.032000e+02 7.481928e-22 7.481928e-22 0.000000e+00
7.042000e+02 7.348832e-22 7.348832e-22 0.000000e+00
7.052000e+02 7.231545e-22 7.231545e-22 0.000000e+00
7.062000e+02 7.119511e-22 7.119511e-22 0.000000e+00
7.072000e+02 7.016566e-22 7.016566e-22 0.000000e+00
7.082000e+02 6.916915e-22 6.916915e-22 0.000000e+00
7.092000e+02 6.824155e-22 6.824155e-22 0.000000e+00
7.102000e+02 6.738288e-22 6.738288e-22 0.000000e+00
7.112000e+02 6.664312e-22 6.664312e-22 0.000000e+00
7.122000e+02 6.613096e-22 6.613096e-22 0.000000e+00
7.132000e+02 6.589947e-22 6.589947e-22 0.000000e+00
7.142000e+02 6.585818e-22 6.585818e-22 0.000000e+00
7.152000e+02 6.574447e-22 6.574447e-22 0.000000e+00
7.162000e+02 6.516712e-22 6.516712e-22 0.000000e+00
7.172000e+02 6.397897e-22 6.397897e-22 0.000000e+00
7.182000e+02 6.222304e-22 6.222304e-22 0.000000e+00
7.192000e+02 6.000333e-22 6.000333e-22 0.000000e+00
7.202000e+02 5.760218e-22 5.760218e-22 0.000000e+00
7.212000e+02 5.535059e-22 5.535059e-22 0.000000e+00
7.222000e+02 5.346253e-22 5.346253e-22 0.000000e+00
7.232000e+02 5.190894e-22 5.190894e-22 0.000000e+00
7.242000e+02 5.066092e-22 5.066092e-22 0.000000e+00
7.252000e+02 4.960115e-22 4.960115e-22 0.000000e+00
7.262000e+02 4.843142e-22 4.843142e-22 0.000000e+00
7.272000e+02 4.712057e-22 4.712057e-22 0.000000e+00
7.282000e+02 4.560943e-22 4.560943e-22 0.000000e+00
7.292000e+02 4.422214e-22 4.422214e-22 0.000000e+00
7.302000e+02 4.303045e-22 4.303045e-22 0.000000e+00
7.312000e+02 4.202348e-22 4.202348e-22 0.000000e+00
7.322000e+02 4.131755e-22 4.131755e-22 0.000000e+00
7.332000e+02 4.076672e-22 4.076672e-22 0.000000e+00
7.342000e+02 4.047768e-22 4.047768e-22 0.000000e+00
7.352000e+02 4.024442e-22 4.024442e-22 0.000000e+00
7.362000e+02 4.005416e-22 4.005416e-22 0.000000e+00
7.372000e+02 3.984651e-22 3.984651e-22 0.000000e+00
7.382000e+02 3.970539e-22 3.970539e-22 0.000000e+00
7.392000e+02 3.961024e-22 3.961024e-22 0.000000e+00
7.402000e+02 3.968367e-22 3.968367e-22 0.000000e+00
7.412000e+02 3.992501e-22 3.992501e-22 0.000000e+00
7.422000e+02 4.039171e-22 4.039171e-22 0.000000e+00
7.432000e+02 4.107254e-22 4.107254e-22 0.000000e+00
7.442000e+02 4.189192e-22 4.189192e-22 0.000000e+00
7.452000e+02 4.279197e-22 4.279197e-22 0.000000e+00
7.462000e+02 4.353026e-22 4.353026e-22 0.000000e+00
7.472000e+02 4.377611e-22 4.377611e-22 0.000000e+00
7.482000e+02 4.355155e-22 4.355155e-22 0.000000e+00
7.492000e+02 4.260742e-22 4.260742e-22 0.000000e+00
7.502000e+02 4.092311e-22 4.092311e-22 0.000000e+00
7.512000e+02 3.865332e-22 3.865332e-22 0.000000e+00
7.522000e+02 3.620044e-22 3.620044e-22 0.000000e+00
7.532000e+02 3.388409e-22 3.388409e-22 0.000000e+00
7.542000e+02 3.192366e-22 3.192366e-22 0.000000e+00
7.552000e+02 3.021075e-22 3.021075e-22 0.000000e+00
7.562000e+02 2.883326e-22 2.883326e-22 0.000000e+00
7.572000e+02 2.771465e-22 2.771465e-22 0.000000e+00
7.582000e+02 2.687004e-22 2.687004e-22 0.000000e+00
7.592000e+02 2.608116e-22 2.608116e-22 0.000000e+00
7.602000e+02 2.549918e-22 2.549918e-22 0.000000e+00
7.612000e+02 2.504225e-22 2.504225e-22 0.000000e+00
7.622000e+02 2.462036e-22 2.462036e-22 0.000000e+00
7.632000e+02 2.421281e-22 2.421281e-22 0.000000e+00
7.642000e+02 2.387195e-22 2.387195e-22 0.000000e+00
7.652000e+02 2.366071e-22 2.366071e-22 0.000000e+00
7.662000e+02 2.334299e-22 2.334299e-22 0.000000e+00
7.672000e+02 2.329087e-22 2.329087e-22 0.000000e+00
7.682000e+02 2.323988e-22 2.323988e-22 0.000000e+00
7.692000e+02 2.333214e-22 2.333214e-22 0.000000e+00
7.702000e+02 2.357848e-22 2.357848e-22 0.000000e+00
7.712000e+02 2.397732e-22 2.397732e-22 0.000000e+00
7.722000e+02 2.466717e-22 2.466717e-22 0.000000e+00
7.732000e+02 2.560681e-22 2.560681e-22 0.000000e+00
7.742000e+02 2.679385e-22 2.679385e-22 0.000000e+00
7.752000e+02 2.819709e-22 2.819709e-22 0.000000e+00
7.762000e+02 2.959932e-22 2.959932e-22 0.000000e+00
7.772000e+02 3.092091e-22 3.092091e-22 0.000000e+00
7.782000e+02 3.184540e-22 3.184540e-22 0.000000e+00
7.792000e+02 3.218556e-22 3.218556e-22 0.000000e+00
7.802000e+02 3.189432e-22 3.189432e-22 0.000000e+00
7.812000e+02 3.098232e-22 3.098232e-22 0.000000e+00
7.822000e+02 2.944611e-22 2.944611e-22 0.000000e+00
7.832000e+02 2.782183e-22 2.782183e-22 0.000000e+00
7.842000e+02 2.594003e-22 2.594003e-22 0.000000e+00
7.852000e+02 2.426596e-22 2.426596e-22 0.000000e+00
7.862000e+02 2.288028e-22 2.288028e-22 0.000000e+00
7.872000e+02 2.160612e-22 2.160612e-22 0.000000e+00
7.882000e+02 2.058465e-22 2.058465e-22 0.000000e+00
7.892000e+02 1.970633e-22 1.970633e-22 0.000000e+00
7.902000e+02 1.887506e-22 1.887506e-22 0.000000e+00
7.912000e+02 1.822464e-22 1.822464e-22 0.000000e+00
7.922000e+02 1.745621e-22 1.745621e-22 0.000000e+00
7.932000e+02 1.664895e-22 1.664895e-22 0.000000e+00
7.942000e+02 1.604173e-22 1.604173e-22 0.000000e+00
7.952000e+02 1.534909e-22 1.534909e-22 0.000000e+00
7.962000e+02 1.496694e-22 1.496694e-22 0.000000e+00
7.972000e+02 1.461249e-22 1.461249e-22 0.000000e+00
7.982000e+02 1.431016e-22 1.431016e-22 0.000000e+00
7.992000e+02 1.419672e-22 1.419672e-22 0.000000e+00
8.002000e+02 1.394760e-22 1.394760e-22 0.000000e+00
8.012000e+02 1.374353e-22 1.374353e-22 0.000000e+00
8.022000e+02 1.362569e-22 1.362569e-22 0.000000e+00
8.032000e+02 1.355038e-22 1.355038e-22 0.000000e+00
8.042000e+02 1.359355e-22 1.359355e-22 0.000000e+00
8.052000e+02 1.385952e-22 1.385952e-22 0.000000e+00
8.062000e+02 1.421713e-22 1.421713e-22 0.000000e+00
8.072000e+02 1.492918e-22 1.492918e-22 0.000000e+00
8.082000e+02 1.597474e-22 1.597474e-22 0.000000e+00
8.092000e+02 1.674006e-22 1.674006e-22 0.000000e+00
8.102000e+02 1.769600e-22 1.769600e-22 0.000000e+00
8.112000e+02 1.873466e-22 1.873466e-22 0.000000e+00
8.122000e+02 1.981139e-22 1.981139e-22 0.000000e+00
8.132000e+02 2.073236e-22 2.073236e-22 0.000000e+00
8.142000e+02 2.158807e-22 2.158807e-22 0.000000e+00
8.152000e+02 2.231953e-22 2.231953e-22 0.000000e+00
8.162000e+02 2.281203e-22 2.281203e-22 0.000000e+00
8.172000e+02 2.282221e-22 2.282221e-22 0.000000e+00
8.182000e+02 2.234688e-22 2.234688e-22 0.000000e+00
8.192000e+02 2.148629e-22 2.148629e-22 0.000000e+00
8.202000e+02 2.045537e-22 2.045537e-22 0.000000e+00
8.212000e+02 1.912892e-22 1.912892e-22 0.000000e+00
8.222000e+02 1.749978e-22 1.749978e-22 0.000000e+00
8.232000e+02 1.567162e-22 1.567162e-22 0.000000e+00
8.242000e+02 1.417230e-22 1.417230e-22 0.000000e+00
8.252000e+02 1.269530e-22 1.269530e-22 0.000000e+00
8.262000e+02 1.149403e-22 1.149403e-22 0.000000e+00
8.272000e+02 1.043784e-22 1.043784e-22 0.000000e+00
8.282000e+02 9.659117e-23 9.659117e-23 0.000000e+00
8.292000e+02 8.941862e-23 8.941862e-23 0.000000e+00
8.302000e+02 8.274887e-23 8.274887e-23 0.000000e+00
8.312000e+02 7.846663e-23 7.846663e-23 0.000000e+00
8.322000e+02 7.403452e-23 7.403452e-23 0.000000e+00
8.332000e+02 6.993122e-23 6.993122e-23 0.000000e+00
8.342000e+02 6.769542e-23 6.769542e-23 0.000000e+00
8.352000e+02 6.589899e-23 6.589899e-23 0.000000e+00
8.362000e+02 6.529283e-23 6.529283e-23 0.000000e+00
8.372000e+02 6.493243e-23 6.493243e-23 0.000000e+00
8.382000e+02 6.589758e-23 6.589758e-23 0.000000e+00
8.392000e+02 6.627801e-23 6.627801e-23 0.000000e+00
8.402000e+02 6.548661e-23 6.548661e-23 0.000000e+00
8.412000e+02 6.738365e-23 6.738365e-23 0.000000e+00
8.422000e+02 7.023830e-23 7.023830e-23 0.000000e+00
8.432000e+02 7.246102e-23 7.246102e-23 0.000000e+00
8.442000e+02 7.423468e-23 7.423468e-23 0.000000e+00
8.452000e+02 7.768367e-23 7.768367e-23 0.000000e+00
8.462000e+02 8.272870e-23 8.272870e-23 0.000000e+00
8.472000e+02 8.930131e-23 8.930131e-23 0.000000e+00
8.482000e+02 9.696572e-23 9.696572e-23 0.000000e+00
8.492000e+02 1.077263e-22 1.077263e-22 0.000000e+00
8.502000e+02 1.183328e-22 1.183328e-22 0.000000e+00
8.512000e+02 1.317402e-22 1.317402e-22 0.000000e+00
8.522000e+02 1.437755e-22 1.437755e-22 0.000000e+00
8.532000e+02 1.541982e-22 1.541982e-22 0.000000e+00
8.542000e+02 1.527993e-22 1.527993e-22 0.000000e+00
8.552000e+02 1.461483e-22 1.461483e-22 0.000000e+00
8.562000e+02 1.387057e-22 1.387057e-22 0.000000e+00
8.572000e+02 1.298906e-22 1.298906e-22 0.000000e+00
8.582000e+02 1.235378e-22 1.235378e-22 0.000000e+00
8.592000e+02 1.167202e-22 1.167202e-22 0.000000e+00
8.602000e+02 1.089459e-22 1.089459e-22 0.000000e+00
8.612000e+02 9.504649e-23 9.504649e-23 0.000000e+00
8.622000e+02 8.609601e-23 8.609601e-23 0.000000e+00
8.632000e+02 7.442095e-23 7.442095e-23 0.000000e+00
8.642000e+02 6.834167e-23 6.834167e-23 0.000000e+00
8.652000e+02 6.084363e-23 6.084363e-23 0.000000e+00
8.662000e+02 5.344172e-23 5.344172e-23 0.000000e+00
8.672000e+02 4.727910e-23 4.727910e-23 0.000000e+00
8.682000e+02 4.356320e-23 4.356320e-23 0.000000e+00
8.692000e+02 3.836203e-23 3.836203e-23 0.000000e+00
8.702000e+02 3.563771e-23 3.563771e-23 0.000000e+00
8.712000e+02 3.292712e-23 3.292712e-23 0.000000e+00
8.722000e+02 3.122237e-23 3.122237e-23 0.000000e+00
8.732000e+02 3.052120e-23 3.052120e-23 0.000000e+00
8.742000e+02 2.933226e-23 2.933226e-23 0.000000e+00
8.752000e+02 2.880430e-23 2.880430e-23 0.000000e+00
8.762000e+02 2.881546e-23 2.881546e-23 0.000000e+00
8.772000e+02 2.666934e-23 2.666934e-23 0.000000e+00
8.782000e+02 2.805321e-23 2.805321e-23 0.000000e+00
8.792000e+02 3.083618e-23 3.083618e-23 0.000000e+00
8.802000e+02 3.285803e-23 3.285803e-23 0.000000e+00
8.812000e+02 3.430163e-23 3.430163e-23 0.000000e+00
8.822000e+02 3.562957e-23 3.562957e-23 0.000000e+00
8.832000e+02 3.734498e-23 3.734498e-23 0.000000e+00
8.842000e+02 3.876916e-23 3.876916e-23 0.000000e+00
8.852000e+02 4.047420e-23 4.047420e-23 0.000000e+00
8.862000e+02 4.396580e-23 4.396580e-23 0.000000e+00
8.872000e+02 4.719703e-23 4.719703e-23 0.000000e+00
8.882000e+02 4.814592e-23 4.814592e-23 0.000000e+00
8.892000e+02 4.675307e-23 4.675307e-23 0.000000e+00
8.902000e+02 4.688968e-23 4.688968e-23 0.000000e+00
8.912000e+02 4.336499e-23 4.336499e-23 0.000000e+00
8.922000e+02 4.349203e-23 4.349203e-23 0.000000e+00
8.932000e+02 4.399062e-23 4.399062e-23 0.000000e+00
8.942000e+02 4.717049e-23 4.717049e-23 0.000000e+00
8.952000e+02 5.258585e-23 5.258585e-23 0.000000e+00
8.962000e+02 5.931933e-23 5.931933e-23 0.000000e+00
8.972000e+02 6.104736e-23 6.104736e-23 0.000000e+00
8.982000e+02 6.296342e-23 6.296342e-23 0.000000e+00
8.992000e+02 6.215362e-23 6.215362e-23 0.000000e+00
9.002000e+02 6.017550e-23 6.017550e-23 0.000000e+00
9.012000e+02 5.639836e-23 5.639836e-23 0.000000e+00
9.022000e+02 5.204305e-23 5.204305e-23 0.000000e+00
9.032000e+02 4.622986e-23 4.622986e-23 0.000000e+00
9.042000e+02 4.166050e-23 4.166050e-23 0.000000e+00
9.052000e+02 3.696423e-23 3.696423e-23 0.000000e+00
9.062000e+02 3.262463e-23 3.262463e-23 0.000000e+00
9.072000e+02 2.891121e-23 2.891121e-23 0.000000e+00
9.082000e+02 2.496657e-23 2.496657e-23 0.000000e+00
9.092000e+02 2.303102e-23 2.303102e-23 0.000000e+00
9.102000e+02 1.936667e-23 1.936667e-23 0.000000e+00
9.112000e+02 1.743046e-23 1.743046e-23 0.000000e+00
9.122000e+02 1.607536e-23 1.607536e-23 0.000000e+00
9.132000e+02 1.361284e-23 1.361284e-23 0.000000e+00
9.142000e+02 1.328410e-23 1.328410e-23 0.000000e+00
9.152000e+02 1.211149e-23 1.211149e-23 0.000000e+00
9.162000e+02 1.205163e-23 1.205163e-23 0.000000e+00
9.172000e+02 1.046210e-23 1.046210e-23 0.000000e+00
9.182000e+02 1.022346e-23 1.022346e-23 0.000000e+00
9.192000e+02 9.581610e-24 9.581610e-24 0.000000e+00
9.202000e+02 1.059178e-23 1.059178e-23 0.000000e+00
9.212000e+02 1.021515e-23 1.021515e-23 0.000000e+00
9.222000e+02 1.081624e-23 1.081624e-23 0.000000e+00
9.232000e+02 1.105795e-23 1.105795e-23 0.000000e+00
9.242000e+02 1.015773e-23 1.015773e-23 0.000000e+00
9.252000e+02 1.098164e-23 1.098164e-23 0.000000e+00
9.262000e+02 1.185548e-23 1.185548e-23 0.000000e+00
9.272000e+02 1.192966e-23 1.192966e-23 0.000000e+00
9.282000e+02 1.226302e-23 1.226302e-23 0.000000e+00
9.292000e+02 1.282469e-23 1.282469e-23 0.000000e+00
9.302000e+02 1.336299e-23 1.336299e-23 0.000000e+00
9.312000e+02 1.275123e-23 1.275123e-23 0.000000e+00
9.322000e+02 1.289378e-23 1.289378e-23 0.000000e+00
9.332000e+02 1.189147e-23 1.189147e-23 0.000000e+00
9.342000e+02 1.162744e-23 1.162744e-23 0.000000e+00
9.352000e+02 1.200968e-23 1.200968e-23 0.000000e+00
9.362000e+02 1.445459e-23 1.445459e-23 0.000000e+00
9.372000e+02 1.718148e-23 1.718148e-23 0.000000e+00
9.382000e+02 2.109405e-23 2.109405e-23 0.000000e+00
9.392000e+02 2.524642e-23 2.524642e-23 0.000000e+00
9.402000e+02 3.035310e-23 3.035310e-23 0.000000e+00
9.412000e+02 3.525705e-23 3.525705e-23 0.000000e+00
9.422000e+02 4.044484e-23 4.044484e-23 0.000000e+00
9.432000e+02 4.452016e-23 4.452016e-23 0.000000e+00
9.442000e+02 4.705177e-23 4.705177e-23 0.000000e+00
9.452000e+02 4.580638e-23 4.580638e-23 0.000000e+00
9.462000e+02 4.239579e-23 4.239579e-23 0.000000e+00
9.472000e+02 3.667873e-23 3.667873e-23 0.000000e+00
9.482000e+02 3.079342e-23 3.079342e-23 0.000000e+00
9.492000e+02 2.513421e-23 2.513421e-23 0.000000e+00
9.502000e+02 2.061633e-23 2.061633e-23 0.000000e+00
9.512000e+02 1.743495e-23 1.743495e-23 0.000000e+00
9.522000e+02 1.576423e-23 1.576423e-23 0.000000e+00
9.532000e+02 1.280966e-23 1.280966e-23 0.000000e+00
9.542000e+02 1.085017e-23 1.085017e-23 0.000000e+00
9.552000e+02 1.276337e-23 1.276337e-23 0.000000e+00
9.562000e+02 1.181614e-23 1.181614e-23 0.000000e+00
9.572000e+02 1.123657e-23 1.123657e-23 0.000000e+00
9.582000e+02 9.598606e-24 9.598606e-24 0.000000e+00
9.592000e+02 8.498576e-24 8.498576e-24 0.000000e+00
9.602000e+02 7.102502e-24 7.102502e-24 0.000000e+00
9.612000e+02 6.584572e-24 6.584572e-24 0.000000e+00
9.622000e+02 6.256836e-24 6.256836e-24 0.000000e+00
9.632000e+02 5.611534e-24 5.611534e-24 0.000000e+00
9.642000e+02 6.231766e-24 6.231766e-24 0.000000e+00
9.652000e+02 6.276241e-24 6.276241e-24 0.000000e+00
9.662000e+02 5.791650e-24 5.791650e-24 0.000000e+00
9.672000e+02 5.181960e-24 5.181960e-24 0.000000e+00
9.682000e+02 3.987494e-24 3.987494e-24 0.000000e+00
9.692000e+02 3.514198e-24 3.514198e-24 0.000000e+00
9.702000e+02 2.608044e-24 2.608044e-24 0.000000e+00
9.712000e+02 2.609527e-24 2.609527e-24 0.000000e+00
9.722000e+02 1.928823e-24 1.928823e-24 0.000000e+00
9.732000e+02 1.785722e-24 1.785722e-24 0.000000e+00
9.742000e+02 1.452206e-24 1.452206e-24 0.000000e+00
9.752000e+02 1.384804e-24 1.384804e-24 0.000000e+00
9.762000e+02 1.256131e-24 1.256131e-24 0.000000e+00
9.772000e+02 1.110759e-24 1.110759e-24 0.000000e+00
9.782000e+02 1.214849e-24 1.214849e-24 0.000000e+00
9.792000e+02 1.202570e-24 1.202570e-24 0.000000e+00
9.802000e+02 1.332186e-24 1.332186e-24 0.000000e+00
9.812000e+02 1.064319e-24 1.064319e-24 0.000000e+00
9.822000e+02 1.374369e-24 1.374369e-24 0.000000e+00
9.832000e+02 1.988063e-24 1.988063e-24 0.000000e+00
9.842000e+02 1.865876e-24 1.865876e-24 0.000000e+00
9.852000e+02 3.588964e-24 3.588964e-24 0.000000e+00
9.862000e+02 4.303280e-24 4.303280e-24 0.000000e+00
9.872000e+02 6.525088e-24 6.525088e-24 0.000000e+00
9.882000e+02 1.083487e-23 1.083487e-23 0.000000e+00
9.892000e+02 1.092286e-23 1.092286e-23 0.000000e+00
9.902000e+02 1.499713e-23 1.499713e-23 0.000000e+00
9.912000e+02 3.690835e-23 3.690835e-23 0.000000e+00
9.922000e+02 3.131643e-23 3.131643e-23 0.000000e+00
9.932000e+02 2.574675e-23 2.574675e-23 0.000000e+00
9.942000e+02 2.520864e-23 2.520864e-23 0.000000e+00
9.952000e+02 2.356071e-23 2.356071e-23 0.000000e+00
9.962000e+02 2.006850e-23 2.006850e-23 0.000000e+00
9.972000e+02 8.027480e-24 8.027480e-24 0.000000e+00
9.982000e+02 6.823478e-24 6.823478e-24 0.000000e+00
9.992000e+02 5.524689e-24 5.524689e-24 0.000000e+00
1.000200e+03 4.263978e-24 4.263978e-24 0.000000e+00
1.001200e+03 3.828368e-24 3.828368e-24 0.000000e+00
1.002200e+03 2.920321e-24 2.920321e-24 0.000000e+00
1.003200e+03 3.258079e-24 3.258079e-24 0.000000e+00
1.004200e+03 2.756222e-24 2.756222e-24 0.000000e+00
1.005200e+03 1.766268e-24 1.766268e-24 0.000000e+00
1.006200e+03 3.207175e-24 3.207175e-24 0.000000e+00
1.007200e+03 1.880092e-24 1.880092e-24 0.000000e+00
1.008200e+03 1.052277e-24 1.052277e-24 0.000000e+00
1.009200e+03 2.142370e-24 2.142370e-24 0.000000e+00
1.010200e+03 1.326241e-24 1.326241e-24 0.000000e+00
1.011200e+03 7.446312e-25 7.446312e-25 0.000000e+00
1.012200e+03 1.442469e-24 1.442469e-24 0.000000e+00
1.013200e+03 1.051354e-24 1.051354e-24 0.000000e+00
1.014200e+03 5.975183e-25 5.975183e-25 0.000000e+00
1.015200e+03 7.831453e-25 7.831453e-25 0.000000e+00
1.016200e+03 6.039358e-25 6.039358e-25 0.000000e+00
1.017200e+03 6.821557e-25 6.821557e-25 0.000000e+00
1.018200e+03 6.915324e-25 6.915324e-25 0.000000e+00
1.019200e+03 4.960468e-25 4.960468e-25 0.000000e+00
1.020200e+03 5.497625e-25 5.497625e-25 0.000000e+00
1.021200e+03 3.598646e-25 3.598646e-25 0.000000e+00
1.022200e+03 4.710484e-25 4.710484e-25 0.000000e+00
1.023200e+03 4.005085e-25 4.005085e-25 0.000000e+00
1.024200e+03 3.557422e-25 3.557422e-25 0.000000e+00
1.025200e+03 1.163364e-25 1.163364e-25 0.000000e+00
1.026200e+03 1.665417e-25 1.665417e-25 0.000000e+00
1.027200e+03 2.278596e-25 2.278596e-25 0.000000e+00
1.028200e+03 2.815054e-25 2.815054e-25 0.000000e+00
1.029200e+03 1.717493e-25 1.717493e-25 0.000000e+00
1.030200e+03 2.476367e-25 2.476367e-25 0.000000e+00
1.031200e+03 2.236349e-25 2.236349e-25 0.000000e+00
1.032200e+03 1.744076e-25 1.744076e-25 0.000000e+00
1.033200e+03 2.451600e-25 2.451600e-25 0.000000e+00
1.034200e+03 1.414659e-25 1.414659e-25 0.000000e+00
1.035200e+03 2.471655e-25 2.471655e-25 0.000000e+00
1.036200e+03 3.320023e-25 3.320023e-25 0.000000e+00
1.037200e+03 1.600361e-26 1.600361e-26 0.000000e+00
1.038200e+03 4.159540e-25 4.159540e-25 0.000000e+00
1.039200e+03 7.178902e-25 7.178902e-25 0.000000e+00
1.040200e+03 8.448930e-25 8.448930e-25 0.000000e+00
1.041200e+03 1.045159e-24 1.045159e-24 0.000000e+00
1.042200e+03 1.727352e-24 1.727352e-24 0.000000e+00
1.043200e+03 2.130253e-24 2.130253e-24 0.000000e+00
1.044200e+03 2.186232e-24 2.186232e-24 0.000000e+00
1.045200e+03 4.407720e-24 4.407720e-24 0.000000e+00
1.046200e+03 8.386234e-24 8.386234e-24 0.000000e+00
1.047200e+03 5.844921e-24 5.844921e-24 0.000000e+00
1.048200e+03 5.135111e-24 5.135111e-24 0.000000e+00
1.049200e+03 5.548168e-24 5.548168e-24 0.000000e+00
1.050200e+03 5.210363e-24 5.210363e-24 0.000000e+00
1.051200e+03 2.746217e-24 2.746217e-24 0.000000e+00
1.052200e+03 1.218264e-24 1.218264e-24 0.000000e+00
1.053200e+03 2.901243e-24 2.901243e-24 0.000000e+00
1.054200e+03 8.083657e-25 8.083657e-25 0.000000e+00
1.055200e+03 9.859587e-25 9.859587e-25 0.000000e+00
1.056200e+03 1.988507e-25 1.988507e-25 0.000000e+00
1.057200e+03 1.048828e-24 1.048828e-24 0.000000e+00
1.058200e+03 6.122341e-25 6.122341e-25 0.000000e+00
1.059200e+03 1.000000e-26 1.000000e-26 0.000000e+00
1.060200e+03 3.743867e-26 3.743867e-26 0.000000e+00
1.061200e+03 1.563761e-25 1.563761e-25 0.000000e+00
1.062200e+03 1.321700e-25 1.321700e-25 0.000000e+00
1.063200e+03 4.314445e-26 4.314445e-26 0.000000e+00
1.064200e+03 2.319669e-25 2.319669e-25 0.000000e+00
1.065200e+03 4.434943e-26 4.434943e-26 0.000000e+00
1.066200e+03 2.974985e-25 2.974985e-25 0.000000e+00
1.067200e+03 4.082260e-26 4.082260e-26 0.000000e+00
1.068200e+03 1.000000e-26 1.000000e-26 0.000000e+00
1.069200e+03 1.000000e-26 1.000000e-26 0.000000e+00
1.070200e+03 1.000000e-26 1.000000e-26 0.000000e+00
1.071200e+03 1.000000e-26 1.000000e-26 0.000000e+00
1.072200e+03 1.000000e-26 1.000000e-26 0.000000e+00
1.073200e+03 1.000000e-26 1.000000e-26 0.000000e+00
1.074200e+03 1.000000e-26 1.000000e-26 0.000000e+00
1.075200e+03 1.000000e-26 1.000000e-26 0.000000e+00
1.076200e+03 1.000000e-26 1.000000e-26 0.000000e+00
1.077200e+03 1.000000e-26 1.000000e-26 0.000000e+00
1.078200e+03 1.000000e-26 1.000000e-26 0.000000e+00
1.079200e+03 1.000000e-26 1.000000e-26 0.000000e+00
1.080200e+03 1.000000e-26 1.000000e-26 0.000000e+00
1.081200e+03 1.000000e-26 1.000000e-26 0.000000e+00
1.082200e+03 1.000000e-26 1.000000e-26 0.000000e+00
1.083200e+03 1.000000e-26 1.000000e-26 0.000000e+00
1.084200e+03 1.000000e-26 1.000000e-26 0.000000e+00
1.085200e+03 1.000000e-26 1.000000e-26 0.000000e+00
1.086200e+03 1.000000e-26 1.000000e-26 0.000000e+00
1.087200e+03 1.000000e-26 1.000000e-26 0.000000e+00
1.088200e+03 1.000000e-26 1.000000e-26 0.000000e+00
1.089200e+03 1.000000e-26 1.000000e-26 0.000000e+00
1.090200e+03 1.000000e-26 1.000000e-26 0.000000e+00
1.091200e+03 1.000000e-26 1.000000e-26 0.000000e+00
1.092200e+03 1.000000e-26 1.000000e-26 0.000000e+00
1.093200e+03 1.000000e-26 1.000000e-26 0.000000e+00
1.094200e+03 1.000000e-26 1.000000e-26 0.000000e+00
1.095200e+03 1.000000e-26 1.000000e-26 0.000000e+00
1.096200e+03 1.000000e-26 1.000000e-26 0.000000e+00
1.097200e+03 1.000000e-26 1.000000e-26 0.000000e+00
1.098200e+03 1.000000e-26 1.000000e-26 0.000000e+00
1.099200e+03 1.000000e-26 1.000000e-26 0.000000e+00
