# SiH+ cross sections
# #photoabsorption   -- Photoabsorption cross section (cm2)
# #photodissociation -- Photodissociation cross section (cm2)
# #photoionisation   -- Photoionisation cross section (cm2)
# #This version has been resampled to a uniform 0.1nm grid while maintaining a constant integrated cross section (using trapezoidal integration).
# #wavelength photoabsorption photodissociation photoionisation
1.000000e+02 0.000000e+00 0.000000e+00 0.000000e+00
1.010000e+02 1.850000e-18 1.850000e-18 0.000000e+00
1.020000e+02 3.700000e-18 3.700000e-18 0.000000e+00
1.030000e+02 5.550000e-18 5.550000e-18 0.000000e+00
1.040000e+02 7.400000e-18 7.400000e-18 0.000000e+00
1.050000e+02 9.250000e-18 9.250000e-18 0.000000e+00
1.060000e+02 1.110000e-17 1.110000e-17 0.000000e+00
1.070000e+02 1.295000e-17 1.295000e-17 0.000000e+00
1.080000e+02 1.480000e-17 1.480000e-17 0.000000e+00
1.090000e+02 1.665000e-17 1.665000e-17 0.000000e+00
1.100000e+02 1.850000e-17 1.850000e-17 0.000000e+00
1.110000e+02 1.975000e-17 1.975000e-17 0.000000e+00
1.120000e+02 2.100000e-17 2.100000e-17 0.000000e+00
1.130000e+02 2.340000e-17 2.340000e-17 0.000000e+00
1.140000e+02 2.580000e-17 2.580000e-17 0.000000e+00
1.150000e+02 2.815000e-17 2.815000e-17 0.000000e+00
1.160000e+02 3.050000e-17 3.050000e-17 0.000000e+00
1.170000e+02 3.270000e-17 3.270000e-17 0.000000e+00
1.180000e+02 3.490000e-17 3.490000e-17 0.000000e+00
1.190000e+02 3.220000e-17 3.220000e-17 0.000000e+00
1.200000e+02 2.950000e-17 2.950000e-17 0.000000e+00
1.210000e+02 2.485000e-17 2.485000e-17 0.000000e+00
1.220000e+02 2.020000e-17 2.020000e-17 0.000000e+00
1.230000e+02 1.535000e-17 1.535000e-17 0.000000e+00
1.240000e+02 1.050000e-17 1.050000e-17 0.000000e+00
1.250000e+02 8.750000e-18 8.750000e-18 0.000000e+00
1.260000e+02 7.000000e-18 7.000000e-18 0.000000e+00
1.270000e+02 5.500000e-18 5.500000e-18 0.000000e+00
1.280000e+02 4.000000e-18 4.000000e-18 0.000000e+00
1.290000e+02 2.250000e-18 2.250000e-18 0.000000e+00
1.300000e+02 5.000000e-19 5.000000e-19 0.000000e+00
1.310000e+02 0.000000e+00 0.000000e+00 0.000000e+00
1.320000e+02 0.000000e+00 0.000000e+00 0.000000e+00
1.330000e+02 0.000000e+00 0.000000e+00 0.000000e+00
1.340000e+02 0.000000e+00 0.000000e+00 0.000000e+00
1.350000e+02 0.000000e+00 0.000000e+00 0.000000e+00
1.360000e+02 0.000000e+00 0.000000e+00 0.000000e+00
1.370000e+02 0.000000e+00 0.000000e+00 0.000000e+00
1.380000e+02 0.000000e+00 0.000000e+00 0.000000e+00
1.390000e+02 0.000000e+00 0.000000e+00 0.000000e+00
1.400000e+02 0.000000e+00 0.000000e+00 0.000000e+00
1.410000e+02 0.000000e+00 0.000000e+00 0.000000e+00
1.420000e+02 0.000000e+00 0.000000e+00 0.000000e+00
1.430000e+02 0.000000e+00 0.000000e+00 0.000000e+00
1.440000e+02 0.000000e+00 0.000000e+00 0.000000e+00
1.450000e+02 0.000000e+00 0.000000e+00 0.000000e+00
1.460000e+02 0.000000e+00 0.000000e+00 0.000000e+00
1.470000e+02 0.000000e+00 0.000000e+00 0.000000e+00
1.480000e+02 0.000000e+00 0.000000e+00 0.000000e+00
1.490000e+02 0.000000e+00 0.000000e+00 0.000000e+00
1.500000e+02 0.000000e+00 0.000000e+00 0.000000e+00
1.510000e+02 1.041667e-21 1.041667e-21 0.000000e+00
1.520000e+02 2.083333e-21 2.083333e-21 0.000000e+00
1.530000e+02 3.125000e-21 3.125000e-21 0.000000e+00
1.540000e+02 4.166667e-21 4.166667e-21 0.000000e+00
1.550000e+02 7.333333e-21 7.333333e-21 0.000000e+00
1.560000e+02 1.900000e-20 1.900000e-20 0.000000e+00
1.570000e+02 3.066667e-20 3.066667e-20 0.000000e+00
1.580000e+02 4.383533e-20 4.383533e-20 0.000000e+00
1.590000e+02 1.685438e-19 1.685438e-19 0.000000e+00
1.600000e+02 1.749117e-18 1.749117e-18 0.000000e+00
1.610000e+02 2.131867e-19 2.131867e-19 0.000000e+00
1.620000e+02 1.376729e-19 1.376729e-19 0.000000e+00
1.630000e+02 1.729412e-19 1.729412e-19 0.000000e+00
1.640000e+02 2.117647e-19 2.117647e-19 0.000000e+00
1.650000e+02 2.705882e-19 2.705882e-19 0.000000e+00
1.660000e+02 3.294118e-19 3.294118e-19 0.000000e+00
1.670000e+02 3.882353e-19 3.882353e-19 0.000000e+00
1.680000e+02 4.533333e-19 4.533333e-19 0.000000e+00
1.690000e+02 5.225000e-19 5.225000e-19 0.000000e+00
1.700000e+02 5.433333e-19 5.433333e-19 0.000000e+00
1.710000e+02 1.500000e-19 1.500000e-19 0.000000e+00
1.720000e+02 5.789474e-20 5.789474e-20 0.000000e+00
1.730000e+02 5.263158e-21 5.263158e-21 0.000000e+00
1.740000e+02 0.000000e+00 0.000000e+00 0.000000e+00
1.750000e+02 0.000000e+00 0.000000e+00 0.000000e+00
1.760000e+02 0.000000e+00 0.000000e+00 0.000000e+00
1.770000e+02 0.000000e+00 0.000000e+00 0.000000e+00
1.780000e+02 0.000000e+00 0.000000e+00 0.000000e+00
1.790000e+02 0.000000e+00 0.000000e+00 0.000000e+00
1.800000e+02 0.000000e+00 0.000000e+00 0.000000e+00
1.810000e+02 0.000000e+00 0.000000e+00 0.000000e+00
1.820000e+02 0.000000e+00 0.000000e+00 0.000000e+00
1.830000e+02 0.000000e+00 0.000000e+00 0.000000e+00
1.840000e+02 0.000000e+00 0.000000e+00 0.000000e+00
1.850000e+02 0.000000e+00 0.000000e+00 0.000000e+00
1.860000e+02 0.000000e+00 0.000000e+00 0.000000e+00
1.870000e+02 0.000000e+00 0.000000e+00 0.000000e+00
1.880000e+02 0.000000e+00 0.000000e+00 0.000000e+00
1.890000e+02 0.000000e+00 0.000000e+00 0.000000e+00
1.900000e+02 0.000000e+00 0.000000e+00 0.000000e+00
1.910000e+02 0.000000e+00 0.000000e+00 0.000000e+00
1.920000e+02 0.000000e+00 0.000000e+00 0.000000e+00
1.930000e+02 0.000000e+00 0.000000e+00 0.000000e+00
1.940000e+02 0.000000e+00 0.000000e+00 0.000000e+00
1.950000e+02 0.000000e+00 0.000000e+00 0.000000e+00
1.960000e+02 0.000000e+00 0.000000e+00 0.000000e+00
1.970000e+02 0.000000e+00 0.000000e+00 0.000000e+00
1.980000e+02 0.000000e+00 0.000000e+00 0.000000e+00
1.990000e+02 0.000000e+00 0.000000e+00 0.000000e+00
2.000000e+02 0.000000e+00 0.000000e+00 0.000000e+00
2.010000e+02 0.000000e+00 0.000000e+00 0.000000e+00
2.020000e+02 0.000000e+00 0.000000e+00 0.000000e+00
2.030000e+02 0.000000e+00 0.000000e+00 0.000000e+00
2.040000e+02 0.000000e+00 0.000000e+00 0.000000e+00
2.050000e+02 0.000000e+00 0.000000e+00 0.000000e+00
2.060000e+02 0.000000e+00 0.000000e+00 0.000000e+00
2.070000e+02 0.000000e+00 0.000000e+00 0.000000e+00
2.080000e+02 0.000000e+00 0.000000e+00 0.000000e+00
2.090000e+02 0.000000e+00 0.000000e+00 0.000000e+00
2.100000e+02 0.000000e+00 0.000000e+00 0.000000e+00
2.110000e+02 0.000000e+00 0.000000e+00 0.000000e+00
2.120000e+02 0.000000e+00 0.000000e+00 0.000000e+00
2.130000e+02 0.000000e+00 0.000000e+00 0.000000e+00
2.140000e+02 0.000000e+00 0.000000e+00 0.000000e+00
2.150000e+02 0.000000e+00 0.000000e+00 0.000000e+00
2.160000e+02 0.000000e+00 0.000000e+00 0.000000e+00
2.170000e+02 0.000000e+00 0.000000e+00 0.000000e+00
2.180000e+02 0.000000e+00 0.000000e+00 0.000000e+00
2.190000e+02 0.000000e+00 0.000000e+00 0.000000e+00
2.200000e+02 0.000000e+00 0.000000e+00 0.000000e+00
2.210000e+02 0.000000e+00 0.000000e+00 0.000000e+00
2.220000e+02 0.000000e+00 0.000000e+00 0.000000e+00
2.230000e+02 0.000000e+00 0.000000e+00 0.000000e+00
2.240000e+02 0.000000e+00 0.000000e+00 0.000000e+00
2.250000e+02 0.000000e+00 0.000000e+00 0.000000e+00
2.260000e+02 0.000000e+00 0.000000e+00 0.000000e+00
2.270000e+02 0.000000e+00 0.000000e+00 0.000000e+00
2.280000e+02 0.000000e+00 0.000000e+00 0.000000e+00
2.290000e+02 0.000000e+00 0.000000e+00 0.000000e+00
2.300000e+02 0.000000e+00 0.000000e+00 0.000000e+00
2.310000e+02 0.000000e+00 0.000000e+00 0.000000e+00
2.320000e+02 0.000000e+00 0.000000e+00 0.000000e+00
2.330000e+02 0.000000e+00 0.000000e+00 0.000000e+00
2.340000e+02 0.000000e+00 0.000000e+00 0.000000e+00
2.350000e+02 0.000000e+00 0.000000e+00 0.000000e+00
2.360000e+02 0.000000e+00 0.000000e+00 0.000000e+00
2.370000e+02 0.000000e+00 0.000000e+00 0.000000e+00
2.380000e+02 0.000000e+00 0.000000e+00 0.000000e+00
2.390000e+02 0.000000e+00 0.000000e+00 0.000000e+00
2.400000e+02 0.000000e+00 0.000000e+00 0.000000e+00
2.410000e+02 0.000000e+00 0.000000e+00 0.000000e+00
2.420000e+02 0.000000e+00 0.000000e+00 0.000000e+00
2.430000e+02 0.000000e+00 0.000000e+00 0.000000e+00
2.440000e+02 0.000000e+00 0.000000e+00 0.000000e+00
2.450000e+02 0.000000e+00 0.000000e+00 0.000000e+00
2.460000e+02 0.000000e+00 0.000000e+00 0.000000e+00
2.470000e+02 0.000000e+00 0.000000e+00 0.000000e+00
2.480000e+02 0.000000e+00 0.000000e+00 0.000000e+00
2.490000e+02 0.000000e+00 0.000000e+00 0.000000e+00
2.500000e+02 0.000000e+00 0.000000e+00 0.000000e+00
2.510000e+02 0.000000e+00 0.000000e+00 0.000000e+00
2.520000e+02 0.000000e+00 0.000000e+00 0.000000e+00
2.530000e+02 0.000000e+00 0.000000e+00 0.000000e+00
2.540000e+02 0.000000e+00 0.000000e+00 0.000000e+00
2.550000e+02 0.000000e+00 0.000000e+00 0.000000e+00
2.560000e+02 0.000000e+00 0.000000e+00 0.000000e+00
2.570000e+02 0.000000e+00 0.000000e+00 0.000000e+00
2.580000e+02 0.000000e+00 0.000000e+00 0.000000e+00
2.590000e+02 0.000000e+00 0.000000e+00 0.000000e+00
2.600000e+02 0.000000e+00 0.000000e+00 0.000000e+00
2.610000e+02 0.000000e+00 0.000000e+00 0.000000e+00
2.620000e+02 0.000000e+00 0.000000e+00 0.000000e+00
2.630000e+02 0.000000e+00 0.000000e+00 0.000000e+00
2.640000e+02 0.000000e+00 0.000000e+00 0.000000e+00
2.650000e+02 0.000000e+00 0.000000e+00 0.000000e+00
2.660000e+02 0.000000e+00 0.000000e+00 0.000000e+00
2.670000e+02 0.000000e+00 0.000000e+00 0.000000e+00
2.680000e+02 0.000000e+00 0.000000e+00 0.000000e+00
2.690000e+02 0.000000e+00 0.000000e+00 0.000000e+00
2.700000e+02 0.000000e+00 0.000000e+00 0.000000e+00
2.710000e+02 0.000000e+00 0.000000e+00 0.000000e+00
2.720000e+02 0.000000e+00 0.000000e+00 0.000000e+00
2.730000e+02 0.000000e+00 0.000000e+00 0.000000e+00
2.740000e+02 0.000000e+00 0.000000e+00 0.000000e+00
2.750000e+02 0.000000e+00 0.000000e+00 0.000000e+00
2.760000e+02 0.000000e+00 0.000000e+00 0.000000e+00
2.770000e+02 0.000000e+00 0.000000e+00 0.000000e+00
2.780000e+02 0.000000e+00 0.000000e+00 0.000000e+00
2.790000e+02 0.000000e+00 0.000000e+00 0.000000e+00
2.800000e+02 0.000000e+00 0.000000e+00 0.000000e+00
2.810000e+02 0.000000e+00 0.000000e+00 0.000000e+00
2.820000e+02 0.000000e+00 0.000000e+00 0.000000e+00
2.830000e+02 0.000000e+00 0.000000e+00 0.000000e+00
2.840000e+02 0.000000e+00 0.000000e+00 0.000000e+00
2.850000e+02 0.000000e+00 0.000000e+00 0.000000e+00
2.860000e+02 0.000000e+00 0.000000e+00 0.000000e+00
2.870000e+02 0.000000e+00 0.000000e+00 0.000000e+00
2.880000e+02 0.000000e+00 0.000000e+00 0.000000e+00
2.890000e+02 0.000000e+00 0.000000e+00 0.000000e+00
2.900000e+02 0.000000e+00 0.000000e+00 0.000000e+00
2.910000e+02 0.000000e+00 0.000000e+00 0.000000e+00
2.920000e+02 0.000000e+00 0.000000e+00 0.000000e+00
2.930000e+02 0.000000e+00 0.000000e+00 0.000000e+00
2.940000e+02 0.000000e+00 0.000000e+00 0.000000e+00
2.950000e+02 0.000000e+00 0.000000e+00 0.000000e+00
2.960000e+02 0.000000e+00 0.000000e+00 0.000000e+00
2.970000e+02 0.000000e+00 0.000000e+00 0.000000e+00
2.980000e+02 0.000000e+00 0.000000e+00 0.000000e+00
2.990000e+02 0.000000e+00 0.000000e+00 0.000000e+00
3.000000e+02 0.000000e+00 0.000000e+00 0.000000e+00
3.010000e+02 0.000000e+00 0.000000e+00 0.000000e+00
3.020000e+02 0.000000e+00 0.000000e+00 0.000000e+00
3.030000e+02 0.000000e+00 0.000000e+00 0.000000e+00
3.040000e+02 0.000000e+00 0.000000e+00 0.000000e+00
3.050000e+02 0.000000e+00 0.000000e+00 0.000000e+00
3.060000e+02 0.000000e+00 0.000000e+00 0.000000e+00
3.070000e+02 0.000000e+00 0.000000e+00 0.000000e+00
3.080000e+02 0.000000e+00 0.000000e+00 0.000000e+00
3.090000e+02 0.000000e+00 0.000000e+00 0.000000e+00
3.100000e+02 0.000000e+00 0.000000e+00 0.000000e+00
3.110000e+02 0.000000e+00 0.000000e+00 0.000000e+00
3.120000e+02 0.000000e+00 0.000000e+00 0.000000e+00
3.130000e+02 0.000000e+00 0.000000e+00 0.000000e+00
3.140000e+02 0.000000e+00 0.000000e+00 0.000000e+00
3.150000e+02 0.000000e+00 0.000000e+00 0.000000e+00
3.160000e+02 0.000000e+00 0.000000e+00 0.000000e+00
3.170000e+02 0.000000e+00 0.000000e+00 0.000000e+00
3.180000e+02 0.000000e+00 0.000000e+00 0.000000e+00
3.190000e+02 0.000000e+00 0.000000e+00 0.000000e+00
3.200000e+02 0.000000e+00 0.000000e+00 0.000000e+00
3.210000e+02 0.000000e+00 0.000000e+00 0.000000e+00
3.220000e+02 0.000000e+00 0.000000e+00 0.000000e+00
3.230000e+02 0.000000e+00 0.000000e+00 0.000000e+00
3.240000e+02 0.000000e+00 0.000000e+00 0.000000e+00
3.250000e+02 0.000000e+00 0.000000e+00 0.000000e+00
3.260000e+02 0.000000e+00 0.000000e+00 0.000000e+00
3.270000e+02 3.225806e-20 3.225806e-20 0.000000e+00
3.280000e+02 9.677419e-20 9.677419e-20 0.000000e+00
3.290000e+02 1.612903e-19 1.612903e-19 0.000000e+00
3.300000e+02 2.258065e-19 2.258065e-19 0.000000e+00
3.310000e+02 2.903226e-19 2.903226e-19 0.000000e+00
3.320000e+02 3.548387e-19 3.548387e-19 0.000000e+00
3.330000e+02 4.193548e-19 4.193548e-19 0.000000e+00
3.340000e+02 4.838710e-19 4.838710e-19 0.000000e+00
3.350000e+02 5.483871e-19 5.483871e-19 0.000000e+00
3.360000e+02 6.413793e-19 6.413793e-19 0.000000e+00
3.370000e+02 8.482759e-19 8.482759e-19 0.000000e+00
3.380000e+02 1.055172e-18 1.055172e-18 0.000000e+00
3.390000e+02 1.262069e-18 1.262069e-18 0.000000e+00
3.400000e+02 1.468966e-18 1.468966e-18 0.000000e+00
3.410000e+02 1.675862e-18 1.675862e-18 0.000000e+00
3.420000e+02 1.882759e-18 1.882759e-18 0.000000e+00
3.430000e+02 2.089655e-18 2.089655e-18 0.000000e+00
3.440000e+02 2.296552e-18 2.296552e-18 0.000000e+00
3.450000e+02 2.634043e-18 2.634043e-18 0.000000e+00
3.460000e+02 3.102128e-18 3.102128e-18 0.000000e+00
3.470000e+02 3.570213e-18 3.570213e-18 0.000000e+00
3.480000e+02 4.038298e-18 4.038298e-18 0.000000e+00
3.490000e+02 4.506383e-18 4.506383e-18 0.000000e+00
3.500000e+02 4.974468e-18 4.974468e-18 0.000000e+00
3.510000e+02 5.442553e-18 5.442553e-18 0.000000e+00
3.520000e+02 5.910638e-18 5.910638e-18 0.000000e+00
3.530000e+02 6.378723e-18 6.378723e-18 0.000000e+00
3.540000e+02 6.865306e-18 6.865306e-18 0.000000e+00
3.550000e+02 7.518367e-18 7.518367e-18 0.000000e+00
3.560000e+02 8.171429e-18 8.171429e-18 0.000000e+00
3.570000e+02 8.824490e-18 8.824490e-18 0.000000e+00
3.580000e+02 9.477551e-18 9.477551e-18 0.000000e+00
3.590000e+02 1.016327e-17 1.016327e-17 0.000000e+00
3.600000e+02 1.097959e-17 1.097959e-17 0.000000e+00
3.610000e+02 1.179592e-17 1.179592e-17 0.000000e+00
3.620000e+02 1.261224e-17 1.261224e-17 0.000000e+00
3.630000e+02 1.342857e-17 1.342857e-17 0.000000e+00
3.640000e+02 1.427692e-17 1.427692e-17 0.000000e+00
3.650000e+02 1.520000e-17 1.520000e-17 0.000000e+00
3.660000e+02 1.612308e-17 1.612308e-17 0.000000e+00
3.670000e+02 1.704615e-17 1.704615e-17 0.000000e+00
3.680000e+02 1.796923e-17 1.796923e-17 0.000000e+00
3.690000e+02 1.886792e-17 1.886792e-17 0.000000e+00
3.700000e+02 1.954717e-17 1.954717e-17 0.000000e+00
3.710000e+02 2.022642e-17 2.022642e-17 0.000000e+00
3.720000e+02 2.090566e-17 2.090566e-17 0.000000e+00
3.730000e+02 2.158491e-17 2.158491e-17 0.000000e+00
3.740000e+02 2.226415e-17 2.226415e-17 0.000000e+00
3.750000e+02 2.278519e-17 2.278519e-17 0.000000e+00
3.760000e+02 2.326667e-17 2.326667e-17 0.000000e+00
3.770000e+02 2.374815e-17 2.374815e-17 0.000000e+00
3.780000e+02 2.422963e-17 2.422963e-17 0.000000e+00
3.790000e+02 2.471111e-17 2.471111e-17 0.000000e+00
3.800000e+02 2.507143e-17 2.507143e-17 0.000000e+00
3.810000e+02 2.525000e-17 2.525000e-17 0.000000e+00
3.820000e+02 2.542857e-17 2.542857e-17 0.000000e+00
3.830000e+02 2.560714e-17 2.560714e-17 0.000000e+00
3.840000e+02 2.578571e-17 2.578571e-17 0.000000e+00
3.850000e+02 2.596429e-17 2.596429e-17 0.000000e+00
3.860000e+02 2.606897e-17 2.606897e-17 0.000000e+00
3.870000e+02 2.615517e-17 2.615517e-17 0.000000e+00
3.880000e+02 2.624138e-17 2.624138e-17 0.000000e+00
3.890000e+02 2.632759e-17 2.632759e-17 0.000000e+00
3.900000e+02 2.641379e-17 2.641379e-17 0.000000e+00
3.910000e+02 -1.211533e-18 -1.211533e-18 -0.000000e+00
