# SO cross sections
# #photoabsorption   -- Photoabsorption cross section (cm2)
# #photodissociation -- Photodissociation cross section (cm2)
# #photoionisation   -- Photoionisation cross section (cm2)
# #This version has been resampled to a uniform 0.1nm grid while maintaining a constant integrated cross section (using trapezoidal integration).
# #wavelength photoabsorption photodissociation photoionisation
1.026000e+02 4.062907e-17 0.000000e+00 4.062907e-17
1.036000e+02 4.184725e-17 0.000000e+00 4.184725e-17
1.046000e+02 4.671387e-17 0.000000e+00 4.671387e-17
1.056000e+02 4.593251e-17 0.000000e+00 4.593251e-17
1.066000e+02 4.164034e-17 0.000000e+00 4.164034e-17
1.076000e+02 2.427213e-17 0.000000e+00 2.427213e-17
1.086000e+02 2.953536e-17 0.000000e+00 2.953536e-17
1.096000e+02 2.816944e-17 0.000000e+00 2.816944e-17
1.106000e+02 2.391531e-17 0.000000e+00 2.391531e-17
1.116000e+02 1.626536e-17 0.000000e+00 1.626536e-17
1.126000e+02 1.075731e-17 0.000000e+00 1.075731e-17
1.136000e+02 9.033670e-18 0.000000e+00 9.033670e-18
1.146000e+02 6.272248e-18 0.000000e+00 6.272248e-18
1.156000e+02 6.472291e-18 0.000000e+00 6.472291e-18
1.166000e+02 9.391347e-17 8.941324e-17 4.500236e-18
1.176000e+02 1.038196e-16 9.956935e-17 4.250280e-18
1.186000e+02 1.033597e-16 1.006576e-16 2.702078e-18
1.196000e+02 1.103014e-16 1.083522e-16 1.949178e-18
1.206000e+02 1.400463e-16 1.388977e-16 1.148624e-18
1.216000e+02 1.063923e-16 1.063923e-16 0.000000e+00
1.226000e+02 1.445710e-16 1.445710e-16 0.000000e+00
1.236000e+02 1.298495e-16 1.298495e-16 0.000000e+00
1.246000e+02 1.664881e-16 1.664881e-16 0.000000e+00
1.256000e+02 1.433214e-16 1.433214e-16 0.000000e+00
1.266000e+02 1.672184e-16 1.672184e-16 0.000000e+00
1.276000e+02 1.466502e-16 1.466502e-16 0.000000e+00
1.286000e+02 8.497829e-17 8.497829e-17 0.000000e+00
1.296000e+02 5.488920e-17 5.488920e-17 0.000000e+00
1.306000e+02 5.274406e-17 5.274406e-17 0.000000e+00
1.316000e+02 4.468833e-17 4.468833e-17 0.000000e+00
1.326000e+02 2.859923e-17 2.859923e-17 0.000000e+00
1.336000e+02 1.584748e-17 1.584748e-17 0.000000e+00
1.346000e+02 1.338402e-17 1.338402e-17 0.000000e+00
1.356000e+02 1.092055e-17 1.092055e-17 0.000000e+00
1.366000e+02 8.457082e-18 8.457082e-18 0.000000e+00
1.376000e+02 5.993615e-18 5.993615e-18 0.000000e+00
1.386000e+02 3.530148e-18 3.530148e-18 0.000000e+00
1.396000e+02 1.066681e-18 1.066681e-18 0.000000e+00
1.406000e+02 0.000000e+00 0.000000e+00 0.000000e+00
1.416000e+02 0.000000e+00 0.000000e+00 0.000000e+00
1.426000e+02 0.000000e+00 0.000000e+00 0.000000e+00
1.436000e+02 0.000000e+00 0.000000e+00 0.000000e+00
1.446000e+02 0.000000e+00 0.000000e+00 0.000000e+00
1.456000e+02 0.000000e+00 0.000000e+00 0.000000e+00
1.466000e+02 0.000000e+00 0.000000e+00 0.000000e+00
1.476000e+02 0.000000e+00 0.000000e+00 0.000000e+00
1.486000e+02 0.000000e+00 0.000000e+00 0.000000e+00
1.496000e+02 0.000000e+00 0.000000e+00 0.000000e+00
1.506000e+02 0.000000e+00 0.000000e+00 0.000000e+00
1.516000e+02 0.000000e+00 0.000000e+00 0.000000e+00
1.526000e+02 0.000000e+00 0.000000e+00 0.000000e+00
1.536000e+02 0.000000e+00 0.000000e+00 0.000000e+00
1.546000e+02 0.000000e+00 0.000000e+00 0.000000e+00
1.556000e+02 0.000000e+00 0.000000e+00 0.000000e+00
1.566000e+02 0.000000e+00 0.000000e+00 0.000000e+00
1.576000e+02 0.000000e+00 0.000000e+00 0.000000e+00
1.586000e+02 0.000000e+00 0.000000e+00 0.000000e+00
1.596000e+02 0.000000e+00 0.000000e+00 0.000000e+00
1.606000e+02 0.000000e+00 0.000000e+00 0.000000e+00
1.616000e+02 0.000000e+00 0.000000e+00 0.000000e+00
1.626000e+02 0.000000e+00 0.000000e+00 0.000000e+00
1.636000e+02 0.000000e+00 0.000000e+00 0.000000e+00
1.646000e+02 0.000000e+00 0.000000e+00 0.000000e+00
1.656000e+02 0.000000e+00 0.000000e+00 0.000000e+00
1.666000e+02 0.000000e+00 0.000000e+00 0.000000e+00
1.676000e+02 0.000000e+00 0.000000e+00 0.000000e+00
1.686000e+02 0.000000e+00 0.000000e+00 0.000000e+00
1.696000e+02 0.000000e+00 0.000000e+00 0.000000e+00
1.706000e+02 0.000000e+00 0.000000e+00 0.000000e+00
1.716000e+02 0.000000e+00 0.000000e+00 0.000000e+00
1.726000e+02 0.000000e+00 0.000000e+00 0.000000e+00
1.736000e+02 0.000000e+00 0.000000e+00 0.000000e+00
1.746000e+02 0.000000e+00 0.000000e+00 0.000000e+00
1.756000e+02 0.000000e+00 0.000000e+00 0.000000e+00
1.766000e+02 0.000000e+00 0.000000e+00 0.000000e+00
1.776000e+02 0.000000e+00 0.000000e+00 0.000000e+00
1.786000e+02 0.000000e+00 0.000000e+00 0.000000e+00
1.796000e+02 0.000000e+00 0.000000e+00 0.000000e+00
1.806000e+02 6.655635e-19 6.655635e-19 0.000000e+00
1.816000e+02 1.839397e-18 1.839397e-18 0.000000e+00
1.826000e+02 3.013230e-18 3.013230e-18 0.000000e+00
1.836000e+02 4.187063e-18 4.187063e-18 0.000000e+00
1.846000e+02 5.360897e-18 5.360897e-18 0.000000e+00
1.856000e+02 6.534730e-18 6.534730e-18 0.000000e+00
1.866000e+02 7.708563e-18 7.708563e-18 0.000000e+00
1.876000e+02 8.882397e-18 8.882397e-18 0.000000e+00
1.886000e+02 1.005623e-17 1.005623e-17 0.000000e+00
1.896000e+02 1.123006e-17 1.123006e-17 0.000000e+00
1.906000e+02 9.663328e-18 9.663328e-18 0.000000e+00
1.916000e+02 1.054898e-17 1.054898e-17 0.000000e+00
1.926000e+02 1.021429e-17 1.021429e-17 0.000000e+00
1.936000e+02 1.086308e-17 1.086308e-17 0.000000e+00
1.946000e+02 1.077708e-17 1.077708e-17 0.000000e+00
1.956000e+02 1.178265e-17 1.178265e-17 0.000000e+00
1.966000e+02 9.275377e-18 9.275377e-18 0.000000e+00
1.976000e+02 9.897791e-18 9.897791e-18 0.000000e+00
1.986000e+02 1.568162e-17 1.568162e-17 0.000000e+00
1.996000e+02 1.204893e-17 1.204893e-17 0.000000e+00
2.006000e+02 1.507035e-17 1.507035e-17 0.000000e+00
2.016000e+02 2.265705e-17 2.265705e-17 0.000000e+00
2.026000e+02 9.163592e-18 9.163592e-18 0.000000e+00
2.036000e+02 2.947328e-17 2.947328e-17 0.000000e+00
2.046000e+02 7.629528e-18 7.629528e-18 0.000000e+00
2.056000e+02 1.941760e-17 1.941760e-17 0.000000e+00
2.066000e+02 5.141102e-18 5.141102e-18 0.000000e+00
2.076000e+02 1.922302e-17 1.922302e-17 0.000000e+00
2.086000e+02 5.629513e-18 5.629513e-18 0.000000e+00
2.096000e+02 4.809156e-18 4.809156e-18 0.000000e+00
2.106000e+02 4.697893e-18 4.697893e-18 0.000000e+00
2.116000e+02 3.325360e-18 3.325360e-18 0.000000e+00
2.126000e+02 6.899718e-18 6.899718e-18 0.000000e+00
2.136000e+02 3.274366e-18 3.274366e-18 0.000000e+00
2.146000e+02 1.124761e-17 1.124761e-17 0.000000e+00
2.156000e+02 2.113910e-18 2.113910e-18 0.000000e+00
2.166000e+02 9.302357e-19 9.302357e-19 0.000000e+00
2.176000e+02 3.941332e-18 3.941332e-18 0.000000e+00
2.186000e+02 7.510304e-19 7.510304e-19 0.000000e+00
2.196000e+02 2.018771e-18 2.018771e-18 0.000000e+00
2.206000e+02 2.217551e-18 2.217551e-18 0.000000e+00
2.216000e+02 7.427687e-19 7.427687e-19 0.000000e+00
2.226000e+02 4.311652e-18 4.311652e-18 0.000000e+00
2.236000e+02 8.987942e-19 8.987942e-19 0.000000e+00
2.246000e+02 1.176179e-19 1.176179e-19 0.000000e+00
2.256000e+02 1.671713e-18 1.671713e-18 0.000000e+00
2.266000e+02 2.906528e-19 2.906528e-19 0.000000e+00
2.276000e+02 6.995913e-19 6.995913e-19 0.000000e+00
2.286000e+02 1.255325e-18 1.255325e-18 0.000000e+00
2.296000e+02 7.122231e-19 7.122231e-19 0.000000e+00
2.306000e+02 7.288673e-19 7.288673e-19 0.000000e+00
2.316000e+02 1.412584e-18 1.412584e-18 0.000000e+00
2.326000e+02 5.010082e-19 5.010082e-19 0.000000e+00
2.336000e+02 4.624959e-19 4.624959e-19 0.000000e+00
2.346000e+02 4.744268e-19 4.744268e-19 0.000000e+00
