! grain-radius [cm]                                         1/abundance of grains                               grain temp                         CR-peak-Temperaturegrain[K]                          spatial point                    

6.9860E-07 1.4984E-06 3.2140E-06 6.8938E-06 1.4787E-05 3.1716E-05 6.8028E-05 1.4591E-04     2.450587E+11 1.662336E+12 1.136360E+13 7.897652E+13 5.687218E+14 4.419971E+15 4.047260E+16 5.277731E+17 	6.045000e+01 6.092000e+01 6.284000e+01 6.684000e+01 6.687000e+01 6.159000e+01 5.467000e+01 4.799000e+01 	73 73 73 73 73 73 73 73             !         1
6.9860E-07 1.4984E-06 3.2140E-06 6.8938E-06 1.4787E-05 3.1716E-05 6.8028E-05 1.4591E-04     2.007268E+11 1.361309E+12 9.301326E+12 6.457708E+13 4.640006E+14 3.589014E+15 3.253061E+16 4.150379E+17 	6.045000e+01 6.092000e+01 6.284000e+01 6.684000e+01 6.687000e+01 6.159000e+01 5.467000e+01 4.799000e+01 	73 73 73 73 73 73 73 73             !         2
6.9860E-07 1.4984E-06 3.2140E-06 6.8938E-06 1.4787E-05 3.1716E-05 6.8028E-05 1.4591E-04     1.652849E+11 1.120697E+12 7.653690E+12 5.308394E+13 3.805895E+14 2.930106E+15 2.629334E+16 3.283231E+17 	6.046000e+01 6.094000e+01 6.286000e+01 6.685000e+01 6.688000e+01 6.160000e+01 5.468000e+01 4.799000e+01 	73 73 73 73 73 73 73 73             !         3
6.9860E-07 1.4984E-06 3.2140E-06 6.8938E-06 1.4787E-05 3.1716E-05 6.8028E-05 1.4591E-04     1.368334E+11 9.275834E+11 6.331886E+12 4.387238E+13 3.138728E+14 2.405374E+15 2.137278E+16 2.612927E+17 	6.046000e+01 6.094000e+01 6.286000e+01 6.685000e+01 6.688000e+01 6.160000e+01 5.468000e+01 4.799000e+01 	73 73 73 73 73 73 73 73             !         4
6.9860E-07 1.4984E-06 3.2140E-06 6.8938E-06 1.4787E-05 3.1716E-05 6.8028E-05 1.4591E-04     1.138989E+11 7.719472E+11 5.267064E+12 3.645858E+13 2.602832E+14 1.985686E+15 1.747330E+16 2.092197E+17 	6.047000e+01 6.095000e+01 6.287000e+01 6.686000e+01 6.689000e+01 6.160000e+01 5.469000e+01 4.800000e+01 	73 73 73 73 73 73 73 73             !         5
6.9860E-07 1.4984E-06 3.2140E-06 6.8938E-06 1.4787E-05 3.1716E-05 6.8028E-05 1.4591E-04     9.533475E+10 6.459934E+11 4.405683E+12 3.046663E+13 2.170552E+14 1.648552E+15 1.436889E+16 1.685633E+17 	6.047000e+01 6.095000e+01 6.287000e+01 6.686000e+01 6.689000e+01 6.160000e+01 5.469000e+01 4.800000e+01 	73 73 73 73 73 73 73 73             !         6
6.9860E-07 1.4984E-06 3.2140E-06 6.8938E-06 1.4787E-05 3.1716E-05 6.8028E-05 1.4591E-04     8.024564E+10 5.436364E+11 3.705965E+12 2.560352E+13 1.820372E+14 1.376555E+15 1.188613E+16 1.366604E+17 	6.047000e+01 6.094000e+01 6.286000e+01 6.687000e+01 6.690000e+01 6.161000e+01 5.469000e+01 4.800000e+01 	73 73 73 73 73 73 73 73             !         7
6.9860E-07 1.4984E-06 3.2140E-06 6.8938E-06 1.4787E-05 3.1716E-05 6.8028E-05 1.4591E-04     6.793024E+10 4.601104E+11 3.135203E+12 2.164006E+13 1.535496E+14 1.156154E+15 9.891434E+15 1.115000E+17 	6.045000e+01 6.092000e+01 6.284000e+01 6.684000e+01 6.688000e+01 6.159000e+01 5.468000e+01 4.799000e+01 	73 73 73 73 73 73 73 73             !         8
6.9860E-07 1.4984E-06 3.2140E-06 6.8938E-06 1.4787E-05 3.1716E-05 6.8028E-05 1.4591E-04     5.783731E+10 3.916700E+11 2.667707E+12 1.839638E+13 1.302770E+14 9.767892E+14 8.281547E+15 9.155686E+16 	6.106000e+01 6.155000e+01 6.348000e+01 6.752000e+01 6.756000e+01 6.222000e+01 5.524000e+01 4.850000e+01 	73 73 73 73 73 73 73 73             !         9
6.9860E-07 1.4984E-06 3.2140E-06 6.8938E-06 1.4787E-05 3.1716E-05 6.8028E-05 1.4591E-04     4.953209E+10 3.353620E+11 2.283228E+12 1.573084E+13 1.111853E+14 8.301946E+14 6.976341E+15 7.566964E+16 	6.107000e+01 6.156000e+01 6.349000e+01 6.753000e+01 6.756000e+01 6.222000e+01 5.524000e+01 4.850000e+01 	73 73 73 73 73 73 73 73             !         10
6.9860E-07 1.4984E-06 3.2140E-06 6.8938E-06 1.4787E-05 3.1716E-05 6.8028E-05 1.4591E-04     4.267057E+10 2.888498E+11 1.965750E+12 1.353152E+13 9.545923E+13 7.098753E+14 5.913400E+15 6.295010E+16 	6.104000e+01 6.153000e+01 6.346000e+01 6.750000e+01 6.754000e+01 6.220000e+01 5.523000e+01 4.849000e+01 	73 73 73 73 73 73 73 73             !         11
6.9860E-07 1.4984E-06 3.2140E-06 6.8938E-06 1.4787E-05 3.1716E-05 6.8028E-05 1.4591E-04     3.697954E+10 2.502783E+11 1.702564E+12 1.170967E+13 8.245306E+13 6.107107E+14 5.043922E+15 5.271611E+16 	6.104000e+01 6.153000e+01 6.346000e+01 6.750000e+01 6.754000e+01 6.220000e+01 5.523000e+01 4.849000e+01 	73 73 73 73 73 73 73 73             !         12
6.9860E-07 1.4984E-06 3.2140E-06 6.8938E-06 1.4787E-05 3.1716E-05 6.8028E-05 1.4591E-04     3.224132E+10 2.181695E+11 1.483549E+12 1.019466E+13 7.165413E+13 5.286488E+14 4.329602E+15 4.444157E+16 	6.097000e+01 6.145000e+01 6.339000e+01 6.742000e+01 6.747000e+01 6.214000e+01 5.518000e+01 4.844000e+01 	73 73 73 73 73 73 73 73             !         13
6.9860E-07 1.4984E-06 3.2140E-06 6.8938E-06 1.4787E-05 3.1716E-05 6.8028E-05 1.4591E-04     2.828187E+10 1.913421E+11 1.300616E+12 8.930113E+12 6.265371E+13 4.604716E+14 3.740259E+15 3.771901E+16 	6.091000e+01 6.138000e+01 6.331000e+01 6.734000e+01 6.740000e+01 6.208000e+01 5.512000e+01 4.840000e+01 	73 73 73 73 73 73 73 73             !         14
6.9860E-07 1.4984E-06 3.2140E-06 6.8938E-06 1.4787E-05 3.1716E-05 6.8028E-05 1.4591E-04     2.496155E+10 1.688482E+11 1.147279E+12 7.870842E+12 5.512489E+13 4.036144E+14 3.252024E+15 3.223147E+16 	6.091000e+01 6.138000e+01 6.331000e+01 6.734000e+01 6.740000e+01 6.208000e+01 5.512000e+01 4.840000e+01 	73 73 73 73 73 73 73 73             !         15
6.9860E-07 1.4984E-06 3.2140E-06 6.8938E-06 1.4787E-05 3.1716E-05 6.8028E-05 1.4591E-04     2.216795E+10 1.499252E+11 1.018321E+12 6.980526E+12 4.880526E+13 3.560255E+14 2.845947E+15 2.773139E+16 	6.076000e+01 6.123000e+01 6.315000e+01 6.717000e+01 6.725000e+01 6.196000e+01 5.502000e+01 4.831000e+01 	73 73 73 73 73 73 73 73             !         16
6.9860E-07 1.4984E-06 3.2140E-06 6.8938E-06 1.4787E-05 3.1716E-05 6.8028E-05 1.4591E-04     1.981030E+10 1.339572E+11 9.095292E+11 6.229862E+12 4.348347E+13 3.160581E+14 2.506925E+15 2.402455E+16 	6.076000e+01 6.123000e+01 6.315000e+01 6.717000e+01 6.725000e+01 6.196000e+01 5.502000e+01 4.831000e+01 	73 73 73 73 73 73 73 73             !         17
6.9860E-07 1.4984E-06 3.2140E-06 6.8938E-06 1.4787E-05 3.1716E-05 6.8028E-05 1.4591E-04     1.781503E+10 1.204450E+11 8.174919E+11 5.595137E+12 3.898872E+13 2.823857E+14 2.222881E+15 2.095800E+16 	6.055000e+01 6.101000e+01 6.292000e+01 6.694000e+01 6.704000e+01 6.178000e+01 5.487000e+01 4.818000e+01 	73 73 73 73 73 73 73 73             !         18
6.9860E-07 1.4984E-06 3.2140E-06 6.8938E-06 1.4787E-05 3.1716E-05 6.8028E-05 1.4591E-04     1.612234E+10 1.089831E+11 7.394370E+11 5.057094E+12 3.518253E+13 2.539361E+14 1.984117E+15 1.841074E+16 	6.022000e+01 6.069000e+01 6.257000e+01 6.656000e+01 6.671000e+01 6.150000e+01 5.462000e+01 4.797000e+01 	73 73 73 73 73 73 73 73             !         19
6.9860E-07 1.4984E-06 3.2140E-06 6.8938E-06 1.4787E-05 3.1716E-05 6.8028E-05 1.4591E-04     1.468347E+10 9.924077E+10 6.731052E+11 4.600050E+12 3.195226E+13 2.298400E+14 1.782821E+15 1.628669E+16 	6.022000e+01 6.069000e+01 6.257000e+01 6.656000e+01 6.671000e+01 6.150000e+01 5.462000e+01 4.797000e+01 	73 73 73 73 73 73 73 73             !         20
6.9860E-07 1.4984E-06 3.2140E-06 6.8938E-06 1.4787E-05 3.1716E-05 6.8028E-05 1.4591E-04     1.345855E+10 9.094768E+10 6.166495E+11 4.211190E+12 2.920601E+13 2.093898E+14 1.612677E+15 1.450922E+16 	5.976000e+01 6.021000e+01 6.207000e+01 6.604000e+01 6.623000e+01 6.108000e+01 5.428000e+01 4.768000e+01 	73 73 73 73 73 73 73 73             !         21
6.9860E-07 1.4984E-06 3.2140E-06 6.8938E-06 1.4787E-05 3.1716E-05 6.8028E-05 1.4591E-04     1.241488E+10 8.388208E+10 5.685561E+11 3.880018E+12 2.686857E+13 1.920082E+14 1.468561E+15 1.301700E+16 	5.909000e+01 5.953000e+01 6.134000e+01 6.527000e+01 6.553000e+01 6.050000e+01 5.378000e+01 4.726000e+01 	73 73 73 73 73 73 73 73             !         22
6.9860E-07 1.4984E-06 3.2140E-06 6.8938E-06 1.4787E-05 3.1716E-05 6.8028E-05 1.4591E-04     1.152556E+10 7.786167E+10 5.275802E+11 3.597907E+12 2.487824E+13 1.772228E+14 1.346300E+15 1.176072E+16 	5.909000e+01 5.953000e+01 6.134000e+01 6.527000e+01 6.553000e+01 6.050000e+01 5.378000e+01 4.726000e+01 	73 73 73 73 73 73 73 73             !         23
6.9860E-07 1.4984E-06 3.2140E-06 6.8938E-06 1.4787E-05 3.1716E-05 6.8028E-05 1.4591E-04     1.076843E+10 7.273620E+10 4.926963E+11 3.357755E+12 2.318424E+13 1.646457E+14 1.242490E+15 1.070061E+16 	5.815000e+01 5.857000e+01 6.032000e+01 6.419000e+01 6.455000e+01 5.965000e+01 5.306000e+01 4.666000e+01 	73 73 73 73 73 73 73 73             !         24
6.9860E-07 1.4984E-06 3.2140E-06 6.8938E-06 1.4787E-05 3.1716E-05 6.8028E-05 1.4591E-04     1.012517E+10 6.838152E+10 4.630573E+11 3.153695E+12 2.174467E+13 1.539574E+14 1.154340E+15 9.804457E+15 	5.682000e+01 5.723000e+01 5.890000e+01 6.268000e+01 6.316000e+01 5.846000e+01 5.205000e+01 4.581000e+01 	73 73 73 73 73 73 73 73             !         25
6.9860E-07 1.4984E-06 3.2140E-06 6.8938E-06 1.4787E-05 3.1716E-05 6.8028E-05 1.4591E-04     9.580612E+09 6.469482E+10 4.379616E+11 2.980873E+12 2.052491E+13 1.448945E+14 1.079558E+15 9.046085E+15 	5.682000e+01 5.723000e+01 5.890000e+01 6.268000e+01 6.316000e+01 5.846000e+01 5.205000e+01 4.581000e+01 	73 73 73 73 73 73 73 73             !         26
6.9860E-07 1.4984E-06 3.2140E-06 6.8938E-06 1.4787E-05 3.1716E-05 6.8028E-05 1.4591E-04     9.122171E+09 6.159077E+10 4.168272E+11 2.835261E+12 1.949624E+13 1.372389E+14 1.016255E+15 8.404125E+15 	5.504000e+01 5.541000e+01 5.697000e+01 6.063000e+01 6.127000e+01 5.684000e+01 5.068000e+01 4.465000e+01 	73 73 73 73 73 73 73 73             !         27
6.9860E-07 1.4984E-06 3.2140E-06 6.8938E-06 1.4787E-05 3.1716E-05 6.8028E-05 1.4591E-04     8.739365E+09 5.899837E+10 3.991699E+11 2.713510E+12 1.863478E+13 1.308095E+14 9.628659E+14 7.861076E+15 	5.267000e+01 5.300000e+01 5.443000e+01 5.789000e+01 5.873000e+01 5.466000e+01 4.883000e+01 4.309000e+01 	73 73 73 73 73 73 73 73             !         28
6.9860E-07 1.4984E-06 3.2140E-06 6.8938E-06 1.4787E-05 3.1716E-05 6.8028E-05 1.4591E-04     8.423450E+09 5.685838E+10 3.845854E+11 2.612824E+12 1.792064E+13 1.254555E+14 9.180954E+14 7.402541E+15 	5.267000e+01 5.300000e+01 5.443000e+01 5.789000e+01 5.873000e+01 5.466000e+01 4.883000e+01 4.309000e+01 	73 73 73 73 73 73 73 73             !         29
6.9860E-07 1.4984E-06 3.2140E-06 6.8938E-06 1.4787E-05 3.1716E-05 6.8028E-05 1.4591E-04     8.167099E+09 5.512114E+10 3.727351E+11 2.530863E+12 1.733714E+13 1.210508E+14 8.808617E+14 7.016623E+15 	4.966000e+01 4.996000e+01 5.122000e+01 5.442000e+01 5.546000e+01 5.186000e+01 4.646000e+01 4.110000e+01 	73 73 73 73 73 73 73 73             !         30
6.9860E-07 1.4984E-06 3.2140E-06 6.8938E-06 1.4787E-05 3.1716E-05 6.8028E-05 1.4591E-04     7.964133E+09 5.374478E+10 3.633336E+11 2.465652E+12 1.687026E+13 1.174894E+14 8.502580E+14 6.693438E+15 	4.604000e+01 4.629000e+01 4.736000e+01 5.022000e+01 5.142000e+01 4.838000e+01 4.353000e+01 3.865000e+01 	73 73 73 73 73 73 73 73             !         31
6.9860E-07 1.4984E-06 3.2140E-06 6.8938E-06 1.4787E-05 3.1716E-05 6.8028E-05 1.4591E-04     7.809299E+09 5.269370E+10 3.561382E+11 2.415516E+12 1.650806E+13 1.146812E+14 8.255185E+14 6.424718E+15 	4.214000e+01 4.234000e+01 4.324000e+01 4.570000e+01 4.691000e+01 4.444000e+01 4.024000e+01 3.590000e+01 	73 73 73 73 73 73 73 73             !         32
6.9860E-07 1.4984E-06 3.2140E-06 6.8938E-06 1.4787E-05 3.1716E-05 6.8028E-05 1.4591E-04     7.698070E+09 5.193726E+10 3.509398E+11 2.379010E+12 1.624030E+13 1.125492E+14 8.059896E+14 6.203489E+15 	4.214000e+01 4.234000e+01 4.324000e+01 4.570000e+01 4.691000e+01 4.444000e+01 4.024000e+01 3.590000e+01 	73 73 73 73 73 73 73 73             !         33
6.9860E-07 1.4984E-06 3.2140E-06 6.8938E-06 1.4787E-05 3.1716E-05 6.8028E-05 1.4591E-04     7.626478E+09 5.144857E+10 3.475554E+11 2.354871E+12 1.605800E+13 1.110260E+14 7.911058E+14 6.023809E+15 	3.850000e+01 3.869000e+01 3.947000e+01 4.154000e+01 4.252000e+01 4.049000e+01 3.692000e+01 3.312000e+01 	73 73 73 73 73 73 73 73             !         34
6.9860E-07 1.4984E-06 3.2140E-06 6.8938E-06 1.4787E-05 3.1716E-05 6.8028E-05 1.4591E-04     7.590955E+09 5.120346E+10 3.458203E+11 2.341963E+12 1.595315E+13 1.100519E+14 7.803694E+14 5.880544E+15 	3.574000e+01 3.592000e+01 3.668000e+01 3.854000e+01 3.913000e+01 3.721000e+01 3.409000e+01 3.068000e+01 	73 73 73 73 73 73 73 73             !         35
6.9860E-07 1.4984E-06 3.2140E-06 6.8938E-06 1.4787E-05 3.1716E-05 6.8028E-05 1.4591E-04     7.588199E+09 5.117958E+10 3.455824E+11 2.339240E+12 1.591837E+13 1.095721E+14 7.733319E+14 5.769186E+15 	3.615000e+01 3.633000e+01 3.710000e+01 3.898000e+01 3.959000e+01 3.764000e+01 3.448000e+01 3.104000e+01 	73 73 73 73 73 73 73 73             !         36
6.9860E-07 1.4984E-06 3.2140E-06 6.8938E-06 1.4787E-05 3.1716E-05 6.8028E-05 1.4591E-04     7.615049E+09 5.135555E+10 3.466965E+11 2.345704E+12 1.594665E+13 1.095353E+14 7.695797E+14 5.685703E+15 	3.431000e+01 3.449000e+01 3.528000e+01 3.713000e+01 3.747000e+01 3.537000e+01 3.235000e+01 2.906000e+01 	73 73 73 73 73 73 73 73             !         37
6.9860E-07 1.4984E-06 3.2140E-06 6.8938E-06 1.4787E-05 3.1716E-05 6.8028E-05 1.4591E-04     7.668380E+09 5.171023E+10 3.490189E+11 2.360373E+12 1.603115E+13 1.098918E+14 7.687204E+14 5.626413E+15 	3.297000e+01 3.317000e+01 3.397000e+01 3.584000e+01 3.611000e+01 3.388000e+01 3.083000e+01 2.754000e+01 	73 73 73 73 73 73 73 73             !         38
6.9860E-07 1.4984E-06 3.2140E-06 6.8938E-06 1.4787E-05 3.1716E-05 6.8028E-05 1.4591E-04     7.745011E+09 5.222215E+10 3.524041E+11 2.382251E+12 1.616496E+13 1.105920E+14 7.703729E+14 5.587884E+15 	3.297000e+01 3.317000e+01 3.397000e+01 3.584000e+01 3.611000e+01 3.388000e+01 3.083000e+01 2.754000e+01 	73 73 73 73 73 73 73 73             !         39
6.9860E-07 1.4984E-06 3.2140E-06 6.8938E-06 1.4787E-05 3.1716E-05 6.8028E-05 1.4591E-04     7.841644E+09 5.286900E+10 3.567010E+11 2.410311E+12 1.634100E+13 1.115858E+14 7.741594E+14 5.566865E+15 	3.195000e+01 3.214000e+01 3.295000e+01 3.482000e+01 3.509000e+01 3.282000e+01 2.972000e+01 2.639000e+01 	73 73 73 73 73 73 73 73             !         40
6.9860E-07 1.4984E-06 3.2140E-06 6.8938E-06 1.4787E-05 3.1716E-05 6.8028E-05 1.4591E-04     7.954816E+09 5.362743E+10 3.617517E+11 2.443478E+12 1.655189E+13 1.128216E+14 7.797008E+14 5.560230E+15 	3.110000e+01 3.130000e+01 3.211000e+01 3.395000e+01 3.423000e+01 3.197000e+01 2.888000e+01 2.553000e+01 	73 73 73 73 73 73 73 73             !         41
6.9860E-07 1.4984E-06 3.2140E-06 6.8938E-06 1.4787E-05 3.1716E-05 6.8028E-05 1.4591E-04     8.080897E+09 5.447295E+10 3.673907E+11 2.480632E+12 1.678999E+13 1.142462E+14 7.866150E+14 5.564963E+15 	3.110000e+01 3.130000e+01 3.211000e+01 3.395000e+01 3.423000e+01 3.197000e+01 2.888000e+01 2.553000e+01 	73 73 73 73 73 73 73 73             !         42
6.9860E-07 1.4984E-06 3.2140E-06 6.8938E-06 1.4787E-05 3.1716E-05 6.8028E-05 1.4591E-04     8.216116E+09 5.538011E+10 3.734463E+11 2.520610E+12 1.704739E+13 1.158055E+14 7.945189E+14 5.578149E+15 	3.043000e+01 3.062000e+01 3.141000e+01 3.323000e+01 3.352000e+01 3.130000e+01 2.825000e+01 2.493000e+01 	73 73 73 73 73 73 73 73             !         43
6.9860E-07 1.4984E-06 3.2140E-06 6.8938E-06 1.4787E-05 3.1716E-05 6.8028E-05 1.4591E-04     8.356620E+09 5.632295E+10 3.797432E+11 2.562230E+12 1.731609E+13 1.174447E+14 8.030333E+14 5.597007E+15 	2.978000e+01 2.996000e+01 3.074000e+01 3.252000e+01 3.280000e+01 3.064000e+01 2.767000e+01 2.440000e+01 	73 73 73 73 73 73 73 73             !         44
6.9860E-07 1.4984E-06 3.2140E-06 6.8938E-06 1.4787E-05 3.1716E-05 6.8028E-05 1.4591E-04     8.498568E+09 5.727559E+10 3.861071E+11 2.604315E+12 1.758814E+13 1.191101E+14 8.117909E+14 5.618929E+15 	2.978000e+01 2.996000e+01 3.074000e+01 3.252000e+01 3.280000e+01 3.064000e+01 2.767000e+01 2.440000e+01 	73 73 73 73 73 73 73 73             !         45
6.9860E-07 1.4984E-06 3.2140E-06 6.8938E-06 1.4787E-05 3.1716E-05 6.8028E-05 1.4591E-04     8.638255E+09 5.821306E+10 3.923699E+11 2.645734E+12 1.785593E+13 1.207505E+14 8.204463E+14 5.641535E+15 	2.921000e+01 2.939000e+01 3.015000e+01 3.190000e+01 3.219000e+01 3.008000e+01 2.717000e+01 2.396000e+01 	73 73 73 73 73 73 73 73             !         46
6.9860E-07 1.4984E-06 3.2140E-06 6.8938E-06 1.4787E-05 3.1716E-05 6.8028E-05 1.4591E-04     8.772244E+09 5.911222E+10 3.983756E+11 2.685438E+12 1.811243E+13 1.223189E+14 8.286874E+14 5.662736E+15 	2.867000e+01 2.885000e+01 2.958000e+01 3.130000e+01 3.160000e+01 2.954000e+01 2.669000e+01 2.354000e+01 	73 73 73 73 73 73 73 73             !         47
6.9860E-07 1.4984E-06 3.2140E-06 6.8938E-06 1.4787E-05 3.1716E-05 6.8028E-05 1.4591E-04     8.897496E+09 5.995261E+10 4.039867E+11 2.722504E+12 1.835145E+13 1.237744E+14 8.362459E+14 5.680788E+15 	2.818000e+01 2.835000e+01 2.907000e+01 3.077000e+01 3.108000e+01 2.907000e+01 2.629000e+01 2.319000e+01 	73 73 73 73 73 73 73 73             !         48
6.9860E-07 1.4984E-06 3.2140E-06 6.8938E-06 1.4787E-05 3.1716E-05 6.8028E-05 1.4591E-04     9.011496E+09 6.071730E+10 4.090896E+11 2.756170E+12 1.856794E+13 1.250836E+14 8.429067E+14 5.694345E+15 	2.818000e+01 2.835000e+01 2.907000e+01 3.077000e+01 3.108000e+01 2.907000e+01 2.629000e+01 2.319000e+01 	73 73 73 73 73 73 73 73             !         49
6.9860E-07 1.4984E-06 3.2140E-06 6.8938E-06 1.4787E-05 3.1716E-05 6.8028E-05 1.4591E-04     9.112341E+09 6.139348E+10 4.135980E+11 2.785860E+12 1.875806E+13 1.262215E+14 8.485143E+14 5.702481E+15 	2.766000e+01 2.782000e+01 2.852000e+01 3.018000e+01 3.050000e+01 2.855000e+01 2.584000e+01 2.280000e+01 	73 73 73 73 73 73 73 73             !         50
6.9860E-07 1.4984E-06 3.2140E-06 6.8938E-06 1.4787E-05 3.1716E-05 6.8028E-05 1.4591E-04     9.198790E+09 6.197283E+10 4.174564E+11 2.811203E+12 1.891939E+13 1.271728E+14 8.529759E+14 5.704694E+15 	2.718000e+01 2.734000e+01 2.802000e+01 2.964000e+01 2.999000e+01 2.809000e+01 2.545000e+01 2.247000e+01 	73 73 73 73 73 73 73 73             !         51
6.9860E-07 1.4984E-06 3.2140E-06 6.8938E-06 1.4787E-05 3.1716E-05 6.8028E-05 1.4591E-04     9.270276E+09 6.245155E+10 4.206393E+11 2.832034E+12 1.905088E+13 1.279311E+14 8.562602E+14 5.700894E+15 	2.718000e+01 2.734000e+01 2.802000e+01 2.964000e+01 2.999000e+01 2.809000e+01 2.545000e+01 2.247000e+01 	73 73 73 73 73 73 73 73             !         52
6.9860E-07 1.4984E-06 3.2140E-06 6.8938E-06 1.4787E-05 3.1716E-05 6.8028E-05 1.4591E-04     9.326870E+09 6.283012E+10 4.231503E+11 2.848380E+12 1.915275E+13 1.284990E+14 8.583933E+14 5.691357E+15 	2.676000e+01 2.692000e+01 2.758000e+01 2.919000e+01 2.955000e+01 2.769000e+01 2.510000e+01 2.217000e+01 	73 73 73 73 73 73 73 73             !         53
6.9860E-07 1.4984E-06 3.2140E-06 6.8938E-06 1.4787E-05 3.1716E-05 6.8028E-05 1.4591E-04     9.369211E+09 6.311288E+10 4.250189E+11 2.860442E+12 1.922643E+13 1.288863E+14 8.594506E+14 5.676666E+15 	2.638000e+01 2.653000e+01 2.718000e+01 2.876000e+01 2.913000e+01 2.731000e+01 2.477000e+01 2.189000e+01 	73 73 73 73 73 73 73 73             !         54
6.9860E-07 1.4984E-06 3.2140E-06 6.8938E-06 1.4787E-05 3.1716E-05 6.8028E-05 1.4591E-04     9.398405E+09 6.330728E+10 4.262955E+11 2.868564E+12 1.927424E+13 1.291094E+14 8.595473E+14 5.657646E+15 	2.638000e+01 2.653000e+01 2.718000e+01 2.876000e+01 2.913000e+01 2.731000e+01 2.477000e+01 2.189000e+01 	73 73 73 73 73 73 73 73             !         55
6.9860E-07 1.4984E-06 3.2140E-06 6.8938E-06 1.4787E-05 3.1716E-05 6.8028E-05 1.4591E-04     9.415908E+09 6.342314E+10 4.270463E+11 2.873192E+12 1.929923E+13 1.291892E+14 8.588272E+14 5.635286E+15 	2.604000e+01 2.619000e+01 2.682000e+01 2.837000e+01 2.875000e+01 2.698000e+01 2.448000e+01 2.165000e+01 	73 73 73 73 73 73 73 73             !         56
6.9860E-07 1.4984E-06 3.2140E-06 6.8938E-06 1.4787E-05 3.1716E-05 6.8028E-05 1.4591E-04     9.423402E+09 6.347181E+10 4.273479E+11 2.874844E+12 1.930490E+13 1.291492E+14 8.574514E+14 5.610667E+15 	2.574000e+01 2.589000e+01 2.651000e+01 2.804000e+01 2.843000e+01 2.668000e+01 2.422000e+01 2.143000e+01 	73 73 73 73 73 73 73 73             !         57
6.9860E-07 1.4984E-06 3.2140E-06 6.8938E-06 1.4787E-05 3.1716E-05 6.8028E-05 1.4591E-04     9.422675E+09 6.346533E+10 4.272814E+11 2.874068E+12 1.929494E+13 1.290144E+14 8.555875E+14 5.584894E+15 	2.574000e+01 2.589000e+01 2.651000e+01 2.804000e+01 2.843000e+01 2.668000e+01 2.422000e+01 2.143000e+01 	73 73 73 73 73 73 73 73             !         58
6.9860E-07 1.4984E-06 3.2140E-06 6.8938E-06 1.4787E-05 3.1716E-05 6.8028E-05 1.4591E-04     9.415511E+09 6.341573E+10 4.269279E+11 2.871407E+12 1.927301E+13 1.288095E+14 8.534003E+14 5.559035E+15 	2.547000e+01 2.562000e+01 2.623000e+01 2.775000e+01 2.813000e+01 2.640000e+01 2.399000e+01 2.123000e+01 	73 73 73 73 73 73 73 73             !         59
6.9860E-07 1.4984E-06 3.2140E-06 6.8938E-06 1.4787E-05 3.1716E-05 6.8028E-05 1.4591E-04     9.403594E+09 6.333433E+10 4.263636E+11 2.867377E+12 1.924258E+13 1.285577E+14 8.510432E+14 5.534074E+15 	2.524000e+01 2.538000e+01 2.599000e+01 2.749000e+01 2.788000e+01 2.618000e+01 2.379000e+01 2.106000e+01 	73 73 73 73 73 73 73 73             !         60
6.9860E-07 1.4984E-06 3.2140E-06 6.8938E-06 1.4787E-05 3.1716E-05 6.8028E-05 1.4591E-04     9.388426E+09 6.323128E+10 4.256569E+11 2.862436E+12 1.920672E+13 1.282794E+14 8.486520E+14 5.510874E+15 	2.507000e+01 2.520000e+01 2.580000e+01 2.729000e+01 2.769000e+01 2.601000e+01 2.365000e+01 2.094000e+01 	73 73 73 73 73 73 73 73             !         61
6.9860E-07 1.4984E-06 3.2140E-06 6.8938E-06 1.4787E-05 3.1716E-05 6.8028E-05 1.4591E-04     9.371274E+09 6.311508E+10 4.248649E+11 2.856970E+12 1.916802E+13 1.279920E+14 8.463398E+14 5.490143E+15 	2.507000e+01 2.520000e+01 2.580000e+01 2.729000e+01 2.769000e+01 2.601000e+01 2.365000e+01 2.094000e+01 	73 73 73 73 73 73 73 73             !         62
6.9860E-07 1.4984E-06 3.2140E-06 6.8938E-06 1.4787E-05 3.1716E-05 6.8028E-05 1.4591E-04     9.353116E+09 6.299234E+10 4.240322E+11 2.851277E+12 1.912848E+13 1.277087E+14 8.441935E+14 5.472423E+15 	2.495000e+01 2.509000e+01 2.568000e+01 2.717000e+01 2.758000e+01 2.591000e+01 2.357000e+01 2.087000e+01 	73 73 73 73 73 73 73 73             !         63
6.9860E-07 1.4984E-06 3.2140E-06 6.8938E-06 1.4787E-05 3.1716E-05 6.8028E-05 1.4591E-04     9.334618E+09 6.286754E+10 4.231889E+11 2.845560E+12 1.908945E+13 1.274385E+14 8.422714E+14 5.458069E+15 	2.495000e+01 2.510000e+01 2.569000e+01 2.717000e+01 2.757000e+01 2.591000e+01 2.356000e+01 2.086000e+01 	73 73 73 73 73 73 73 73             !         64
