! Reference radius AU = 1.000E+02
! Midplan temperature (K) at the reference radius AU = 1.000E+01
! Atmosphere (4H) temperature (K) at the reference radius AU = 5.000E+01
! Radius where the structure is computed (AU) = 1.000E+02
! Midplan temperature (K) at the requested radius = 1.000E+01
! Atmosphere temperature (K) at the requested radius = 5.000E+01
! Mass of the central object (g) = 1.153E+33
! UV field coming from the star at the reference radius AU (unit: mean ISM field) = 4.100E+02
! UV field coming from the star at the requested radius = 1.850E+02
! Vertical resolution =  64
! Scale Height H in au = 8.210E+00
! Distance [AU] ; H Gas density [part/cm^3] ; Gas Temperature [K] ; Visual Extinction [mag] ; Diffusion coefficient [cm^2/s]; Dust Temperature [K]; 1/abundance of grains ; AV/NH conversion factor ; radius of grains (cm)
3.28400E+01   4.78153E+06   5.00000E+01   0.00000E+00   0.00000E+00   0.00000E+00   5.56445E+11   8.50000E-22   1.00000E-05
3.23229E+01   5.02985E+06   4.99511E+01   3.30770E-02   0.00000E+00   0.00000E+00   5.56445E+11   8.50000E-22   1.00000E-05
3.18057E+01   5.29797E+06   4.98046E+01   6.79172E-02   0.00000E+00   0.00000E+00   5.56445E+11   8.50000E-22   1.00000E-05
3.12885E+01   5.58819E+06   4.95614E+01   1.04666E-01   0.00000E+00   0.00000E+00   5.56445E+11   8.50000E-22   1.00000E-05
3.07714E+01   5.90306E+06   4.92231E+01   1.43485E-01   0.00000E+00   0.00000E+00   5.56445E+11   8.50000E-22   1.00000E-05
3.02542E+01   6.24543E+06   4.87917E+01   1.84556E-01   0.00000E+00   0.00000E+00   5.56445E+11   8.50000E-22   1.00000E-05
2.97370E+01   6.61853E+06   4.82697E+01   2.28081E-01   0.00000E+00   0.00000E+00   5.56445E+11   8.50000E-22   1.00000E-05
2.92199E+01   7.02598E+06   4.76604E+01   2.74285E-01   0.00000E+00   0.00000E+00   5.56445E+11   8.50000E-22   1.00000E-05
2.87027E+01   7.47191E+06   4.69674E+01   3.23421E-01   0.00000E+00   0.00000E+00   5.56445E+11   8.50000E-22   1.00000E-05
2.81855E+01   7.96096E+06   4.61949E+01   3.75773E-01   0.00000E+00   0.00000E+00   5.56445E+11   8.50000E-22   1.00000E-05
2.76684E+01   8.49840E+06   4.53475E+01   4.31660E-01   0.00000E+00   0.00000E+00   5.56445E+11   8.50000E-22   1.00000E-05
2.71512E+01   9.09025E+06   4.44301E+01   4.91439E-01   0.00000E+00   0.00000E+00   5.56445E+11   8.50000E-22   1.00000E-05
2.66340E+01   9.74335E+06   4.34482E+01   5.55513E-01   0.00000E+00   0.00000E+00   5.56445E+11   8.50000E-22   1.00000E-05
2.61169E+01   1.04655E+07   4.24074E+01   6.24335E-01   0.00000E+00   0.00000E+00   5.56445E+11   8.50000E-22   1.00000E-05
2.55997E+01   1.12656E+07   4.13136E+01   6.98420E-01   0.00000E+00   0.00000E+00   5.56445E+11   8.50000E-22   1.00000E-05
2.50825E+01   1.21539E+07   4.01733E+01   7.78346E-01   0.00000E+00   0.00000E+00   5.56445E+11   8.50000E-22   1.00000E-05
2.45654E+01   1.31421E+07   3.89926E+01   8.64770E-01   0.00000E+00   0.00000E+00   5.56445E+11   8.50000E-22   1.00000E-05
2.40482E+01   1.42435E+07   3.77781E+01   9.58437E-01   0.00000E+00   0.00000E+00   5.56445E+11   8.50000E-22   1.00000E-05
2.35310E+01   1.54736E+07   3.65364E+01   1.06019E+00   0.00000E+00   0.00000E+00   5.56445E+11   8.50000E-22   1.00000E-05
2.30139E+01   1.68501E+07   3.52742E+01   1.17100E+00   0.00000E+00   0.00000E+00   5.56445E+11   8.50000E-22   1.00000E-05
2.24967E+01   1.83931E+07   3.39979E+01   1.29196E+00   0.00000E+00   0.00000E+00   5.56445E+11   8.50000E-22   1.00000E-05
2.19795E+01   2.01260E+07   3.27142E+01   1.42431E+00   0.00000E+00   0.00000E+00   5.56445E+11   8.50000E-22   1.00000E-05
2.14624E+01   2.20756E+07   3.14295E+01   1.56948E+00   0.00000E+00   0.00000E+00   5.56445E+11   8.50000E-22   1.00000E-05
2.09452E+01   2.42724E+07   3.01499E+01   1.72910E+00   0.00000E+00   0.00000E+00   5.56445E+11   8.50000E-22   1.00000E-05
2.04280E+01   2.67515E+07   2.88814E+01   1.90502E+00   0.00000E+00   0.00000E+00   5.56445E+11   8.50000E-22   1.00000E-05
1.99109E+01   2.95529E+07   2.76299E+01   2.09937E+00   0.00000E+00   0.00000E+00   5.56445E+11   8.50000E-22   1.00000E-05
1.93937E+01   3.27221E+07   2.64007E+01   2.31455E+00   0.00000E+00   0.00000E+00   5.56445E+11   8.50000E-22   1.00000E-05
1.88765E+01   3.63107E+07   2.51990E+01   2.55334E+00   0.00000E+00   0.00000E+00   5.56445E+11   8.50000E-22   1.00000E-05
1.83594E+01   4.03768E+07   2.40296E+01   2.81886E+00   0.00000E+00   0.00000E+00   5.56445E+11   8.50000E-22   1.00000E-05
1.78422E+01   4.49854E+07   2.28966E+01   3.11469E+00   0.00000E+00   0.00000E+00   5.56445E+11   8.50000E-22   1.00000E-05
1.73250E+01   5.02088E+07   2.18042E+01   3.44487E+00   0.00000E+00   0.00000E+00   5.56445E+11   8.50000E-22   1.00000E-05
1.68079E+01   5.61263E+07   2.07557E+01   3.81397E+00   0.00000E+00   0.00000E+00   5.56445E+11   8.50000E-22   1.00000E-05
1.62907E+01   6.28238E+07   1.97542E+01   4.22711E+00   0.00000E+00   0.00000E+00   5.56445E+11   8.50000E-22   1.00000E-05
1.57736E+01   7.03931E+07   1.88021E+01   4.69002E+00   0.00000E+00   0.00000E+00   5.56445E+11   8.50000E-22   1.00000E-05
1.52564E+01   7.89300E+07   1.79017E+01   5.20908E+00   0.00000E+00   0.00000E+00   5.56445E+11   8.50000E-22   1.00000E-05
1.47392E+01   8.85316E+07   1.70543E+01   5.79127E+00   0.00000E+00   0.00000E+00   5.56445E+11   8.50000E-22   1.00000E-05
1.42221E+01   9.92938E+07   1.62613E+01   6.44424E+00   0.00000E+00   0.00000E+00   5.56445E+11   8.50000E-22   1.00000E-05
1.37049E+01   1.11306E+08   1.55231E+01   7.17621E+00   0.00000E+00   0.00000E+00   5.56445E+11   8.50000E-22   1.00000E-05
1.31877E+01   1.24646E+08   1.48399E+01   7.99590E+00   0.00000E+00   0.00000E+00   5.56445E+11   8.50000E-22   1.00000E-05
1.26706E+01   1.39373E+08   1.42114E+01   8.91243E+00   0.00000E+00   0.00000E+00   5.56445E+11   8.50000E-22   1.00000E-05
1.21534E+01   1.55522E+08   1.36370E+01   9.93517E+00   0.00000E+00   0.00000E+00   5.56445E+11   8.50000E-22   1.00000E-05
1.16362E+01   1.73097E+08   1.31156E+01   1.10735E+01   0.00000E+00   0.00000E+00   5.56445E+11   8.50000E-22   1.00000E-05
1.11191E+01   1.92060E+08   1.26456E+01   1.23365E+01   0.00000E+00   0.00000E+00   5.56445E+11   8.50000E-22   1.00000E-05
1.06019E+01   2.12334E+08   1.22251E+01   1.37328E+01   0.00000E+00   0.00000E+00   5.56445E+11   8.50000E-22   1.00000E-05
1.00847E+01   2.33790E+08   1.18522E+01   1.52703E+01   0.00000E+00   0.00000E+00   5.56445E+11   8.50000E-22   1.00000E-05
9.56756E+00   2.56257E+08   1.15243E+01   1.69555E+01   0.00000E+00   0.00000E+00   5.56445E+11   8.50000E-22   1.00000E-05
9.05040E+00   2.79514E+08   1.12388E+01   1.87936E+01   0.00000E+00   0.00000E+00   5.56445E+11   8.50000E-22   1.00000E-05
8.53323E+00   3.03305E+08   1.09928E+01   2.07882E+01   0.00000E+00   0.00000E+00   5.56445E+11   8.50000E-22   1.00000E-05
8.01607E+00   3.27343E+08   1.07834E+01   2.29408E+01   0.00000E+00   0.00000E+00   5.56445E+11   8.50000E-22   1.00000E-05
7.49890E+00   3.51322E+08   1.06074E+01   2.52512E+01   0.00000E+00   0.00000E+00   5.56445E+11   8.50000E-22   1.00000E-05
6.98174E+00   3.74930E+08   1.04617E+01   2.77167E+01   0.00000E+00   0.00000E+00   5.56445E+11   8.50000E-22   1.00000E-05
6.46457E+00   3.97862E+08   1.03430E+01   3.03331E+01   0.00000E+00   0.00000E+00   5.56445E+11   8.50000E-22   1.00000E-05
5.94741E+00   4.19828E+08   1.02482E+01   3.30940E+01   0.00000E+00   0.00000E+00   5.56445E+11   8.50000E-22   1.00000E-05
5.43024E+00   4.40565E+08   1.01740E+01   3.59912E+01   0.00000E+00   0.00000E+00   5.56445E+11   8.50000E-22   1.00000E-05
4.91307E+00   4.59841E+08   1.01176E+01   3.90152E+01   0.00000E+00   0.00000E+00   5.56445E+11   8.50000E-22   1.00000E-05
4.39591E+00   4.77460E+08   1.00759E+01   4.21550E+01   0.00000E+00   0.00000E+00   5.56445E+11   8.50000E-22   1.00000E-05
3.87874E+00   4.93264E+08   1.00463E+01   4.53988E+01   0.00000E+00   0.00000E+00   5.56445E+11   8.50000E-22   1.00000E-05
3.36158E+00   5.07129E+08   1.00263E+01   4.87338E+01   0.00000E+00   0.00000E+00   5.56445E+11   8.50000E-22   1.00000E-05
2.84441E+00   5.18963E+08   1.00135E+01   5.21466E+01   0.00000E+00   0.00000E+00   5.56445E+11   8.50000E-22   1.00000E-05
2.32725E+00   5.28700E+08   1.00061E+01   5.56234E+01   0.00000E+00   0.00000E+00   5.56445E+11   8.50000E-22   1.00000E-05
1.81008E+00   5.36299E+08   1.00022E+01   5.91501E+01   0.00000E+00   0.00000E+00   5.56445E+11   8.50000E-22   1.00000E-05
1.29291E+00   5.41734E+08   1.00006E+01   6.27127E+01   0.00000E+00   0.00000E+00   5.56445E+11   8.50000E-22   1.00000E-05
7.75748E-01   5.44996E+08   1.00001E+01   6.62966E+01   0.00000E+00   0.00000E+00   5.56445E+11   8.50000E-22   1.00000E-05
2.58583E-01   5.46083E+08   1.00000E+01   6.98878E+01   0.00000E+00   0.00000E+00   5.56445E+11   8.50000E-22   1.00000E-05
