size1 size2 size3 size4 size5 size6 size7 size8
1.95118E-05 2.87640E-06 4.20776E-07 6.05438E-08 8.40751E-09 1.08180E-09 1.18143E-10 9.05983E-12
2.50582E-05 3.69486E-06 5.40767E-07 7.78890E-08 1.08402E-08 1.40146E-09 1.54619E-10 1.21190E-11
3.20536E-05 4.72739E-06 6.92212E-07 9.98037E-08 1.39204E-08 1.80812E-09 2.01495E-10 1.61365E-11
4.08394E-05 6.02446E-06 8.82548E-07 1.27374E-07 1.78040E-08 2.32321E-09 2.61463E-10 2.13867E-11
5.18272E-05 7.64697E-06 1.12075E-06 1.61911E-07 2.26794E-08 2.97280E-09 3.37833E-10 2.82146E-11
6.55105E-05 9.66794E-06 1.41758E-06 2.04992E-07 2.87734E-08 3.78843E-09 4.34649E-10 3.70509E-11
8.24783E-05 1.21745E-05 1.78591E-06 2.58501E-07 3.63581E-08 4.80804E-09 5.56828E-10 4.84305E-11
1.03429E-04 1.52702E-05 2.24100E-06 3.24675E-07 4.57571E-08 6.07703E-09 7.10310E-10 6.30133E-11
1.29188E-04 1.90771E-05 2.80087E-06 4.06162E-07 5.73540E-08 7.64946E-09 9.02236E-10 8.16095E-11
1.60723E-04 2.37384E-05 3.48671E-06 5.06073E-07 7.16008E-08 9.58926E-09 1.14114E-09 1.05207E-10
1.99163E-04 2.94215E-05 4.32324E-06 6.28045E-07 8.90265E-08 1.19717E-08 1.43714E-09 1.35002E-10
2.45818E-04 3.63206E-05 5.33915E-06 7.76303E-07 1.10248E-07 1.48847E-08 1.80222E-09 1.72438E-10
3.02201E-04 4.46595E-05 6.56760E-06 9.55731E-07 1.35978E-07 1.84307E-08 2.25040E-09 2.19240E-10
3.70043E-04 5.46952E-05 8.04657E-06 1.17193E-06 1.67037E-07 2.27278E-08 2.79807E-09 2.77460E-10
4.51319E-04 6.67204E-05 9.81943E-06 1.43131E-06 2.04365E-07 2.79118E-08 3.46419E-09 3.49522E-10
5.48265E-04 8.10665E-05 1.19353E-05 1.74112E-06 2.49029E-07 3.41378E-08 4.27061E-09 4.38273E-10
6.63397E-04 9.81066E-05 1.44493E-05 2.10953E-06 3.02232E-07 4.15812E-08 5.24231E-09 5.47027E-10
7.99523E-04 1.18258E-04 1.74234E-05 2.54570E-06 3.65324E-07 5.04400E-08 6.40769E-09 6.79623E-10
9.59764E-04 1.41982E-04 2.09262E-05 3.05979E-06 4.39810E-07 6.09351E-08 7.79875E-09 8.40468E-10
1.14755E-03 1.69790E-04 2.50333E-05 3.66302E-06 5.27351E-07 7.33122E-08 9.45135E-09 1.03459E-09
1.36665E-03 2.02238E-04 2.98275E-05 4.36767E-06 6.29771E-07 8.78415E-08 1.14053E-08 1.26768E-09
1.62112E-03 2.39933E-04 3.53985E-05 5.18710E-06 7.49055E-07 1.04819E-07 1.37046E-08 1.54614E-09
1.91536E-03 2.83523E-04 4.18431E-05 6.13568E-06 8.87346E-07 1.24564E-07 1.63972E-08 1.87706E-09
2.25404E-03 3.33705E-04 4.92645E-05 7.22876E-06 1.04694E-06 1.47422E-07 1.95353E-08 2.26832E-09
2.64208E-03 3.91210E-04 5.77715E-05 8.48260E-06 1.23026E-06 1.73759E-07 2.31747E-08 2.72851E-09
3.08466E-03 4.56805E-04 6.74783E-05 9.91418E-06 1.43986E-06 2.03962E-07 2.73750E-08 3.26693E-09
3.58710E-03 5.31283E-04 7.85028E-05 1.15411E-05 1.67838E-06 2.38432E-07 3.21987E-08 3.89358E-09
4.15484E-03 6.15452E-04 9.09655E-05 1.33815E-05 1.94854E-06 2.77585E-07 3.77111E-08 4.61905E-09
4.79338E-03 7.10129E-04 1.04988E-04 1.54533E-05 2.25309E-06 3.21841E-07 4.39788E-08 5.45445E-09
5.50812E-03 8.16119E-04 1.20690E-04 1.77747E-05 2.59474E-06 3.71624E-07 5.10698E-08 6.41126E-09
6.30437E-03 9.34208E-04 1.38189E-04 2.03633E-05 2.97617E-06 4.27348E-07 5.90513E-08 7.50120E-09
7.18711E-03 1.06514E-03 1.57597E-04 2.32357E-05 3.39993E-06 4.89411E-07 6.79891E-08 8.73599E-09
8.16099E-03 1.20961E-03 1.79016E-04 2.64076E-05 3.86839E-06 5.58190E-07 7.79462E-08 1.01272E-08
9.23010E-03 1.36822E-03 2.02538E-04 2.98926E-05 4.38368E-06 6.34024E-07 8.89807E-08 1.16858E-08
1.03979E-02 1.54150E-03 2.28240E-04 3.37025E-05 4.94761E-06 7.17207E-07 1.01144E-07 1.34222E-08
1.16670E-02 1.72982E-03 2.56181E-04 3.78463E-05 5.56160E-06 8.07976E-07 1.14481E-07 1.53456E-08
1.30392E-02 1.93346E-03 2.86400E-04 4.23301E-05 6.22663E-06 9.06501E-07 1.29023E-07 1.74638E-08
1.45149E-02 2.15249E-03 3.18911E-04 4.71561E-05 6.94310E-06 1.01287E-06 1.44794E-07 1.97828E-08
1.60937E-02 2.38684E-03 3.53701E-04 5.23227E-05 7.71086E-06 1.12708E-06 1.61799E-07 2.23064E-08
1.77734E-02 2.63619E-03 3.90727E-04 5.78236E-05 8.52903E-06 1.24902E-06 1.80031E-07 2.50362E-08
1.95507E-02 2.90005E-03 4.29914E-04 6.36479E-05 9.39604E-06 1.37848E-06 1.99464E-07 2.79705E-08
2.14205E-02 3.17766E-03 4.71151E-04 6.97792E-05 1.03095E-05 1.51512E-06 2.20053E-07 3.11047E-08
2.33760E-02 3.46804E-03 5.14292E-04 7.61959E-05 1.12663E-05 1.65847E-06 2.41732E-07 3.44308E-08
2.54090E-02 3.76993E-03 5.59151E-04 8.28707E-05 1.22622E-05 1.80795E-06 2.64415E-07 3.79370E-08
2.75094E-02 4.08185E-03 6.05507E-04 8.97704E-05 1.32925E-05 1.96281E-06 2.87993E-07 4.16077E-08
2.96653E-02 4.40205E-03 6.53100E-04 9.68565E-05 1.43513E-05 2.12220E-06 3.12338E-07 4.54232E-08
3.18634E-02 4.72853E-03 7.01634E-04 1.04085E-04 1.54322E-05 2.28512E-06 3.37297E-07 4.93602E-08
3.40888E-02 5.05907E-03 7.50779E-04 1.11407E-04 1.65276E-05 2.45046E-06 3.62698E-07 5.33913E-08
3.63250E-02 5.39126E-03 8.00173E-04 1.18767E-04 1.76294E-05 2.61699E-06 3.88350E-07 5.74855E-08
3.85545E-02 5.72246E-03 8.49428E-04 1.26109E-04 1.87291E-05 2.78337E-06 4.14043E-07 6.16086E-08
4.07587E-02 6.04991E-03 8.98131E-04 1.33370E-04 1.98172E-05 2.94820E-06 4.39556E-07 6.57231E-08
4.29181E-02 6.37074E-03 9.45852E-04 1.40486E-04 2.08842E-05 3.10997E-06 4.64651E-07 6.97895E-08
4.50128E-02 6.68196E-03 9.92149E-04 1.47392E-04 2.19200E-05 3.26717E-06 4.89086E-07 7.37659E-08
4.70226E-02 6.98058E-03 1.03658E-03 1.54020E-04 2.29145E-05 3.41824E-06 5.12612E-07 7.76098E-08
4.89275E-02 7.26363E-03 1.07869E-03 1.60303E-04 2.38578E-05 3.56163E-06 5.34980E-07 8.12777E-08
5.07078E-02 7.52817E-03 1.11805E-03 1.66178E-04 2.47398E-05 3.69582E-06 5.55944E-07 8.47268E-08
5.23446E-02 7.77139E-03 1.15425E-03 1.71579E-04 2.55512E-05 3.81934E-06 5.75268E-07 8.79154E-08
5.38201E-02 7.99065E-03 1.18687E-03 1.76450E-04 2.62830E-05 3.93079E-06 5.92726E-07 9.08037E-08
5.51178E-02 8.18350E-03 1.21557E-03 1.80735E-04 2.69269E-05 4.02891E-06 6.08112E-07 9.33548E-08
5.62232E-02 8.34776E-03 1.24002E-03 1.84384E-04 2.74755E-05 4.11255E-06 6.21237E-07 9.55354E-08
5.71234E-02 8.48154E-03 1.25993E-03 1.87357E-04 2.79224E-05 4.18071E-06 6.31942E-07 9.73164E-08
5.78080E-02 8.58328E-03 1.27507E-03 1.89618E-04 2.82624E-05 4.23256E-06 6.40091E-07 9.86740E-08
5.82689E-02 8.65178E-03 1.28527E-03 1.91141E-04 2.84913E-05 4.26749E-06 6.45582E-07 9.95895E-08
5.85008E-02 8.68624E-03 1.29040E-03 1.91907E-04 2.86065E-05 4.28507E-06 6.48345E-07 1.00050E-07
