! grain-radius [cm]                                         1/abundance of grains                               grain temp                         CR-peak-Temperaturegrain[K]                          spatial point                    

6.9860E-07 1.4984E-06 3.2140E-06 6.8938E-06 1.4787E-05 3.1716E-05 6.8028E-05 1.4591E-04     2.442885E+11 1.651150E+12 1.120020E+13 7.656029E+13 5.320388E+14 3.830493E+15 2.975634E+16 2.722089E+17 	7.257000e+01 7.315000e+01 7.550000e+01 8.040000e+01 8.044000e+01 7.397000e+01 6.571000e+01 5.786000e+01 	73 73 73 73 73 73 73 73             !         1
6.9860E-07 1.4984E-06 3.2140E-06 6.8938E-06 1.4787E-05 3.1716E-05 6.8028E-05 1.4591E-04     2.001170E+11 1.352453E+12 9.172008E+12 6.266624E+13 4.350372E+14 3.125208E+15 2.416281E+16 2.188061E+17 	7.257000e+01 7.315000e+01 7.550000e+01 8.040000e+01 8.044000e+01 7.397000e+01 6.571000e+01 5.786000e+01 	73 73 73 73 73 73 73 73             !         2
6.9860E-07 1.4984E-06 3.2140E-06 6.8938E-06 1.4787E-05 3.1716E-05 6.8028E-05 1.4591E-04     1.647997E+11 1.113653E+12 7.550865E+12 5.156569E+13 3.576134E+14 2.563438E+15 1.972729E+16 1.768636E+17 	7.258000e+01 7.315000e+01 7.550000e+01 8.041000e+01 8.045000e+01 7.399000e+01 6.572000e+01 5.787000e+01 	73 73 73 73 73 73 73 73             !         3
6.9860E-07 1.4984E-06 3.2140E-06 6.8938E-06 1.4787E-05 3.1716E-05 6.8028E-05 1.4591E-04     1.364456E+11 9.219539E+11 6.249738E+12 4.266033E+13 2.955591E+14 2.114098E+15 1.619491E+16 1.437735E+17 	7.255000e+01 7.313000e+01 7.548000e+01 8.039000e+01 8.043000e+01 7.397000e+01 6.570000e+01 5.785000e+01 	73 73 73 73 73 73 73 73             !         4
6.9860E-07 1.4984E-06 3.2140E-06 6.8938E-06 1.4787E-05 3.1716E-05 6.8028E-05 1.4591E-04     1.135875E+11 7.674268E+11 5.201122E+12 3.548632E+13 2.456153E+14 1.753166E+15 1.336959E+16 1.175486E+17 	7.255000e+01 7.313000e+01 7.548000e+01 8.039000e+01 8.043000e+01 7.397000e+01 6.570000e+01 5.785000e+01 	73 73 73 73 73 73 73 73             !         5
6.9860E-07 1.4984E-06 3.2140E-06 6.8938E-06 1.4787E-05 3.1716E-05 6.8028E-05 1.4591E-04     9.508342E+10 6.423458E+11 4.352493E+12 2.968293E+13 2.052497E+14 1.462017E+15 1.109996E+16 9.666968E+16 	7.255000e+01 7.313000e+01 7.547000e+01 8.038000e+01 8.043000e+01 7.396000e+01 6.570000e+01 5.785000e+01 	73 73 73 73 73 73 73 73             !         6
6.9860E-07 1.4984E-06 3.2140E-06 6.8938E-06 1.4787E-05 3.1716E-05 6.8028E-05 1.4591E-04     8.004182E+10 5.406788E+11 3.662849E+12 2.496870E+13 1.724885E+14 1.226161E+15 9.268796E+15 7.997078E+16 	7.255000e+01 7.313000e+01 7.547000e+01 8.038000e+01 8.043000e+01 7.396000e+01 6.570000e+01 5.785000e+01 	73 73 73 73 73 73 73 73             !         7
6.9860E-07 1.4984E-06 3.2140E-06 6.8938E-06 1.4787E-05 3.1716E-05 6.8028E-05 1.4591E-04     6.776413E+10 4.577004E+11 3.100081E+12 2.112328E+13 1.457878E+14 1.034287E+15 7.784961E+15 6.655392E+16 	7.249000e+01 7.307000e+01 7.541000e+01 8.032000e+01 8.037000e+01 7.392000e+01 6.566000e+01 5.782000e+01 	73 73 73 73 73 73 73 73             !         8
6.9860E-07 1.4984E-06 3.2140E-06 6.8938E-06 1.4787E-05 3.1716E-05 6.8028E-05 1.4591E-04     5.770126E+10 3.896964E+11 2.638954E+12 1.797360E+13 1.239360E+14 8.775362E+14 6.577373E+15 5.572486E+16 	7.249000e+01 7.307000e+01 7.541000e+01 8.032000e+01 8.037000e+01 7.392000e+01 6.566000e+01 5.782000e+01 	73 73 73 73 73 73 73 73             !         9
6.9860E-07 1.4984E-06 3.2140E-06 6.8938E-06 1.4787E-05 3.1716E-05 6.8028E-05 1.4591E-04     4.942011E+10 3.337377E+11 2.259571E+12 1.538321E+13 1.059789E+14 7.489450E+14 5.590390E+15 4.694484E+16 	7.239000e+01 7.297000e+01 7.530000e+01 8.021000e+01 8.028000e+01 7.384000e+01 6.559000e+01 5.776000e+01 	73 73 73 73 73 73 73 73             !         10
6.9860E-07 1.4984E-06 3.2140E-06 6.8938E-06 1.4787E-05 3.1716E-05 6.8028E-05 1.4591E-04     4.257793E+10 2.875063E+11 1.946187E+12 1.324424E+13 9.116253E+13 6.430209E+14 4.780295E+15 3.979419E+16 	7.222000e+01 7.280000e+01 7.512000e+01 8.001000e+01 8.010000e+01 7.369000e+01 6.546000e+01 5.765000e+01 	73 73 73 73 73 73 73 73             !         11
6.9860E-07 1.4984E-06 3.2140E-06 6.8938E-06 1.4787E-05 3.1716E-05 6.8028E-05 1.4591E-04     3.690251E+10 2.491613E+11 1.686305E+12 1.147106E+13 7.888902E+13 5.554165E+14 4.112617E+15 3.394475E+16 	7.222000e+01 7.280000e+01 7.512000e+01 8.001000e+01 8.010000e+01 7.369000e+01 6.546000e+01 5.765000e+01 	73 73 73 73 73 73 73 73             !         12
6.9860E-07 1.4984E-06 3.2140E-06 6.8938E-06 1.4787E-05 3.1716E-05 6.8028E-05 1.4591E-04     3.217695E+10 2.172362E+11 1.469967E+12 9.995460E+12 6.868264E+13 4.826784E+14 3.560082E+15 2.913894E+16 	7.273000e+01 7.330000e+01 7.564000e+01 8.057000e+01 8.068000e+01 7.424000e+01 6.597000e+01 5.812000e+01 	73 73 73 73 73 73 73 73             !         13
6.9860E-07 1.4984E-06 3.2140E-06 6.8938E-06 1.4787E-05 3.1716E-05 6.8028E-05 1.4591E-04     2.822780E+10 1.905582E+11 1.289212E+12 8.762962E+12 6.016352E+13 4.220540E+14 3.101026E+15 2.517378E+16 	7.273000e+01 7.330000e+01 7.564000e+01 8.057000e+01 8.068000e+01 7.424000e+01 6.597000e+01 5.812000e+01 	73 73 73 73 73 73 73 73             !         14
6.9860E-07 1.4984E-06 3.2140E-06 6.8938E-06 1.4787E-05 3.1716E-05 6.8028E-05 1.4591E-04     2.491590E+10 1.681865E+11 1.137656E+12 7.729867E+12 5.302731E+13 3.713415E+14 2.718184E+15 2.188876E+16 	7.229000e+01 7.286000e+01 7.516000e+01 8.006000e+01 8.023000e+01 7.386000e+01 6.564000e+01 5.784000e+01 	73 73 73 73 73 73 73 73             !         15
6.9860E-07 1.4984E-06 3.2140E-06 6.8938E-06 1.4787E-05 3.1716E-05 6.8028E-05 1.4591E-04     2.212922E+10 1.493638E+11 1.010159E+12 6.861019E+12 4.702931E+13 3.287734E+14 2.397743E+15 1.915642E+16 	7.229000e+01 7.286000e+01 7.516000e+01 8.006000e+01 8.023000e+01 7.386000e+01 6.564000e+01 5.784000e+01 	73 73 73 73 73 73 73 73             !         16
6.9860E-07 1.4984E-06 3.2140E-06 6.8938E-06 1.4787E-05 3.1716E-05 6.8028E-05 1.4591E-04     1.977726E+10 1.334785E+11 9.025707E+11 6.128039E+12 4.197212E+13 2.929264E+14 2.128618E+15 1.687519E+16 	7.162000e+01 7.217000e+01 7.444000e+01 7.930000e+01 7.953000e+01 7.325000e+01 6.514000e+01 5.742000e+01 	73 73 73 73 73 73 73 73             !         17
6.9860E-07 1.4984E-06 3.2140E-06 6.8938E-06 1.4787E-05 3.1716E-05 6.8028E-05 1.4591E-04     1.778671E+10 1.200347E+11 8.115297E+11 5.507940E+12 3.769599E+13 2.626501E+14 1.901878E+15 1.496384E+16 	7.057000e+01 7.111000e+01 7.331000e+01 7.810000e+01 7.843000e+01 7.231000e+01 6.433000e+01 5.675000e+01 	73 73 73 73 73 73 73 73             !         18
6.9860E-07 1.4984E-06 3.2140E-06 6.8938E-06 1.4787E-05 3.1716E-05 6.8028E-05 1.4591E-04     1.609795E+10 1.086297E+11 7.343027E+11 4.982047E+12 3.407120E+13 2.370117E+14 1.710304E+15 1.335713E+16 	7.057000e+01 7.111000e+01 7.331000e+01 7.810000e+01 7.843000e+01 7.231000e+01 6.433000e+01 5.675000e+01 	73 73 73 73 73 73 73 73             !         19
6.9860E-07 1.4984E-06 3.2140E-06 6.8938E-06 1.4787E-05 3.1716E-05 6.8028E-05 1.4591E-04     1.466235E+10 9.893487E+10 6.686620E+11 4.535137E+12 3.099208E+13 2.152526E+14 1.548043E+15 1.200251E+16 	6.902000e+01 6.953000e+01 7.164000e+01 7.632000e+01 7.680000e+01 7.092000e+01 6.315000e+01 5.576000e+01 	73 73 73 73 73 73 73 73             !         20
6.9860E-07 1.4984E-06 3.2140E-06 6.8938E-06 1.4787E-05 3.1716E-05 6.8028E-05 1.4591E-04     1.344018E+10 9.068160E+10 6.127856E+11 4.154768E+12 2.837232E+13 1.967537E+14 1.410332E+15 1.085750E+16 	6.902000e+01 6.953000e+01 7.164000e+01 7.632000e+01 7.680000e+01 7.092000e+01 6.315000e+01 5.576000e+01 	73 73 73 73 73 73 73 73             !         21
6.9860E-07 1.4984E-06 3.2140E-06 6.8938E-06 1.4787E-05 3.1716E-05 6.8028E-05 1.4591E-04     1.239882E+10 8.364952E+10 5.651796E+11 3.830739E+12 2.614120E+13 1.810086E+14 1.293284E+15 9.887627E+15 	6.677000e+01 6.723000e+01 6.920000e+01 7.372000e+01 7.440000e+01 6.888000e+01 6.141000e+01 5.430000e+01 	73 73 73 73 73 73 73 73             !         22
6.9860E-07 1.4984E-06 3.2140E-06 6.8938E-06 1.4787E-05 3.1716E-05 6.8028E-05 1.4591E-04     1.151145E+10 7.765745E+10 5.246159E+11 3.554664E+12 2.424061E+13 1.676015E+14 1.193718E+15 9.064825E+15 	6.677000e+01 6.723000e+01 6.920000e+01 7.372000e+01 7.440000e+01 6.888000e+01 6.141000e+01 5.430000e+01 	73 73 73 73 73 73 73 73             !         23
6.9860E-07 1.4984E-06 3.2140E-06 6.8938E-06 1.4787E-05 3.1716E-05 6.8028E-05 1.4591E-04     1.075598E+10 7.255605E+10 4.900819E+11 3.319634E+12 2.262269E+13 1.561906E+14 1.109023E+15 8.366184E+15 	6.364000e+01 6.407000e+01 6.585000e+01 7.011000e+01 7.105000e+01 6.600000e+01 5.897000e+01 5.225000e+01 	73 73 73 73 73 73 73 73             !         24
6.9860E-07 1.4984E-06 3.2140E-06 6.8938E-06 1.4787E-05 3.1716E-05 6.8028E-05 1.4591E-04     1.011414E+10 6.822190E+10 4.607413E+11 3.119941E+12 2.124793E+13 1.464935E+14 1.037047E+15 7.772932E+15 	5.949000e+01 5.985000e+01 6.139000e+01 6.529000e+01 6.651000e+01 6.209000e+01 5.567000e+01 4.949000e+01 	73 73 73 73 73 73 73 73             !         25
6.9860E-07 1.4984E-06 3.2140E-06 6.8938E-06 1.4787E-05 3.1716E-05 6.8028E-05 1.4591E-04     9.570802E+09 6.455279E+10 4.359014E+11 2.950859E+12 2.008362E+13 1.382771E+14 9.760167E+14 7.269645E+15 	5.949000e+01 5.985000e+01 6.139000e+01 6.529000e+01 6.651000e+01 6.209000e+01 5.567000e+01 4.949000e+01 	73 73 73 73 73 73 73 73             !         26
6.9860E-07 1.4984E-06 3.2140E-06 6.8938E-06 1.4787E-05 3.1716E-05 6.8028E-05 1.4591E-04     9.113407E+09 6.146390E+10 4.149872E+11 2.808466E+12 1.910263E+13 1.313479E+14 9.244635E+14 6.843609E+15 	5.446000e+01 5.476000e+01 5.604000e+01 5.946000e+01 6.088000e+01 5.723000e+01 5.155000e+01 4.605000e+01 	73 73 73 73 73 73 73 73             !         27
6.9860E-07 1.4984E-06 3.2140E-06 6.8938E-06 1.4787E-05 3.1716E-05 6.8028E-05 1.4591E-04     8.731506E+09 5.888463E+10 3.975205E+11 2.689500E+12 1.828240E+13 1.255452E+14 8.811682E+14 6.484310E+15 	5.446000e+01 5.476000e+01 5.604000e+01 5.946000e+01 6.088000e+01 5.723000e+01 5.155000e+01 4.605000e+01 	73 73 73 73 73 73 73 73             !         28
6.9860E-07 1.4984E-06 3.2140E-06 6.8938E-06 1.4787E-05 3.1716E-05 6.8028E-05 1.4591E-04     8.416381E+09 5.675606E+10 3.831019E+11 2.591238E+12 1.760408E+13 1.207348E+14 8.451157E+14 6.183020E+15 	4.909000e+01 4.933000e+01 5.038000e+01 5.322000e+01 5.462000e+01 5.174000e+01 4.693000e+01 4.219000e+01 	73 73 73 73 73 73 73 73             !         29
6.9860E-07 1.4984E-06 3.2140E-06 6.8938E-06 1.4787E-05 3.1716E-05 6.8028E-05 1.4591E-04     8.160720E+09 5.502882E+10 3.713969E+11 2.511398E+12 1.705192E+13 1.168045E+14 8.154568E+14 5.932462E+15 	4.909000e+01 4.933000e+01 5.038000e+01 5.322000e+01 5.462000e+01 5.174000e+01 4.693000e+01 4.219000e+01 	73 73 73 73 73 73 73 73             !         30
6.9860E-07 1.4984E-06 3.2140E-06 6.8938E-06 1.4787E-05 3.1716E-05 6.8028E-05 1.4591E-04     7.958363E+09 5.366128E+10 3.621235E+11 2.448057E+12 1.661261E+13 1.136598E+14 7.914772E+14 5.726536E+15 	4.450000e+01 4.471000e+01 4.564000e+01 4.803000e+01 4.903000e+01 4.661000e+01 4.258000e+01 3.851000e+01 	73 73 73 73 73 73 73 73             !         31
6.9860E-07 1.4984E-06 3.2140E-06 6.8938E-06 1.4787E-05 3.1716E-05 6.8028E-05 1.4591E-04     7.804070E+09 5.261805E+10 3.550418E+11 2.399579E+12 1.627487E+13 1.112204E+14 7.725713E+14 5.560088E+15 	4.137000e+01 4.159000e+01 4.250000e+01 4.471000e+01 4.527000e+01 4.285000e+01 3.921000e+01 3.551000e+01 	73 73 73 73 73 73 73 73             !         32
6.9860E-07 1.4984E-06 3.2140E-06 6.8938E-06 1.4787E-05 3.1716E-05 6.8028E-05 1.4591E-04     7.693326E+09 5.186862E+10 3.499452E+11 2.364557E+12 1.602896E+13 1.094171E+14 7.582192E+14 5.428720E+15 	4.137000e+01 4.159000e+01 4.250000e+01 4.471000e+01 4.527000e+01 4.285000e+01 3.921000e+01 3.551000e+01 	73 73 73 73 73 73 73 73             !         33
6.9860E-07 1.4984E-06 3.2140E-06 6.8938E-06 1.4787E-05 3.1716E-05 6.8028E-05 1.4591E-04     7.622172E+09 5.138626E+10 3.466527E+11 2.341757E+12 1.586636E+13 1.081895E+14 7.479682E+14 5.328628E+15 	3.938000e+01 3.960000e+01 4.054000e+01 4.273000e+01 4.310000e+01 4.051000e+01 3.691000e+01 3.328000e+01 	73 73 73 73 73 73 73 73             !         34
6.9860E-07 1.4984E-06 3.2140E-06 6.8938E-06 1.4787E-05 3.1716E-05 6.8028E-05 1.4591E-04     7.587048E+09 5.114692E+10 3.450014E+11 2.330069E+12 1.577943E+13 1.074838E+14 7.414153E+14 5.256461E+15 	3.938000e+01 3.960000e+01 4.054000e+01 4.273000e+01 4.310000e+01 4.051000e+01 3.691000e+01 3.328000e+01 	73 73 73 73 73 73 73 73             !         35
6.9860E-07 1.4984E-06 3.2140E-06 6.8938E-06 1.4787E-05 3.1716E-05 6.8028E-05 1.4591E-04     7.584660E+09 5.112837E+10 3.448407E+11 2.328470E+12 1.576113E+13 1.072501E+14 7.381925E+14 5.209201E+15 	3.783000e+01 3.805000e+01 3.898000e+01 4.116000e+01 4.153000e+01 3.889000e+01 3.526000e+01 3.161000e+01 	73 73 73 73 73 73 73 73             !         36
6.9860E-07 1.4984E-06 3.2140E-06 6.8938E-06 1.4787E-05 3.1716E-05 6.8028E-05 1.4591E-04     7.611852E+09 5.130929E+10 3.460266E+11 2.335979E+12 1.580473E+13 1.074413E+14 7.379538E+14 5.184064E+15 	3.655000e+01 3.677000e+01 3.769000e+01 3.983000e+01 4.020000e+01 3.760000e+01 3.400000e+01 3.034000e+01 	73 73 73 73 73 73 73 73             !         37
6.9860E-07 1.4984E-06 3.2140E-06 6.8938E-06 1.4787E-05 3.1716E-05 6.8028E-05 1.4591E-04     7.665505E+09 5.166864E+10 3.484166E+11 2.351630E+12 1.590360E+13 1.080112E+14 7.403643E+14 5.178408E+15 	3.655000e+01 3.677000e+01 3.769000e+01 3.983000e+01 4.020000e+01 3.760000e+01 3.400000e+01 3.034000e+01 	73 73 73 73 73 73 73 73             !         38
6.9860E-07 1.4984E-06 3.2140E-06 6.8938E-06 1.4787E-05 3.1716E-05 6.8028E-05 1.4591E-04     7.742443E+09 5.218499E+10 3.518660E+11 2.374441E+12 1.605105E+13 1.089133E+14 7.450907E+14 5.189668E+15 	3.547000e+01 3.568000e+01 3.657000e+01 3.866000e+01 3.904000e+01 3.652000e+01 3.299000e+01 2.939000e+01 	73 73 73 73 73 73 73 73             !         39
6.9860E-07 1.4984E-06 3.2140E-06 6.8938E-06 1.4787E-05 3.1716E-05 6.8028E-05 1.4591E-04     7.839369E+09 5.283610E+10 3.562246E+11 2.403396E+12 1.624015E+13 1.101000E+14 7.517945E+14 5.215300E+15 	3.547000e+01 3.568000e+01 3.657000e+01 3.866000e+01 3.904000e+01 3.652000e+01 3.299000e+01 2.939000e+01 	73 73 73 73 73 73 73 73             !         40
6.9860E-07 1.4984E-06 3.2140E-06 6.8938E-06 1.4787E-05 3.1716E-05 6.8028E-05 1.4591E-04     7.952826E+09 5.359865E+10 3.613350E+11 2.437429E+12 1.646366E+13 1.115214E+14 7.601284E+14 5.252750E+15 	3.449000e+01 3.470000e+01 3.555000e+01 3.758000e+01 3.798000e+01 3.555000e+01 3.215000e+01 2.864000e+01 	73 73 73 73 73 73 73 73             !         41
6.9860E-07 1.4984E-06 3.2140E-06 6.8938E-06 1.4787E-05 3.1716E-05 6.8028E-05 1.4591E-04     8.079186E+09 5.444819E+10 3.670321E+11 2.475427E+12 1.671404E+13 1.131262E+14 7.697346E+14 5.299446E+15 	3.358000e+01 3.378000e+01 3.460000e+01 3.656000e+01 3.698000e+01 3.466000e+01 3.138000e+01 2.796000e+01 	73 73 73 73 73 73 73 73             !         42
6.9860E-07 1.4984E-06 3.2140E-06 6.8938E-06 1.4787E-05 3.1716E-05 6.8028E-05 1.4591E-04     8.214677E+09 5.535929E+10 3.731447E+11 2.516231E+12 1.698344E+13 1.148610E+14 7.802475E+14 5.352807E+15 	3.358000e+01 3.378000e+01 3.460000e+01 3.656000e+01 3.698000e+01 3.466000e+01 3.138000e+01 2.796000e+01 	73 73 73 73 73 73 73 73             !         43
6.9860E-07 1.4984E-06 3.2140E-06 6.8938E-06 1.4787E-05 3.1716E-05 6.8028E-05 1.4591E-04     8.355448E+09 5.630600E+10 3.794976E+11 2.558661E+12 1.726390E+13 1.166719E+14 7.912991E+14 5.410278E+15 	3.265000e+01 3.284000e+01 3.362000e+01 3.552000e+01 3.597000e+01 3.374000e+01 3.059000e+01 2.729000e+01 	73 73 73 73 73 73 73 73             !         44
6.9860E-07 1.4984E-06 3.2140E-06 6.8938E-06 1.4787E-05 3.1716E-05 6.8028E-05 1.4591E-04     8.497660E+09 5.726244E+10 3.859165E+11 2.601542E+12 1.754750E+13 1.185054E+14 8.025272E+14 5.469384E+15 	3.265000e+01 3.284000e+01 3.362000e+01 3.552000e+01 3.597000e+01 3.374000e+01 3.059000e+01 2.729000e+01 	73 73 73 73 73 73 73 73             !         45
6.9860E-07 1.4984E-06 3.2140E-06 6.8938E-06 1.4787E-05 3.1716E-05 6.8028E-05 1.4591E-04     8.637605E+09 5.820365E+10 3.922333E+11 2.643742E+12 1.782661E+13 1.203102E+14 8.135867E+14 5.527799E+15 	3.185000e+01 3.202000e+01 3.276000e+01 3.461000e+01 3.508000e+01 3.294000e+01 2.991000e+01 2.671000e+01 	73 73 73 73 73 73 73 73             !         46
6.9860E-07 1.4984E-06 3.2140E-06 6.8938E-06 1.4787E-05 3.1716E-05 6.8028E-05 1.4591E-04     8.771846E+09 5.910646E+10 3.982918E+11 2.684210E+12 1.809416E+13 1.220389E+14 8.241610E+14 5.583419E+15 	3.103000e+01 3.119000e+01 3.190000e+01 3.368000e+01 3.418000e+01 3.215000e+01 2.924000e+01 2.615000e+01 	73 73 73 73 73 73 73 73             !         47
6.9860E-07 1.4984E-06 3.2140E-06 6.8938E-06 1.4787E-05 3.1716E-05 6.8028E-05 1.4591E-04     8.897345E+09 5.995041E+10 4.039544E+11 2.722020E+12 1.834393E+13 1.236499E+14 8.339741E+14 5.634437E+15 	3.103000e+01 3.119000e+01 3.190000e+01 3.368000e+01 3.418000e+01 3.215000e+01 2.924000e+01 2.615000e+01 	73 73 73 73 73 73 73 73             !         48
6.9860E-07 1.4984E-06 3.2140E-06 6.8938E-06 1.4787E-05 3.1716E-05 6.8028E-05 1.4591E-04     9.011584E+09 6.071854E+10 4.091070E+11 2.756404E+12 1.857080E+13 1.251089E+14 8.428007E+14 5.679402E+15 	3.026000e+01 3.042000e+01 3.109000e+01 3.281000e+01 3.333000e+01 3.140000e+01 2.861000e+01 2.563000e+01 	73 73 73 73 73 73 73 73             !         49
6.9860E-07 1.4984E-06 3.2140E-06 6.8938E-06 1.4787E-05 3.1716E-05 6.8028E-05 1.4591E-04     9.112657E+09 6.139803E+10 4.136632E+11 2.786784E+12 1.877087E+13 1.263904E+14 8.504738E+14 5.717267E+15 	3.026000e+01 3.042000e+01 3.109000e+01 3.281000e+01 3.333000e+01 3.140000e+01 2.861000e+01 2.563000e+01 	73 73 73 73 73 73 73 73             !         50
6.9860E-07 1.4984E-06 3.2140E-06 6.8938E-06 1.4787E-05 3.1716E-05 6.8028E-05 1.4591E-04     9.199323E+09 6.198052E+10 4.175669E+11 2.812782E+12 1.894166E+13 1.274778E+14 8.568888E+14 5.747405E+15 	2.950000e+01 2.965000e+01 3.028000e+01 3.193000e+01 3.248000e+01 3.064000e+01 2.798000e+01 2.511000e+01 	73 73 73 73 73 73 73 73             !         51
6.9860E-07 1.4984E-06 3.2140E-06 6.8938E-06 1.4787E-05 3.1716E-05 6.8028E-05 1.4591E-04     9.271014E+09 6.246219E+10 4.207925E+11 2.834230E+12 1.908204E+13 1.283641E+14 8.620035E+14 5.769607E+15 	2.882000e+01 2.896000e+01 2.956000e+01 3.114000e+01 3.171000e+01 2.997000e+01 2.743000e+01 2.467000e+01 	73 73 73 73 73 73 73 73             !         52
6.9860E-07 1.4984E-06 3.2140E-06 6.8938E-06 1.4787E-05 3.1716E-05 6.8028E-05 1.4591E-04     9.327799E+09 6.284353E+10 4.233434E+11 2.851151E+12 1.919220E+13 1.290508E+14 8.658341E+14 5.784045E+15 	2.882000e+01 2.896000e+01 2.956000e+01 3.114000e+01 3.171000e+01 2.997000e+01 2.743000e+01 2.467000e+01 	73 73 73 73 73 73 73 73             !         53
6.9860E-07 1.4984E-06 3.2140E-06 6.8938E-06 1.4787E-05 3.1716E-05 6.8028E-05 1.4591E-04     9.370316E+09 6.312882E+10 4.252487E+11 2.863743E+12 1.927350E+13 1.295475E+14 8.684483E+14 5.791230E+15 	2.820000e+01 2.833000e+01 2.890000e+01 3.043000e+01 3.102000e+01 2.937000e+01 2.693000e+01 2.426000e+01 	73 73 73 73 73 73 73 73             !         54
6.9860E-07 1.4984E-06 3.2140E-06 6.8938E-06 1.4787E-05 3.1716E-05 6.8028E-05 1.4591E-04     9.399670E+09 6.332554E+10 4.265586E+11 2.872346E+12 1.932824E+13 1.298700E+14 8.699556E+14 5.791937E+15 	2.820000e+01 2.833000e+01 2.890000e+01 3.043000e+01 3.102000e+01 2.937000e+01 2.693000e+01 2.426000e+01 	73 73 73 73 73 73 73 73             !         55
6.9860E-07 1.4984E-06 3.2140E-06 6.8938E-06 1.4787E-05 3.1716E-05 6.8028E-05 1.4591E-04     9.417316E+09 6.344347E+10 4.273394E+11 2.877406E+12 1.935944E+13 1.300386E+14 8.704963E+14 5.787134E+15 	2.762000e+01 2.775000e+01 2.828000e+01 2.975000e+01 3.037000e+01 2.880000e+01 2.647000e+01 2.390000e+01 	73 73 73 73 73 73 73 73             !         56
6.9860E-07 1.4984E-06 3.2140E-06 6.8938E-06 1.4787E-05 3.1716E-05 6.8028E-05 1.4591E-04     9.424937E+09 6.349397E+10 4.276674E+11 2.879439E+12 1.937059E+13 1.300770E+14 8.702300E+14 5.777907E+15 	2.710000e+01 2.721000e+01 2.772000e+01 2.913000e+01 2.977000e+01 2.828000e+01 2.605000e+01 2.357000e+01 	73 73 73 73 73 73 73 73             !         57
6.9860E-07 1.4984E-06 3.2140E-06 6.8938E-06 1.4787E-05 3.1716E-05 6.8028E-05 1.4591E-04     9.424320E+09 6.348908E+10 4.276238E+11 2.878992E+12 1.936537E+13 1.300101E+14 8.693246E+14 5.765386E+15 	2.710000e+01 2.721000e+01 2.772000e+01 2.913000e+01 2.977000e+01 2.828000e+01 2.605000e+01 2.357000e+01 	73 73 73 73 73 73 73 73             !         58
6.9860E-07 1.4984E-06 3.2140E-06 6.8938E-06 1.4787E-05 3.1716E-05 6.8028E-05 1.4591E-04     9.417249E+09 6.344081E+10 4.272896E+11 2.876611E+12 1.934745E+13 1.298625E+14 8.679463E+14 5.750680E+15 	2.671000e+01 2.682000e+01 2.730000e+01 2.866000e+01 2.932000e+01 2.790000e+01 2.574000e+01 2.333000e+01 	73 73 73 73 73 73 73 73             !         59
6.9860E-07 1.4984E-06 3.2140E-06 6.8938E-06 1.4787E-05 3.1716E-05 6.8028E-05 1.4591E-04     9.405407E+09 6.336052E+10 4.267412E+11 2.872809E+12 1.932031E+13 1.296576E+14 8.662511E+14 5.734824E+15 	2.671000e+01 2.682000e+01 2.730000e+01 2.866000e+01 2.932000e+01 2.790000e+01 2.574000e+01 2.333000e+01 	73 73 73 73 73 73 73 73             !         60
6.9860E-07 1.4984E-06 3.2140E-06 6.8938E-06 1.4787E-05 3.1716E-05 6.8028E-05 1.4591E-04     9.390300E+09 6.325832E+10 4.260469E+11 2.868048E+12 1.928702E+13 1.294161E+14 8.643777E+14 5.718732E+15 	2.634000e+01 2.645000e+01 2.691000e+01 2.824000e+01 2.892000e+01 2.756000e+01 2.546000e+01 2.311000e+01 	73 73 73 73 73 73 73 73             !         61
6.9860E-07 1.4984E-06 3.2140E-06 6.8938E-06 1.4787E-05 3.1716E-05 6.8028E-05 1.4591E-04     9.373190E+09 6.314275E+10 4.252640E+11 2.862712E+12 1.925020E+13 1.291554E+14 8.624421E+14 5.703168E+15 	2.608000e+01 2.618000e+01 2.663000e+01 2.793000e+01 2.862000e+01 2.730000e+01 2.524000e+01 2.294000e+01 	73 73 73 73 73 73 73 73             !         62
6.9860E-07 1.4984E-06 3.2140E-06 6.8938E-06 1.4787E-05 3.1716E-05 6.8028E-05 1.4591E-04     9.355060E+09 6.302041E+10 4.244370E+11 2.857101E+12 1.921184E+13 1.288890E+14 8.605340E+14 5.688715E+15 	2.608000e+01 2.618000e+01 2.663000e+01 2.793000e+01 2.862000e+01 2.730000e+01 2.524000e+01 2.294000e+01 	73 73 73 73 73 73 73 73             !         63
6.9860E-07 1.4984E-06 3.2140E-06 6.8938E-06 1.4787E-05 3.1716E-05 6.8028E-05 1.4591E-04     9.336574E+09 6.289578E+10 4.235961E+11 2.851419E+12 1.917332E+13 1.286261E+14 8.587139E+14 5.675768E+15 	2.603000e+01 2.613000e+01 2.657000e+01 2.788000e+01 2.857000e+01 2.724000e+01 2.519000e+01 2.288000e+01 	73 73 73 73 73 73 73 73             !         64
