size1 size2 size3 size4 size5 size6 size7 size8
8.18165E-05 1.21048E-05 1.78451E-06 2.61060E-07 3.75665E-08 5.21782E-09 6.71683E-10 7.34246E-11
1.05062E-04 1.55457E-05 2.29228E-06 3.35504E-07 4.83287E-08 6.72748E-09 8.70129E-10 9.60886E-11
1.34378E-04 1.98855E-05 2.93285E-06 4.29463E-07 6.19259E-08 8.63900E-09 1.12258E-09 1.25212E-10
1.71194E-04 2.53360E-05 3.73754E-06 5.47550E-07 7.90321E-08 1.10490E-08 1.44235E-09 1.62468E-10
2.17232E-04 3.21526E-05 4.74413E-06 6.95332E-07 1.00461E-07 1.40744E-08 1.84559E-09 2.09911E-10
2.74558E-04 4.06415E-05 5.99792E-06 8.79492E-07 1.27191E-07 1.78561E-08 2.35189E-09 2.70053E-10
3.45637E-04 5.11680E-05 7.55299E-06 1.10801E-06 1.60390E-07 2.25627E-08 2.98479E-09 3.45944E-10
4.33395E-04 6.41656E-05 9.47350E-06 1.39034E-06 2.01448E-07 2.83950E-08 3.77248E-09 4.41276E-10
5.41281E-04 8.01460E-05 1.18352E-05 1.73769E-06 2.52006E-07 3.55912E-08 4.74849E-09 5.60479E-10
6.73346E-04 9.97095E-05 1.47271E-05 2.16319E-06 3.13995E-07 4.44316E-08 5.95250E-09 7.08849E-10
8.34313E-04 1.23557E-04 1.82528E-05 2.68217E-06 3.89670E-07 5.52444E-08 7.43120E-09 8.92676E-10
1.02967E-03 1.52501E-04 2.25329E-05 3.31245E-06 4.81655E-07 6.84122E-08 9.23920E-09 1.11939E-09
1.26573E-03 1.87479E-04 2.77062E-05 4.07457E-06 5.92977E-07 8.43776E-08 1.14400E-08 1.39769E-09
1.54974E-03 2.29567E-04 3.39322E-05 4.99213E-06 7.27115E-07 1.03650E-07 1.41069E-08 1.73775E-09
1.88997E-03 2.79989E-04 4.13924E-05 6.09200E-06 8.88039E-07 1.26811E-07 1.73242E-08 2.15135E-09
2.29576E-03 3.40132E-04 5.02925E-05 7.40464E-06 1.08025E-06 1.54524E-07 2.11880E-08 2.65203E-09
2.77763E-03 4.11557E-04 6.08639E-05 8.96436E-06 1.30882E-06 1.87535E-07 2.58073E-08 3.25531E-09
3.34733E-03 4.96006E-04 7.33651E-05 1.08095E-05 1.57942E-06 2.26682E-07 3.13048E-08 3.97879E-09
4.01789E-03 5.95416E-04 8.80833E-05 1.29826E-05 1.89837E-06 2.72897E-07 3.78177E-08 4.84234E-09
4.80368E-03 7.11916E-04 1.05335E-04 1.55306E-05 2.27262E-06 3.27212E-07 4.54983E-08 5.86821E-09
5.72040E-03 8.47837E-04 1.25465E-04 1.85048E-05 2.70980E-06 3.90759E-07 5.45143E-08 7.08111E-09
6.78508E-03 1.00571E-03 1.48850E-04 2.19610E-05 3.21817E-06 4.64768E-07 6.50491E-08 8.50830E-09
8.01602E-03 1.18825E-03 1.75893E-04 2.59592E-05 3.80667E-06 5.50568E-07 7.73014E-08 1.01796E-08
9.43277E-03 1.39835E-03 2.07024E-04 3.05632E-05 4.48482E-06 6.49583E-07 9.14848E-08 1.21272E-08
1.10559E-02 1.63908E-03 2.42699E-04 3.58409E-05 5.26270E-06 7.63320E-07 1.07827E-07 1.43860E-08
1.29071E-02 1.91365E-03 2.83393E-04 4.18628E-05 6.15084E-06 8.93360E-07 1.26567E-07 1.69927E-08
1.50085E-02 2.22535E-03 3.29597E-04 4.87022E-05 7.16019E-06 1.04135E-06 1.47954E-07 1.99863E-08
1.73829E-02 2.57756E-03 3.81814E-04 5.64338E-05 8.30191E-06 1.20896E-06 1.72247E-07 2.34071E-08
2.00532E-02 2.97369E-03 4.40549E-04 6.51330E-05 9.58726E-06 1.39790E-06 1.99706E-07 2.72965E-08
2.30420E-02 3.41710E-03 5.06302E-04 7.48743E-05 1.10274E-05 1.60986E-06 2.30594E-07 3.16966E-08
2.63714E-02 3.91107E-03 5.79562E-04 8.57304E-05 1.26333E-05 1.84650E-06 2.65166E-07 3.66492E-08
3.00623E-02 4.45870E-03 6.60790E-04 9.77705E-05 1.44154E-05 2.10940E-06 3.03672E-07 4.21950E-08
3.41340E-02 5.06287E-03 7.50414E-04 1.11058E-04 1.63831E-05 2.40003E-06 3.46343E-07 4.83731E-08
3.86036E-02 5.72611E-03 8.48814E-04 1.25651E-04 1.85451E-05 2.71970E-06 3.93390E-07 5.52194E-08
4.34856E-02 6.45058E-03 9.56307E-04 1.41596E-04 2.09087E-05 3.06956E-06 4.44997E-07 6.27661E-08
4.87909E-02 7.23791E-03 1.07314E-03 1.58929E-04 2.34794E-05 3.45046E-06 5.01309E-07 7.10402E-08
5.45266E-02 8.08915E-03 1.19947E-03 1.77676E-04 2.62610E-05 3.86303E-06 5.62432E-07 8.00624E-08
6.06952E-02 9.00467E-03 1.33535E-03 1.97845E-04 2.92549E-05 4.30751E-06 6.28419E-07 8.98460E-08
6.72939E-02 9.98408E-03 1.48073E-03 2.19428E-04 3.24601E-05 4.78380E-06 6.99270E-07 1.00396E-07
7.43145E-02 1.10262E-02 1.63543E-03 2.42398E-04 3.58728E-05 5.29136E-06 7.74918E-07 1.11706E-07
8.17424E-02 1.21287E-02 1.79912E-03 2.66709E-04 3.94859E-05 5.82922E-06 8.55228E-07 1.23761E-07
8.95566E-02 1.32887E-02 1.97134E-03 2.92291E-04 4.32896E-05 6.39590E-06 9.39992E-07 1.36532E-07
9.77290E-02 1.45019E-02 2.15148E-03 3.19054E-04 4.72703E-05 6.98942E-06 1.02892E-06 1.49980E-07
1.06225E-01 1.57631E-02 2.33876E-03 3.46883E-04 5.14111E-05 7.60727E-06 1.12164E-06 1.64050E-07
1.15002E-01 1.70661E-02 2.53227E-03 3.75640E-04 5.56914E-05 8.24641E-06 1.21771E-06 1.78675E-07
1.24010E-01 1.84035E-02 2.73091E-03 4.05166E-04 6.00873E-05 8.90326E-06 1.31658E-06 1.93776E-07
1.33195E-01 1.97672E-02 2.93345E-03 4.35274E-04 6.45716E-05 9.57373E-06 1.41765E-06 2.09257E-07
1.42494E-01 2.11477E-02 3.13851E-03 4.65762E-04 6.91135E-05 1.02533E-05 1.52021E-06 2.25012E-07
1.51837E-01 2.25350E-02 3.34458E-03 4.96405E-04 7.36798E-05 1.09368E-05 1.62351E-06 2.40922E-07
1.61152E-01 2.39181E-02 3.55005E-03 5.26961E-04 7.82343E-05 1.16190E-05 1.72671E-06 2.56858E-07
1.70361E-01 2.52855E-02 3.75319E-03 5.57174E-04 8.27388E-05 1.22940E-05 1.82895E-06 2.72681E-07
1.79383E-01 2.66252E-02 3.95222E-03 5.86779E-04 8.71534E-05 1.29558E-05 1.92930E-06 2.88246E-07
1.88135E-01 2.79246E-02 4.14529E-03 6.15500E-04 9.14373E-05 1.35984E-05 2.02681E-06 3.03401E-07
1.96531E-01 2.91715E-02 4.33055E-03 6.43061E-04 9.55489E-05 1.42153E-05 2.12052E-06 3.17991E-07
2.04490E-01 3.03532E-02 4.50614E-03 6.69186E-04 9.94470E-05 1.48005E-05 2.20946E-06 3.31864E-07
2.11927E-01 3.14577E-02 4.67025E-03 6.93605E-04 1.03091E-04 1.53476E-05 2.29270E-06 3.44866E-07
2.18765E-01 3.24731E-02 4.82114E-03 7.16058E-04 1.06442E-04 1.58510E-05 2.36931E-06 3.56850E-07
2.24929E-01 3.33884E-02 4.95716E-03 7.36300E-04 1.09464E-04 1.63049E-05 2.43845E-06 3.67677E-07
2.30350E-01 3.41935E-02 5.07680E-03 7.54104E-04 1.12121E-04 1.67043E-05 2.49931E-06 3.77219E-07
2.34968E-01 3.48792E-02 5.17870E-03 7.69270E-04 1.14386E-04 1.70446E-05 2.55118E-06 3.85359E-07
2.38728E-01 3.54377E-02 5.26170E-03 7.81622E-04 1.16230E-04 1.73219E-05 2.59346E-06 3.91998E-07
2.41588E-01 3.58624E-02 5.32481E-03 7.91016E-04 1.17633E-04 1.75328E-05 2.62563E-06 3.97051E-07
2.43514E-01 3.61484E-02 5.36731E-03 7.97341E-04 1.18577E-04 1.76748E-05 2.64729E-06 4.00457E-07
2.44482E-01 3.62922E-02 5.38869E-03 8.00523E-04 1.19052E-04 1.77462E-05 2.65819E-06 4.02170E-07
