! grain-radius [cm]                                         1/abundance of grains                               grain temp                         CR-peak-Temperaturegrain[K]                          spatial point                    

6.9860E-07 1.4984E-06 3.2140E-06 6.8938E-06 1.4787E-05 3.1716E-05 6.8028E-05 1.4591E-04     2.446491E+11 1.656381E+12 1.127647E+13 7.768297E+13 5.489195E+14 4.096115E+15 3.436589E+16 3.710764E+17 	6.555000e+01 6.607000e+01 6.817000e+01 7.253000e+01 7.257000e+01 6.679000e+01 5.931000e+01 5.215000e+01 	73 73 73 73 73 73 73 73             !         1
6.9860E-07 1.4984E-06 3.2140E-06 6.8938E-06 1.4787E-05 3.1716E-05 6.8028E-05 1.4591E-04     2.004025E+11 1.356595E+12 9.232371E+12 6.355434E+13 4.483734E+14 3.334474E+15 2.777261E+16 2.952307E+17 	6.555000e+01 6.607000e+01 6.817000e+01 7.253000e+01 7.257000e+01 6.679000e+01 5.931000e+01 5.215000e+01 	73 73 73 73 73 73 73 73             !         2
6.9860E-07 1.4984E-06 3.2140E-06 6.8938E-06 1.4787E-05 3.1716E-05 6.8028E-05 1.4591E-04     1.650268E+11 1.116948E+12 7.598868E+12 5.227152E+13 3.681989E+14 2.729086E+15 2.256789E+16 2.362395E+17 	6.555000e+01 6.607000e+01 6.817000e+01 7.254000e+01 7.258000e+01 6.681000e+01 5.932000e+01 5.216000e+01 	73 73 73 73 73 73 73 73             !         3
6.9860E-07 1.4984E-06 3.2140E-06 6.8938E-06 1.4787E-05 3.1716E-05 6.8028E-05 1.4591E-04     1.366271E+11 9.245872E+11 6.288093E+12 4.322395E+13 3.040014E+14 2.245852E+15 1.844120E+16 1.901409E+17 	6.554000e+01 6.606000e+01 6.816000e+01 7.253000e+01 7.257000e+01 6.680000e+01 5.932000e+01 5.215000e+01 	73 73 73 73 73 73 73 73             !         4
6.9860E-07 1.4984E-06 3.2140E-06 6.8938E-06 1.4787E-05 3.1716E-05 6.8028E-05 1.4591E-04     1.137333E+11 7.695414E+11 5.231914E+12 3.593855E+13 2.523808E+14 1.858472E+15 1.515475E+16 1.539457E+17 	6.554000e+01 6.606000e+01 6.816000e+01 7.253000e+01 7.257000e+01 6.680000e+01 5.932000e+01 5.215000e+01 	73 73 73 73 73 73 73 73             !         5
6.9860E-07 1.4984E-06 3.2140E-06 6.8938E-06 1.4787E-05 3.1716E-05 6.8028E-05 1.4591E-04     9.520109E+10 6.440522E+11 4.377333E+12 3.004755E+13 2.106979E+14 1.546599E+15 1.252580E+16 1.253905E+17 	6.556000e+01 6.609000e+01 6.818000e+01 7.255000e+01 7.258000e+01 6.681000e+01 5.933000e+01 5.217000e+01 	73 73 73 73 73 73 73 73             !         6
6.9860E-07 1.4984E-06 3.2140E-06 6.8938E-06 1.4787E-05 3.1716E-05 6.8028E-05 1.4591E-04     8.013725E+10 5.420626E+11 3.682987E+12 2.526413E+13 1.768976E+14 1.294436E+15 1.041342E+16 1.027544E+17 	6.556000e+01 6.609000e+01 6.818000e+01 7.255000e+01 7.258000e+01 6.681000e+01 5.933000e+01 5.217000e+01 	73 73 73 73 73 73 73 73             !         7
6.9860E-07 1.4984E-06 3.2140E-06 6.8938E-06 1.4787E-05 3.1716E-05 6.8028E-05 1.4591E-04     6.784191E+10 4.588280E+11 3.116488E+12 2.136384E+13 1.493737E+14 1.089676E+15 8.708546E+15 8.472441E+16 	6.555000e+01 6.607000e+01 6.816000e+01 7.254000e+01 7.258000e+01 6.681000e+01 5.932000e+01 5.216000e+01 	73 73 73 73 73 73 73 73             !         8
6.9860E-07 1.4984E-06 3.2140E-06 6.8938E-06 1.4787E-05 3.1716E-05 6.8028E-05 1.4591E-04     5.776496E+10 3.906199E+11 2.652387E+12 1.817044E+13 1.268670E+14 9.226983E+14 7.326455E+15 7.029435E+16 	6.550000e+01 6.602000e+01 6.811000e+01 7.248000e+01 7.253000e+01 6.677000e+01 5.929000e+01 5.213000e+01 	73 73 73 73 73 73 73 73             !         9
6.9860E-07 1.4984E-06 3.2140E-06 6.8938E-06 1.4787E-05 3.1716E-05 6.8028E-05 1.4591E-04     4.947255E+10 3.344978E+11 2.270624E+12 1.554511E+13 1.083868E+14 7.859565E+14 6.201099E+15 5.869034E+16 	6.550000e+01 6.602000e+01 6.811000e+01 7.248000e+01 7.253000e+01 6.677000e+01 5.929000e+01 5.213000e+01 	73 73 73 73 73 73 73 73             !         10
6.9860E-07 1.4984E-06 3.2140E-06 6.8938E-06 1.4787E-05 3.1716E-05 6.8028E-05 1.4591E-04     4.262131E+10 2.881350E+11 1.955328E+12 1.337806E+13 9.315064E+13 6.735083E+14 5.280795E+15 4.931471E+16 	6.546000e+01 6.598000e+01 6.807000e+01 7.243000e+01 7.248000e+01 6.673000e+01 5.926000e+01 5.211000e+01 	73 73 73 73 73 73 73 73             !         11
6.9860E-07 1.4984E-06 3.2140E-06 6.8938E-06 1.4787E-05 3.1716E-05 6.8028E-05 1.4591E-04     3.693858E+10 2.496840E+11 1.693903E+12 1.158223E+13 8.053894E+13 5.806591E+14 4.524953E+15 4.170405E+16 	6.546000e+01 6.598000e+01 6.807000e+01 7.243000e+01 7.248000e+01 6.673000e+01 5.926000e+01 5.211000e+01 	73 73 73 73 73 73 73 73             !         12
6.9860E-07 1.4984E-06 3.2140E-06 6.8938E-06 1.4787E-05 3.1716E-05 6.8028E-05 1.4591E-04     3.220709E+10 2.176730E+11 1.476315E+12 1.008829E+13 7.005891E+13 5.036865E+14 3.901575E+15 3.549759E+16 	6.535000e+01 6.586000e+01 6.795000e+01 7.231000e+01 7.237000e+01 6.663000e+01 5.918000e+01 5.204000e+01 	73 73 73 73 73 73 73 73             !         13
6.9860E-07 1.4984E-06 3.2140E-06 6.8938E-06 1.4787E-05 3.1716E-05 6.8028E-05 1.4591E-04     2.825312E+10 1.909251E+11 1.294542E+12 8.840877E+12 6.131742E+13 4.396286E+14 3.385342E+15 3.041334E+16 	6.588000e+01 6.639000e+01 6.849000e+01 7.290000e+01 7.299000e+01 6.720000e+01 5.969000e+01 5.250000e+01 	73 73 73 73 73 73 73 73             !         14
6.9860E-07 1.4984E-06 3.2140E-06 6.8938E-06 1.4787E-05 3.1716E-05 6.8028E-05 1.4591E-04     2.493728E+10 1.684962E+11 1.142154E+12 7.795594E+12 5.399973E+13 3.861199E+14 2.956147E+15 2.622998E+16 	6.588000e+01 6.639000e+01 6.849000e+01 7.290000e+01 7.299000e+01 6.720000e+01 5.969000e+01 5.250000e+01 	73 73 73 73 73 73 73 73             !         15
6.9860E-07 1.4984E-06 3.2140E-06 6.8938E-06 1.4787E-05 3.1716E-05 6.8028E-05 1.4591E-04     2.214736E+10 1.496266E+11 1.013975E+12 6.916749E+12 4.785300E+13 3.412649E+14 2.597963E+15 2.277315E+16 	6.562000e+01 6.613000e+01 6.821000e+01 7.261000e+01 7.272000e+01 6.698000e+01 5.950000e+01 5.234000e+01 	73 73 73 73 73 73 73 73             !         16
6.9860E-07 1.4984E-06 3.2140E-06 6.8938E-06 1.4787E-05 3.1716E-05 6.8028E-05 1.4591E-04     1.979274E+10 1.337025E+11 9.058242E+11 6.175532E+12 4.267339E+13 3.035394E+14 2.297969E+15 1.990491E+16 	6.525000e+01 6.575000e+01 6.781000e+01 7.217000e+01 7.233000e+01 6.664000e+01 5.922000e+01 5.210000e+01 	73 73 73 73 73 73 73 73             !         17
6.9860E-07 1.4984E-06 3.2140E-06 6.8938E-06 1.4787E-05 3.1716E-05 6.8028E-05 1.4591E-04     1.779997E+10 1.202268E+11 8.143176E+11 5.548619E+12 3.829608E+13 2.717134E+14 2.045871E+15 1.751572E+16 	6.525000e+01 6.575000e+01 6.781000e+01 7.217000e+01 7.233000e+01 6.664000e+01 5.922000e+01 5.210000e+01 	73 73 73 73 73 73 73 73             !         18
6.9860E-07 1.4984E-06 3.2140E-06 6.8938E-06 1.4787E-05 3.1716E-05 6.8028E-05 1.4591E-04     1.610937E+10 1.087951E+11 7.367037E+11 5.017065E+12 3.458730E+13 2.447910E+14 1.833374E+15 1.551824E+16 	6.466000e+01 6.516000e+01 6.717000e+01 7.150000e+01 7.173000e+01 6.613000e+01 5.878000e+01 5.173000e+01 	73 73 73 73 73 73 73 73             !         19
6.9860E-07 1.4984E-06 3.2140E-06 6.8938E-06 1.4787E-05 3.1716E-05 6.8028E-05 1.4591E-04     1.467224E+10 9.907807E+10 6.707400E+11 4.565432E+12 3.143817E+13 2.219636E+14 1.653772E+15 1.384256E+16 	6.466000e+01 6.516000e+01 6.717000e+01 7.150000e+01 7.173000e+01 6.613000e+01 5.878000e+01 5.173000e+01 	73 73 73 73 73 73 73 73             !         20
6.9860E-07 1.4984E-06 3.2140E-06 6.8938E-06 1.4787E-05 3.1716E-05 6.8028E-05 1.4591E-04     1.344878E+10 9.080616E+10 6.145928E+11 4.181105E+12 2.875980E+13 2.025720E+14 1.501628E+15 1.243255E+16 	6.380000e+01 6.428000e+01 6.625000e+01 7.053000e+01 7.084000e+01 6.536000e+01 5.814000e+01 5.119000e+01 	73 73 73 73 73 73 73 73             !         21
6.9860E-07 1.4984E-06 3.2140E-06 6.8938E-06 1.4787E-05 3.1716E-05 6.8028E-05 1.4591E-04     1.240634E+10 8.375840E+10 5.667590E+11 3.853746E+12 2.647940E+13 1.860777E+14 1.372512E+15 1.124291E+16 	6.258000e+01 6.303000e+01 6.492000e+01 6.911000e+01 6.954000e+01 6.426000e+01 5.719000e+01 5.040000e+01 	73 73 73 73 73 73 73 73             !         22
6.9860E-07 1.4984E-06 3.2140E-06 6.8938E-06 1.4787E-05 3.1716E-05 6.8028E-05 1.4591E-04     1.151806E+10 7.775307E+10 5.260026E+11 3.574856E+12 2.453719E+13 1.720390E+14 1.262810E+15 1.023702E+16 	6.258000e+01 6.303000e+01 6.492000e+01 6.911000e+01 6.954000e+01 6.426000e+01 5.719000e+01 5.040000e+01 	73 73 73 73 73 73 73 73             !         23
6.9860E-07 1.4984E-06 3.2140E-06 6.8938E-06 1.4787E-05 3.1716E-05 6.8028E-05 1.4591E-04     1.076181E+10 7.264040E+10 4.913051E+11 3.337438E+12 2.288398E+13 1.600933E+14 1.169563E+15 9.385117E+15 	6.084000e+01 6.127000e+01 6.306000e+01 6.713000e+01 6.771000e+01 6.269000e+01 5.586000e+01 4.928000e+01 	73 73 73 73 73 73 73 73             !         24
6.9860E-07 1.4984E-06 3.2140E-06 6.8938E-06 1.4787E-05 3.1716E-05 6.8028E-05 1.4591E-04     1.011931E+10 6.829664E+10 4.618249E+11 3.135708E+12 2.147915E+13 1.499413E+14 1.090339E+15 8.662955E+15 	5.845000e+01 5.884000e+01 6.049000e+01 6.438000e+01 6.517000e+01 6.051000e+01 5.401000e+01 4.772000e+01 	73 73 73 73 73 73 73 73             !         25
6.9860E-07 1.4984E-06 3.2140E-06 6.8938E-06 1.4787E-05 3.1716E-05 6.8028E-05 1.4591E-04     9.575397E+09 6.461930E+10 4.368654E+11 2.964881E+12 2.028909E+13 1.413361E+14 1.023137E+15 8.050709E+15 	5.845000e+01 5.884000e+01 6.049000e+01 6.438000e+01 6.517000e+01 6.051000e+01 5.401000e+01 4.772000e+01 	73 73 73 73 73 73 73 73             !         26
6.9860E-07 1.4984E-06 3.2140E-06 6.8938E-06 1.4787E-05 3.1716E-05 6.8028E-05 1.4591E-04     9.117512E+09 6.152331E+10 4.158483E+11 2.820986E+12 1.928596E+13 1.340731E+14 9.663007E+14 7.532109E+15 	5.533000e+01 5.567000e+01 5.713000e+01 6.077000e+01 6.178000e+01 5.760000e+01 5.155000e+01 4.565000e+01 	73 73 73 73 73 73 73 73             !         27
6.9860E-07 1.4984E-06 3.2140E-06 6.8938E-06 1.4787E-05 3.1716E-05 6.8028E-05 1.4591E-04     8.735187E+09 5.893789E+10 3.982924E+11 2.700720E+12 1.844658E+13 1.279821E+14 9.184604E+14 7.093759E+15 	5.533000e+01 5.567000e+01 5.713000e+01 6.077000e+01 6.178000e+01 5.760000e+01 5.155000e+01 4.565000e+01 	73 73 73 73 73 73 73 73             !         28
6.9860E-07 1.4984E-06 3.2140E-06 6.8938E-06 1.4787E-05 3.1716E-05 6.8028E-05 1.4591E-04     8.419692E+09 5.680398E+10 3.837962E+11 2.601327E+12 1.775161E+13 1.229215E+14 8.784760E+14 6.724583E+15 	5.142000e+01 5.171000e+01 5.297000e+01 5.624000e+01 5.747000e+01 5.389000e+01 4.841000e+01 4.302000e+01 	73 73 73 73 73 73 73 73             !         29
6.9860E-07 1.4984E-06 3.2140E-06 6.8938E-06 1.4787E-05 3.1716E-05 6.8028E-05 1.4591E-04     8.163708E+09 5.507205E+10 3.720232E+11 2.520496E+12 1.718489E+13 1.187727E+14 8.453952E+14 6.415382E+15 	4.699000e+01 4.723000e+01 4.827000e+01 5.109000e+01 5.241000e+01 4.950000e+01 4.472000e+01 3.994000e+01 	73 73 73 73 73 73 73 73             !         30
6.9860E-07 1.4984E-06 3.2140E-06 6.8938E-06 1.4787E-05 3.1716E-05 6.8028E-05 1.4591E-04     7.961066E+09 5.370038E+10 3.626899E+11 2.456283E+12 1.673276E+13 1.154359E+14 8.184183E+14 6.158474E+15 	4.699000e+01 4.723000e+01 4.827000e+01 5.109000e+01 5.241000e+01 4.950000e+01 4.472000e+01 3.994000e+01 	73 73 73 73 73 73 73 73             !         31
6.9860E-07 1.4984E-06 3.2140E-06 6.8938E-06 1.4787E-05 3.1716E-05 6.8028E-05 1.4591E-04     7.806519E+09 5.265348E+10 3.555550E+11 2.407031E+12 1.638364E+13 1.128263E+14 7.968683E+14 5.947401E+15 	4.267000e+01 4.287000e+01 4.376000e+01 4.611000e+01 4.728000e+01 4.493000e+01 4.088000e+01 3.672000e+01 	73 73 73 73 73 73 73 73             !         32
6.9860E-07 1.4984E-06 3.2140E-06 6.8938E-06 1.4787E-05 3.1716E-05 6.8028E-05 1.4591E-04     7.695549E+09 5.190077E+10 3.504108E+11 2.371316E+12 1.612756E+13 1.108712E+14 7.801657E+14 5.776678E+15 	3.924000e+01 3.943000e+01 4.026000e+01 4.232000e+01 4.306000e+01 4.095000e+01 3.747000e+01 3.381000e+01 	73 73 73 73 73 73 73 73             !         33
6.9860E-07 1.4984E-06 3.2140E-06 6.8938E-06 1.4787E-05 3.1716E-05 6.8028E-05 1.4591E-04     7.624189E+09 5.141544E+10 3.470753E+11 2.347890E+12 1.595579E+13 1.095071E+14 7.678074E+14 5.641596E+15 	3.924000e+01 3.943000e+01 4.026000e+01 4.232000e+01 4.306000e+01 4.095000e+01 3.747000e+01 3.381000e+01 	73 73 73 73 73 73 73 73             !         34
6.9860E-07 1.4984E-06 3.2140E-06 6.8938E-06 1.4787E-05 3.1716E-05 6.8028E-05 1.4591E-04     7.588878E+09 5.117340E+10 3.453848E+11 2.335632E+12 1.586051E+13 1.086772E+14 7.593478E+14 5.538048E+15 	3.694000e+01 3.714000e+01 3.797000e+01 3.996000e+01 4.037000e+01 3.815000e+01 3.490000e+01 3.146000e+01 	73 73 73 73 73 73 73 73             !         35
6.9860E-07 1.4984E-06 3.2140E-06 6.8938E-06 1.4787E-05 3.1716E-05 6.8028E-05 1.4591E-04     7.586318E+09 5.115235E+10 3.451880E+11 2.333507E+12 1.583453E+13 1.083295E+14 7.543830E+14 5.462380E+15 	3.540000e+01 3.561000e+01 3.646000e+01 3.844000e+01 3.876000e+01 3.639000e+01 3.313000e+01 2.970000e+01 	73 73 73 73 73 73 73 73             !         36
6.9860E-07 1.4984E-06 3.2140E-06 6.8938E-06 1.4787E-05 3.1716E-05 6.8028E-05 1.4591E-04     7.613350E+09 5.133096E+10 3.463402E+11 2.340528E+12 1.587099E+13 1.084151E+14 7.525365E+14 5.411272E+15 	3.540000e+01 3.561000e+01 3.646000e+01 3.844000e+01 3.876000e+01 3.639000e+01 3.313000e+01 2.970000e+01 	73 73 73 73 73 73 73 73             !         37
6.9860E-07 1.4984E-06 3.2140E-06 6.8938E-06 1.4787E-05 3.1716E-05 6.8028E-05 1.4591E-04     7.666852E+09 5.168812E+10 3.486986E+11 2.355720E+12 1.596316E+13 1.088859E+14 7.534474E+14 5.381636E+15 	3.422000e+01 3.443000e+01 3.529000e+01 3.727000e+01 3.756000e+01 3.515000e+01 3.185000e+01 2.838000e+01 	73 73 73 73 73 73 73 73             !         38
6.9860E-07 1.4984E-06 3.2140E-06 6.8938E-06 1.4787E-05 3.1716E-05 6.8028E-05 1.4591E-04     7.743646E+09 5.220239E+10 3.521179E+11 2.378095E+12 1.610425E+13 1.096943E+14 7.567608E+14 5.370533E+15 	3.422000e+01 3.443000e+01 3.529000e+01 3.727000e+01 3.756000e+01 3.515000e+01 3.185000e+01 2.838000e+01 	73 73 73 73 73 73 73 73             !         39
6.9860E-07 1.4984E-06 3.2140E-06 6.8938E-06 1.4787E-05 3.1716E-05 6.8028E-05 1.4591E-04     7.840435E+09 5.285151E+10 3.564476E+11 2.406631E+12 1.628725E+13 1.107913E+14 7.621206E+14 5.375114E+15 	3.324000e+01 3.344000e+01 3.430000e+01 3.626000e+01 3.656000e+01 3.417000e+01 3.086000e+01 2.738000e+01 	73 73 73 73 73 73 73 73             !         40
6.9860E-07 1.4984E-06 3.2140E-06 6.8938E-06 1.4787E-05 3.1716E-05 6.8028E-05 1.4591E-04     7.953758E+09 5.361213E+10 3.615301E+11 2.440259E+12 1.650486E+13 1.121263E+14 7.691651E+14 5.392580E+15 	3.241000e+01 3.261000e+01 3.345000e+01 3.537000e+01 3.569000e+01 3.336000e+01 3.012000e+01 2.667000e+01 	73 73 73 73 73 73 73 73             !         41
6.9860E-07 1.4984E-06 3.2140E-06 6.8938E-06 1.4787E-05 3.1716E-05 6.8028E-05 1.4591E-04     8.079988E+09 5.445978E+10 3.672000E+11 2.477861E+12 1.674950E+13 1.136472E+14 7.775256E+14 5.420164E+15 	3.241000e+01 3.261000e+01 3.345000e+01 3.537000e+01 3.569000e+01 3.336000e+01 3.012000e+01 2.667000e+01 	73 73 73 73 73 73 73 73             !         42
6.9860E-07 1.4984E-06 3.2140E-06 6.8938E-06 1.4787E-05 3.1716E-05 6.8028E-05 1.4591E-04     8.215351E+09 5.536904E+10 3.732859E+11 2.518279E+12 1.701329E+13 1.153001E+14 7.868286E+14 5.455147E+15 	3.165000e+01 3.185000e+01 3.266000e+01 3.454000e+01 3.487000e+01 3.260000e+01 2.944000e+01 2.606000e+01 	73 73 73 73 73 73 73 73             !         43
6.9860E-07 1.4984E-06 3.2140E-06 6.8938E-06 1.4787E-05 3.1716E-05 6.8028E-05 1.4591E-04     8.355997E+09 5.631394E+10 3.796125E+11 2.560330E+12 1.728825E+13 1.170308E+14 7.967012E+14 5.494879E+15 	3.096000e+01 3.115000e+01 3.194000e+01 3.376000e+01 3.410000e+01 3.190000e+01 2.884000e+01 2.553000e+01 	73 73 73 73 73 73 73 73             !         44
6.9860E-07 1.4984E-06 3.2140E-06 6.8938E-06 1.4787E-05 3.1716E-05 6.8028E-05 1.4591E-04     8.498085E+09 5.726860E+10 3.860057E+11 2.602839E+12 1.756644E+13 1.187858E+14 8.067791E+14 5.536833E+15 	3.096000e+01 3.115000e+01 3.194000e+01 3.376000e+01 3.410000e+01 3.190000e+01 2.884000e+01 2.553000e+01 	73 73 73 73 73 73 73 73             !         45
6.9860E-07 1.4984E-06 3.2140E-06 6.8938E-06 1.4787E-05 3.1716E-05 6.8028E-05 1.4591E-04     8.637910E+09 5.820806E+10 3.922972E+11 2.644673E+12 1.784025E+13 1.205137E+14 8.167173E+14 5.578668E+15 	3.030000e+01 3.048000e+01 3.123000e+01 3.303000e+01 3.339000e+01 3.126000e+01 2.828000e+01 2.506000e+01 	73 73 73 73 73 73 73 73             !         46
6.9860E-07 1.4984E-06 3.2140E-06 6.8938E-06 1.4787E-05 3.1716E-05 6.8028E-05 1.4591E-04     8.772032E+09 5.910915E+10 3.983310E+11 2.684783E+12 1.810263E+13 1.221674E+14 8.262016E+14 5.618295E+15 	2.969000e+01 2.986000e+01 3.059000e+01 3.235000e+01 3.274000e+01 3.067000e+01 2.777000e+01 2.461000e+01 	73 73 73 73 73 73 73 73             !         47
6.9860E-07 1.4984E-06 3.2140E-06 6.8938E-06 1.4787E-05 3.1716E-05 6.8028E-05 1.4591E-04     8.897416E+09 5.995143E+10 4.039695E+11 2.722244E+12 1.834737E+13 1.237056E+14 8.349598E+14 5.653946E+15 	2.969000e+01 2.986000e+01 3.059000e+01 3.235000e+01 3.274000e+01 3.067000e+01 2.777000e+01 2.461000e+01 	73 73 73 73 73 73 73 73             !         48
6.9860E-07 1.4984E-06 3.2140E-06 6.8938E-06 1.4787E-05 3.1716E-05 6.8028E-05 1.4591E-04     9.011543E+09 6.071795E+10 4.090987E+11 2.756291E+12 1.856937E+13 1.250944E+14 8.427717E+14 5.684226E+15 	2.907000e+01 2.924000e+01 2.995000e+01 3.165000e+01 3.205000e+01 3.005000e+01 2.725000e+01 2.417000e+01 	73 73 73 73 73 73 73 73             !         49
6.9860E-07 1.4984E-06 3.2140E-06 6.8938E-06 1.4787E-05 3.1716E-05 6.8028E-05 1.4591E-04     9.112509E+09 6.139590E+10 4.136326E+11 2.786348E+12 1.876478E+13 1.263085E+14 8.494758E+14 5.708152E+15 	2.848000e+01 2.864000e+01 2.932000e+01 3.099000e+01 3.141000e+01 2.948000e+01 2.676000e+01 2.376000e+01 	73 73 73 73 73 73 73 73             !         50
6.9860E-07 1.4984E-06 3.2140E-06 6.8938E-06 1.4787E-05 3.1716E-05 6.8028E-05 1.4591E-04     9.199073E+09 6.197692E+10 4.175150E+11 2.812039E+12 1.893113E+13 1.273321E+14 8.549734E+14 5.725165E+15 	2.848000e+01 2.864000e+01 2.932000e+01 3.099000e+01 3.141000e+01 2.948000e+01 2.676000e+01 2.376000e+01 	73 73 73 73 73 73 73 73             !         51
6.9860E-07 1.4984E-06 3.2140E-06 6.8938E-06 1.4787E-05 3.1716E-05 6.8028E-05 1.4591E-04     9.270668E+09 6.245720E+10 4.207206E+11 2.833198E+12 1.906734E+13 1.281583E+14 8.592275E+14 5.735117E+15 	2.795000e+01 2.810000e+01 2.877000e+01 3.039000e+01 3.082000e+01 2.895000e+01 2.631000e+01 2.338000e+01 	73 73 73 73 73 73 73 73             !         52
6.9860E-07 1.4984E-06 3.2140E-06 6.8938E-06 1.4787E-05 3.1716E-05 6.8028E-05 1.4591E-04     9.327363E+09 6.283724E+10 4.232528E+11 2.849849E+12 1.917362E+13 1.287892E+14 8.622593E+14 5.738236E+15 	2.795000e+01 2.810000e+01 2.877000e+01 3.039000e+01 3.082000e+01 2.895000e+01 2.631000e+01 2.338000e+01 	73 73 73 73 73 73 73 73             !         53
6.9860E-07 1.4984E-06 3.2140E-06 6.8938E-06 1.4787E-05 3.1716E-05 6.8028E-05 1.4591E-04     9.369798E+09 6.312135E+10 4.251409E+11 2.862193E+12 1.925134E+13 1.292345E+14 8.641402E+14 5.735074E+15 	2.746000e+01 2.762000e+01 2.826000e+01 2.985000e+01 3.029000e+01 2.848000e+01 2.591000e+01 2.304000e+01 	73 73 73 73 73 73 73 73             !         54
6.9860E-07 1.4984E-06 3.2140E-06 6.8938E-06 1.4787E-05 3.1716E-05 6.8028E-05 1.4591E-04     9.399077E+09 6.331698E+10 4.264352E+11 2.870570E+12 1.930282E+13 1.295103E+14 8.649826E+14 5.726434E+15 	2.701000e+01 2.716000e+01 2.779000e+01 2.934000e+01 2.978000e+01 2.802000e+01 2.552000e+01 2.273000e+01 	73 73 73 73 73 73 73 73             !         55
6.9860E-07 1.4984E-06 3.2140E-06 6.8938E-06 1.4787E-05 3.1716E-05 6.8028E-05 1.4591E-04     9.416656E+09 6.343394E+10 4.272020E+11 2.875428E+12 1.933111E+13 1.296371E+14 8.649285E+14 5.713300E+15 	2.701000e+01 2.716000e+01 2.779000e+01 2.934000e+01 2.978000e+01 2.802000e+01 2.552000e+01 2.273000e+01 	73 73 73 73 73 73 73 73             !         56
6.9860E-07 1.4984E-06 3.2140E-06 6.8938E-06 1.4787E-05 3.1716E-05 6.8028E-05 1.4591E-04     9.424217E+09 6.348358E+10 4.275176E+11 2.877282E+12 1.933969E+13 1.296387E+14 8.641385E+14 5.696758E+15 	2.666000e+01 2.681000e+01 2.742000e+01 2.895000e+01 2.939000e+01 2.768000e+01 2.523000e+01 2.248000e+01 	73 73 73 73 73 73 73 73             !         57
6.9860E-07 1.4984E-06 3.2140E-06 6.8938E-06 1.4787E-05 3.1716E-05 6.8028E-05 1.4591E-04     9.423549E+09 6.347795E+10 4.274633E+11 2.876681E+12 1.933224E+13 1.295398E+14 8.627804E+14 5.677932E+15 	2.629000e+01 2.643000e+01 2.702000e+01 2.852000e+01 2.898000e+01 2.731000e+01 2.492000e+01 2.223000e+01 	73 73 73 73 73 73 73 73             !         58
6.9860E-07 1.4984E-06 3.2140E-06 6.8938E-06 1.4787E-05 3.1716E-05 6.8028E-05 1.4591E-04     9.416435E+09 6.342906E+10 4.271200E+11 2.874168E+12 1.931244E+13 1.293653E+14 8.610199E+14 5.657914E+15 	2.637000e+01 2.651000e+01 2.709000e+01 2.858000e+01 2.907000e+01 2.743000e+01 2.505000e+01 2.237000e+01 	73 73 73 73 73 73 73 73             !         59
6.9860E-07 1.4984E-06 3.2140E-06 6.8938E-06 1.4787E-05 3.1716E-05 6.8028E-05 1.4591E-04     9.404557E+09 6.334824E+10 4.265642E+11 2.870260E+12 1.928376E+13 1.291383E+14 8.590118E+14 5.637718E+15 	2.607000e+01 2.620000e+01 2.677000e+01 2.824000e+01 2.875000e+01 2.714000e+01 2.481000e+01 2.218000e+01 	73 73 73 73 73 73 73 73             !         60
6.9860E-07 1.4984E-06 3.2140E-06 6.8938E-06 1.4787E-05 3.1716E-05 6.8028E-05 1.4591E-04     9.389422E+09 6.324565E+10 4.258640E+11 2.865414E+12 1.924926E+13 1.288795E+14 8.568936E+14 5.618235E+15 	2.584000e+01 2.596000e+01 2.652000e+01 2.798000e+01 2.850000e+01 2.692000e+01 2.461000e+01 2.202000e+01 	73 73 73 73 73 73 73 73             !         61
6.9860E-07 1.4984E-06 3.2140E-06 6.8938E-06 1.4787E-05 3.1716E-05 6.8028E-05 1.4591E-04     9.372292E+09 6.312978E+10 4.250769E+11 2.860017E+12 1.921156E+13 1.286062E+14 8.547799E+14 5.600205E+15 	2.584000e+01 2.596000e+01 2.652000e+01 2.798000e+01 2.850000e+01 2.692000e+01 2.461000e+01 2.202000e+01 	73 73 73 73 73 73 73 73             !         62
6.9860E-07 1.4984E-06 3.2140E-06 6.8938E-06 1.4787E-05 3.1716E-05 6.8028E-05 1.4591E-04     9.354149E+09 6.300725E+10 4.242472E+11 2.854368E+12 1.917265E+13 1.283319E+14 8.527592E+14 5.584194E+15 	2.574000e+01 2.587000e+01 2.642000e+01 2.787000e+01 2.838000e+01 2.680000e+01 2.452000e+01 2.193000e+01 	73 73 73 73 73 73 73 73             !         63
6.9860E-07 1.4984E-06 3.2140E-06 6.8938E-06 1.4787E-05 3.1716E-05 6.8028E-05 1.4591E-04     9.335658E+09 6.288254E+10 4.234051E+11 2.848669E+12 1.913389E+13 1.280655E+14 8.508909E+14 5.570576E+15 	2.570000e+01 2.583000e+01 2.638000e+01 2.782000e+01 2.832000e+01 2.675000e+01 2.447000e+01 2.190000e+01 	73 73 73 73 73 73 73 73             !         64
