size1 size2 size3 size4 size5 size6 size7 size8
3.65066E-05 5.39206E-06 7.92031E-07 1.14971E-07 1.62707E-08 2.18044E-09 2.59889E-10 2.40687E-11
4.68813E-05 6.92552E-06 1.01763E-06 1.47828E-07 2.09538E-08 2.81757E-09 3.38288E-10 3.18230E-11
5.99657E-05 8.85982E-06 1.30229E-06 1.89318E-07 2.68767E-08 3.62611E-09 4.38497E-10 4.18895E-11
7.63981E-05 1.12894E-05 1.65997E-06 2.41488E-07 3.43355E-08 4.64770E-09 5.66018E-10 5.48964E-11
9.69477E-05 1.43282E-05 2.10748E-06 3.06806E-07 4.36887E-08 5.93293E-09 7.27572E-10 7.16238E-11
1.22537E-04 1.81129E-05 2.66502E-06 3.88241E-07 5.53669E-08 7.54280E-09 9.31332E-10 9.30349E-11
1.54268E-04 2.28066E-05 3.35667E-06 4.89333E-07 6.98855E-08 9.55056E-09 1.18718E-09 1.20312E-10
1.93445E-04 2.86026E-05 4.21104E-06 6.14294E-07 8.78579E-08 1.20436E-08 1.50699E-09 1.54898E-10
2.41610E-04 3.57294E-05 5.26190E-06 7.68094E-07 1.10010E-07 1.51259E-08 1.90496E-09 1.98545E-10
3.00572E-04 4.44549E-05 6.54890E-06 9.56576E-07 1.37195E-07 1.89197E-08 2.39797E-09 2.53365E-10
3.72442E-04 5.50921E-05 8.11831E-06 1.18657E-06 1.70412E-07 2.35691E-08 3.00598E-09 3.21891E-10
4.59667E-04 6.80038E-05 1.00239E-05 1.46599E-06 2.10823E-07 2.92417E-08 3.75241E-09 4.07142E-10
5.65073E-04 8.36088E-05 1.23276E-05 1.80401E-06 2.59772E-07 3.61323E-08 4.66462E-09 5.12693E-10
6.91897E-04 1.02387E-04 1.51005E-05 2.21112E-06 3.18804E-07 4.44654E-08 5.77438E-09 6.42753E-10
8.43828E-04 1.24886E-04 1.84238E-05 2.69932E-06 3.89683E-07 5.44981E-08 7.11831E-09 8.02242E-10
1.02504E-03 1.51724E-04 2.23891E-05 3.28218E-06 4.74412E-07 6.65231E-08 8.73839E-09 9.96876E-10
1.24024E-03 1.83600E-04 2.70999E-05 3.97501E-06 5.75248E-07 8.08718E-08 1.06824E-08 1.23325E-09
1.49467E-03 2.21291E-04 3.26717E-05 4.79491E-06 6.94722E-07 9.79162E-08 1.30043E-08 1.51893E-09
1.79416E-03 2.65663E-04 3.92326E-05 5.76090E-06 8.35649E-07 1.18071E-07 1.57648E-08 1.86251E-09
2.14513E-03 3.17667E-04 4.69240E-05 6.89394E-06 1.00113E-06 1.41797E-07 1.90315E-08 2.27370E-09
2.55458E-03 3.78345E-04 5.59005E-05 8.21698E-06 1.19459E-06 1.69599E-07 2.28792E-08 2.76340E-09
3.03014E-03 4.48826E-04 6.63297E-05 9.75492E-06 1.41971E-06 2.02028E-07 2.73899E-08 3.34370E-09
3.57999E-03 5.30326E-04 7.83922E-05 1.15346E-05 1.68049E-06 2.39681E-07 3.26530E-08 4.02798E-09
4.21285E-03 6.24141E-04 9.22805E-05 1.35846E-05 1.98121E-06 2.83197E-07 3.87648E-08 4.83083E-09
4.93794E-03 7.31640E-04 1.08198E-04 1.59353E-05 2.32637E-06 3.33254E-07 4.58284E-08 5.76807E-09
5.76490E-03 8.54252E-04 1.26357E-04 1.86183E-05 2.72073E-06 3.90567E-07 5.39529E-08 6.85669E-09
6.70368E-03 9.93459E-04 1.46979E-04 2.16665E-05 3.16919E-06 4.55877E-07 6.32524E-08 8.11471E-09
7.76444E-03 1.15077E-03 1.70287E-04 2.51133E-05 3.67677E-06 5.29948E-07 7.38452E-08 9.56106E-09
8.95743E-03 1.32770E-03 1.96507E-04 2.89924E-05 4.24856E-06 6.13553E-07 8.58519E-08 1.12154E-08
1.02928E-02 1.52577E-03 2.25865E-04 3.33375E-05 4.88960E-06 7.07462E-07 9.93939E-08 1.30978E-08
1.17803E-02 1.74643E-03 2.58579E-04 3.81812E-05 5.60480E-06 8.12432E-07 1.14592E-07 1.52284E-08
1.34294E-02 1.99107E-03 2.94854E-04 4.35545E-05 6.39888E-06 9.29189E-07 1.31561E-07 1.76274E-08
1.52487E-02 2.26099E-03 3.34885E-04 4.94861E-05 7.27619E-06 1.05841E-06 1.50413E-07 2.03140E-08
1.72459E-02 2.55732E-03 3.78839E-04 5.60016E-05 8.24063E-06 1.20070E-06 1.71248E-07 2.33065E-08
1.94273E-02 2.88102E-03 4.26861E-04 6.31227E-05 9.29550E-06 1.35660E-06 1.94155E-07 2.66215E-08
2.17979E-02 3.23282E-03 4.79061E-04 7.08659E-05 1.04434E-05 1.52651E-06 2.19207E-07 3.02736E-08
2.43610E-02 3.61319E-03 5.35510E-04 7.92422E-05 1.16860E-05 1.71073E-06 2.46458E-07 3.42745E-08
2.71175E-02 4.02231E-03 5.96233E-04 8.82557E-05 1.30241E-05 1.90939E-06 2.75939E-07 3.86324E-08
3.00663E-02 4.46000E-03 6.61207E-04 9.79031E-05 1.44572E-05 2.12247E-06 3.07657E-07 4.33519E-08
3.32037E-02 4.92571E-03 7.30349E-04 1.08172E-04 1.59837E-05 2.34974E-06 3.41588E-07 4.84327E-08
3.65231E-02 5.41848E-03 8.03519E-04 1.19043E-04 1.76006E-05 2.59079E-06 3.77677E-07 5.38696E-08
4.00153E-02 5.93691E-03 8.80509E-04 1.30485E-04 1.93034E-05 2.84497E-06 4.15836E-07 5.96519E-08
4.36676E-02 6.47916E-03 9.61046E-04 1.42456E-04 2.10861E-05 3.11140E-06 4.55938E-07 6.57626E-08
4.74645E-02 7.04289E-03 1.04478E-03 1.54907E-04 2.29412E-05 3.38896E-06 4.97819E-07 7.21787E-08
5.13871E-02 7.62532E-03 1.13131E-03 1.67775E-04 2.48594E-05 3.67629E-06 5.41278E-07 7.88703E-08
5.54134E-02 8.22318E-03 1.22014E-03 1.80989E-04 2.68301E-05 3.97179E-06 5.86073E-07 8.58011E-08
5.95184E-02 8.83276E-03 1.31071E-03 1.94465E-04 2.88410E-05 4.27362E-06 6.31925E-07 9.29280E-08
6.36742E-02 9.44991E-03 1.40242E-03 2.08113E-04 3.08783E-05 4.57971E-06 6.78518E-07 1.00202E-07
6.78502E-02 1.00701E-02 1.49459E-03 2.21833E-04 3.29271E-05 4.88779E-06 7.25505E-07 1.07567E-07
7.20137E-02 1.06884E-02 1.58649E-03 2.35515E-04 3.49711E-05 5.19542E-06 7.72506E-07 1.14963E-07
7.61298E-02 1.12997E-02 1.67736E-03 2.49045E-04 3.69932E-05 5.49998E-06 8.19117E-07 1.22324E-07
8.01622E-02 1.18987E-02 1.76639E-03 2.62303E-04 3.89754E-05 5.79875E-06 8.64913E-07 1.29580E-07
8.40738E-02 1.24797E-02 1.85276E-03 2.75168E-04 4.08993E-05 6.08892E-06 9.09456E-07 1.36660E-07
8.78269E-02 1.30371E-02 1.93564E-03 2.87514E-04 4.27461E-05 6.36765E-06 9.52300E-07 1.43489E-07
9.13840E-02 1.35655E-02 2.01420E-03 2.99218E-04 4.44974E-05 6.63210E-06 9.92997E-07 1.49993E-07
9.47084E-02 1.40593E-02 2.08762E-03 3.10158E-04 4.61347E-05 6.87948E-06 1.03111E-06 1.56098E-07
9.77648E-02 1.45133E-02 2.15513E-03 3.20218E-04 4.76407E-05 7.10711E-06 1.06621E-06 1.61733E-07
1.00520E-01 1.49226E-02 2.21599E-03 3.29287E-04 4.89987E-05 7.31246E-06 1.09791E-06 1.66831E-07
1.02943E-01 1.52826E-02 2.26952E-03 3.37265E-04 5.01934E-05 7.49318E-06 1.12583E-06 1.71328E-07
1.05007E-01 1.55892E-02 2.31512E-03 3.44061E-04 5.12113E-05 7.64720E-06 1.14963E-06 1.75168E-07
1.06688E-01 1.58389E-02 2.35225E-03 3.49597E-04 5.20404E-05 7.77268E-06 1.16904E-06 1.78301E-07
1.07966E-01 1.60288E-02 2.38049E-03 3.53807E-04 5.26710E-05 7.86815E-06 1.18380E-06 1.80688E-07
1.08827E-01 1.61566E-02 2.39951E-03 3.56641E-04 5.30957E-05 7.93244E-06 1.19375E-06 1.82298E-07
1.09260E-01 1.62209E-02 2.40907E-03 3.58067E-04 5.33093E-05 7.96478E-06 1.19876E-06 1.83108E-07
