! grain-radius [cm]                                         1/abundance of grains                               grain temp                         CR-peak-Temperaturegrain[K]                          spatial point                    

6.9860E-07 1.4984E-06 3.2140E-06 6.8938E-06 1.4787E-05 3.1716E-05 6.8028E-05 1.4591E-04     2.455124E+11 1.668945E+12 1.146074E+13 8.043215E+13 5.914581E+14 4.808226E+15 4.850737E+16 7.798489E+17 	5.690000e+01 5.735000e+01 5.914000e+01 6.288000e+01 6.290000e+01 5.796000e+01 5.144000e+01 4.508000e+01 	73 73 73 73 73 73 73 73             !         1
6.9860E-07 1.4984E-06 3.2140E-06 6.8938E-06 1.4787E-05 3.1716E-05 6.8028E-05 1.4591E-04     2.010861E+11 1.366540E+12 9.378177E+12 6.572731E+13 4.819211E+14 3.893364E+15 3.875534E+16 6.054225E+17 	5.690000e+01 5.735000e+01 5.914000e+01 6.288000e+01 6.290000e+01 5.796000e+01 5.144000e+01 4.508000e+01 	73 73 73 73 73 73 73 73             !         2
6.9860E-07 1.4984E-06 3.2140E-06 6.8938E-06 1.4787E-05 3.1716E-05 6.8028E-05 1.4591E-04     1.655706E+11 1.124858E+12 7.714774E+12 5.399712E+13 3.947812E+14 3.169837E+15 3.114005E+16 4.728992E+17 	5.690000e+01 5.735000e+01 5.914000e+01 6.287000e+01 6.290000e+01 5.796000e+01 5.144000e+01 4.508000e+01 	73 73 73 73 73 73 73 73             !         3
6.9860E-07 1.4984E-06 3.2140E-06 6.8938E-06 1.4787E-05 3.1716E-05 6.8028E-05 1.4591E-04     1.370618E+11 9.309077E+11 6.380667E+12 4.460081E+13 3.251655E+14 2.595131E+15 2.516575E+16 3.716889E+17 	5.690000e+01 5.735000e+01 5.914000e+01 6.287000e+01 6.290000e+01 5.796000e+01 5.144000e+01 4.508000e+01 	73 73 73 73 73 73 73 73             !         4
6.9860E-07 1.4984E-06 3.2140E-06 6.8938E-06 1.4787E-05 3.1716E-05 6.8028E-05 1.4591E-04     1.140823E+11 7.746162E+11 5.306209E+12 3.704245E+13 2.693130E+14 2.136631E+15 2.045694E+16 2.939874E+17 	5.692000e+01 5.737000e+01 5.916000e+01 6.290000e+01 6.293000e+01 5.798000e+01 5.146000e+01 4.510000e+01 	73 73 73 73 73 73 73 73             !         5
6.9860E-07 1.4984E-06 3.2140E-06 6.8938E-06 1.4787E-05 3.1716E-05 6.8028E-05 1.4591E-04     9.548276E+10 6.481466E+11 4.437248E+12 3.093691E+13 2.243110E+14 1.769226E+15 1.672813E+16 2.340194E+17 	5.692000e+01 5.737000e+01 5.916000e+01 6.290000e+01 6.293000e+01 5.798000e+01 5.146000e+01 4.510000e+01 	73 73 73 73 73 73 73 73             !         6
6.9860E-07 1.4984E-06 3.2140E-06 6.8938E-06 1.4787E-05 3.1716E-05 6.8028E-05 1.4591E-04     8.036566E+10 5.453821E+11 3.731542E+12 2.598418E+13 1.878965E+14 1.473516E+15 1.376145E+16 1.874921E+17 	5.693000e+01 5.738000e+01 5.917000e+01 6.290000e+01 6.293000e+01 5.798000e+01 5.146000e+01 4.510000e+01 	73 73 73 73 73 73 73 73             !         7
6.9860E-07 1.4984E-06 3.2140E-06 6.8938E-06 1.4787E-05 3.1716E-05 6.8028E-05 1.4591E-04     6.802805E+10 4.615327E+11 3.156031E+12 2.194970E+13 1.583050E+14 1.234461E+15 1.139001E+16 1.512012E+17 	5.693000e+01 5.738000e+01 5.917000e+01 6.291000e+01 6.293000e+01 5.799000e+01 5.146000e+01 4.510000e+01 	73 73 73 73 73 73 73 73             !         8
6.9860E-07 1.4984E-06 3.2140E-06 6.8938E-06 1.4787E-05 3.1716E-05 6.8028E-05 1.4591E-04     5.791741E+10 3.928345E+11 2.684752E+12 1.864952E+13 1.341559E+14 1.040356E+15 9.485465E+15 1.227440E+17 	5.693000e+01 5.738000e+01 5.917000e+01 6.291000e+01 6.293000e+01 5.799000e+01 5.146000e+01 4.510000e+01 	73 73 73 73 73 73 73 73             !         9
6.9860E-07 1.4984E-06 3.2140E-06 6.8938E-06 1.4787E-05 3.1716E-05 6.8028E-05 1.4591E-04     4.959802E+10 3.363203E+11 2.297247E+12 1.593883E+13 1.143655E+14 8.820635E+14 7.948746E+15 1.003111E+17 	5.692000e+01 5.737000e+01 5.917000e+01 6.290000e+01 6.293000e+01 5.799000e+01 5.147000e+01 4.510000e+01 	73 73 73 73 73 73 73 73             !         10
6.9860E-07 1.4984E-06 3.2140E-06 6.8938E-06 1.4787E-05 3.1716E-05 6.8028E-05 1.4591E-04     4.272511E+10 2.896423E+11 1.977339E+12 1.370329E+13 9.807979E+13 7.524196E+14 6.703064E+15 8.253348E+16 	5.689000e+01 5.734000e+01 5.914000e+01 6.287000e+01 6.291000e+01 5.796000e+01 5.145000e+01 4.508000e+01 	73 73 73 73 73 73 73 73             !         11
6.9860E-07 1.4984E-06 3.2140E-06 6.8938E-06 1.4787E-05 3.1716E-05 6.8028E-05 1.4591E-04     3.702488E+10 2.509371E+11 1.712193E+12 1.185224E+13 8.462363E+13 6.457894E+14 5.688674E+15 6.837107E+16 	5.689000e+01 5.734000e+01 5.914000e+01 6.287000e+01 6.291000e+01 5.796000e+01 5.145000e+01 4.508000e+01 	73 73 73 73 73 73 73 73             !         12
6.9860E-07 1.4984E-06 3.2140E-06 6.8938E-06 1.4787E-05 3.1716E-05 6.8028E-05 1.4591E-04     3.227921E+10 2.187199E+11 1.491590E+12 1.031361E+13 7.346125E+13 5.577240E+14 4.858907E+15 5.702989E+16 	5.689000e+01 5.734000e+01 5.913000e+01 6.286000e+01 6.290000e+01 5.796000e+01 5.144000e+01 4.508000e+01 	73 73 73 73 73 73 73 73             !         13
6.9860E-07 1.4984E-06 3.2140E-06 6.8938E-06 1.4787E-05 3.1716E-05 6.8028E-05 1.4591E-04     2.831369E+10 1.918042E+11 1.307365E+12 9.029858E+12 6.416603E+13 4.846977E+14 4.177165E+15 4.790118E+16 	5.684000e+01 5.728000e+01 5.907000e+01 6.281000e+01 6.285000e+01 5.792000e+01 5.141000e+01 4.505000e+01 	73 73 73 73 73 73 73 73             !         14
6.9860E-07 1.4984E-06 3.2140E-06 6.8938E-06 1.4787E-05 3.1716E-05 6.8028E-05 1.4591E-04     2.498841E+10 1.692383E+11 1.152973E+12 7.954914E+12 5.639704E+13 4.239064E+14 3.614635E+15 4.051610E+16 	5.684000e+01 5.728000e+01 5.907000e+01 6.281000e+01 6.285000e+01 5.792000e+01 5.141000e+01 4.505000e+01 	73 73 73 73 73 73 73 73             !         15
6.9860E-07 1.4984E-06 3.2140E-06 6.8938E-06 1.4787E-05 3.1716E-05 6.8028E-05 1.4591E-04     2.219075E+10 1.502561E+11 1.023149E+12 7.051750E+12 4.988092E+13 3.731118E+14 3.148543E+15 3.451194E+16 	5.734000e+01 5.778000e+01 5.959000e+01 6.337000e+01 6.342000e+01 5.844000e+01 5.188000e+01 4.547000e+01 	73 73 73 73 73 73 73 73             !         16
6.9860E-07 1.4984E-06 3.2140E-06 6.8938E-06 1.4787E-05 3.1716E-05 6.8028E-05 1.4591E-04     1.982974E+10 1.342393E+11 9.136442E+11 6.290511E+12 4.439767E+13 3.305207E+14 2.760817E+15 2.960685E+16 	5.724000e+01 5.768000e+01 5.948000e+01 6.325000e+01 6.332000e+01 5.836000e+01 5.180000e+01 4.541000e+01 	73 73 73 73 73 73 73 73             !         17
6.9860E-07 1.4984E-06 3.2140E-06 6.8938E-06 1.4787E-05 3.1716E-05 6.8028E-05 1.4591E-04     1.783169E+10 1.206867E+11 8.210167E+11 5.647043E+12 3.976969E+13 2.946915E+14 2.437067E+15 2.558083E+16 	5.724000e+01 5.768000e+01 5.948000e+01 6.325000e+01 6.332000e+01 5.836000e+01 5.180000e+01 4.541000e+01 	73 73 73 73 73 73 73 73             !         18
6.9860E-07 1.4984E-06 3.2140E-06 6.8938E-06 1.4787E-05 3.1716E-05 6.8028E-05 1.4591E-04     1.613669E+10 1.091913E+11 7.424715E+11 5.101742E+12 3.585308E+13 2.644611E+14 2.165782E+15 2.226142E+16 	5.706000e+01 5.750000e+01 5.928000e+01 6.305000e+01 6.314000e+01 5.821000e+01 5.167000e+01 4.530000e+01 	73 73 73 73 73 73 73 73             !         19
6.9860E-07 1.4984E-06 3.2140E-06 6.8938E-06 1.4787E-05 3.1716E-05 6.8028E-05 1.4591E-04     1.469589E+10 9.942098E+10 6.757305E+11 4.638646E+12 3.253091E+13 2.388882E+14 1.937729E+15 1.951281E+16 	5.682000e+01 5.726000e+01 5.903000e+01 6.277000e+01 6.289000e+01 5.799000e+01 5.150000e+01 4.516000e+01 	73 73 73 73 73 73 73 73             !         20
6.9860E-07 1.4984E-06 3.2140E-06 6.8938E-06 1.4787E-05 3.1716E-05 6.8028E-05 1.4591E-04     1.346936E+10 9.110442E+10 6.189321E+11 4.244720E+12 2.970783E+13 2.172079E+14 1.745467E+15 1.722762E+16 	5.646000e+01 5.688000e+01 5.863000e+01 6.236000e+01 6.252000e+01 5.767000e+01 5.123000e+01 4.492000e+01 	73 73 73 73 73 73 73 73             !         21
6.9860E-07 1.4984E-06 3.2140E-06 6.8938E-06 1.4787E-05 3.1716E-05 6.8028E-05 1.4591E-04     1.242432E+10 8.401906E+10 5.705501E+11 3.909287E+12 2.730591E+13 1.987972E+14 1.582984E+15 1.532057E+16 	5.646000e+01 5.688000e+01 5.863000e+01 6.236000e+01 6.252000e+01 5.767000e+01 5.123000e+01 4.492000e+01 	73 73 73 73 73 73 73 73             !         22
6.9860E-07 1.4984E-06 3.2140E-06 6.8938E-06 1.4787E-05 3.1716E-05 6.8028E-05 1.4591E-04     1.153385E+10 7.798195E+10 5.293305E+11 3.623579E+12 2.526119E+13 1.831470E+14 1.445401E+15 1.372365E+16 	5.595000e+01 5.637000e+01 5.809000e+01 6.178000e+01 6.199000e+01 5.723000e+01 5.084000e+01 4.461000e+01 	73 73 73 73 73 73 73 73             !         23
6.9860E-07 1.4984E-06 3.2140E-06 6.8938E-06 1.4787E-05 3.1716E-05 6.8028E-05 1.4591E-04     1.077574E+10 7.284229E+10 4.942396E+11 3.380374E+12 2.352113E+13 1.698397E+14 1.328748E+15 1.238240E+16 	5.522000e+01 5.563000e+01 5.731000e+01 6.095000e+01 6.125000e+01 5.660000e+01 5.031000e+01 4.415000e+01 	73 73 73 73 73 73 73 73             !         24
6.9860E-07 1.4984E-06 3.2140E-06 6.8938E-06 1.4787E-05 3.1716E-05 6.8028E-05 1.4591E-04     1.013165E+10 6.847551E+10 4.644241E+11 3.173713E+12 2.204238E+13 1.585323E+14 1.229782E+15 1.125302E+16 	5.522000e+01 5.563000e+01 5.731000e+01 6.095000e+01 6.125000e+01 5.660000e+01 5.031000e+01 4.415000e+01 	73 73 73 73 73 73 73 73             !         25
6.9860E-07 1.4984E-06 3.2140E-06 6.8938E-06 1.4787E-05 3.1716E-05 6.8028E-05 1.4591E-04     9.586382E+09 6.477843E+10 4.391772E+11 2.998665E+12 2.078911E+13 1.489418E+14 1.145846E+15 1.030017E+16 	5.424000e+01 5.463000e+01 5.624000e+01 5.983000e+01 6.022000e+01 5.571000e+01 4.956000e+01 4.352000e+01 	73 73 73 73 73 73 73 73             !         26
6.9860E-07 1.4984E-06 3.2140E-06 6.8938E-06 1.4787E-05 3.1716E-05 6.8028E-05 1.4591E-04     9.127325E+09 6.166545E+10 4.179127E+11 2.851137E+12 1.973166E+13 1.408344E+14 1.074756E+15 9.495174E+15 	5.290000e+01 5.326000e+01 5.479000e+01 5.829000e+01 5.880000e+01 5.449000e+01 4.853000e+01 4.265000e+01 	73 73 73 73 73 73 73 73             !         27
6.9860E-07 1.4984E-06 3.2140E-06 6.8938E-06 1.4787E-05 3.1716E-05 6.8028E-05 1.4591E-04     8.743986E+09 5.906533E+10 4.001427E+11 2.727729E+12 1.884535E+13 1.340160E+14 1.014710E+15 8.814709E+15 	5.290000e+01 5.326000e+01 5.479000e+01 5.829000e+01 5.880000e+01 5.449000e+01 4.853000e+01 4.265000e+01 	73 73 73 73 73 73 73 73             !         28
6.9860E-07 1.4984E-06 3.2140E-06 6.8938E-06 1.4787E-05 3.1716E-05 6.8028E-05 1.4591E-04     8.427608E+09 5.691861E+10 3.854601E+11 2.625603E+12 1.810963E+13 1.283254E+14 9.642156E+14 8.239695E+15 	5.110000e+01 5.144000e+01 5.286000e+01 5.623000e+01 5.690000e+01 5.287000e+01 4.716000e+01 4.149000e+01 	73 73 73 73 73 73 73 73             !         29
6.9860E-07 1.4984E-06 3.2140E-06 6.8938E-06 1.4787E-05 3.1716E-05 6.8028E-05 1.4591E-04     8.170850E+09 5.517547E+10 3.735240E+11 2.542381E+12 1.750729E+13 1.236276E+14 9.220311E+14 7.754461E+15 	4.879000e+01 4.909000e+01 5.038000e+01 5.356000e+01 5.441000e+01 5.073000e+01 4.535000e+01 3.997000e+01 	73 73 73 73 73 73 73 73             !         30
6.9860E-07 1.4984E-06 3.2140E-06 6.8938E-06 1.4787E-05 3.1716E-05 6.8028E-05 1.4591E-04     7.967526E+09 5.379391E+10 3.640469E+11 2.476061E+12 1.702383E+13 1.198092E+14 8.871182E+14 7.346062E+15 	4.593000e+01 4.619000e+01 4.732000e+01 5.024000e+01 5.129000e+01 4.804000e+01 4.309000e+01 3.807000e+01 	73 73 73 73 73 73 73 73             !         31
6.9860E-07 1.4984E-06 3.2140E-06 6.8938E-06 1.4787E-05 3.1716E-05 6.8028E-05 1.4591E-04     7.812373E+09 5.273823E+10 3.567844E+11 2.424940E+12 1.664695E+13 1.167743E+14 8.586018E+14 7.003740E+15 	4.593000e+01 4.619000e+01 4.732000e+01 5.024000e+01 5.129000e+01 4.804000e+01 4.309000e+01 3.807000e+01 	73 73 73 73 73 73 73 73             !         32
6.9860E-07 1.4984E-06 3.2140E-06 6.8938E-06 1.4787E-05 3.1716E-05 6.8028E-05 1.4591E-04     7.700860E+09 5.197766E+10 3.515259E+11 2.387554E+12 1.636608E+13 1.144405E+14 8.357379E+14 6.718486E+15 	4.255000e+01 4.277000e+01 4.373000e+01 4.633000e+01 4.749000e+01 4.477000e+01 4.035000e+01 3.578000e+01 	73 73 73 73 73 73 73 73             !         33
6.9860E-07 1.4984E-06 3.2140E-06 6.8938E-06 1.4787E-05 3.1716E-05 6.8028E-05 1.4591E-04     7.629011E+09 5.148523E+10 3.480873E+11 2.362621E+12 1.617199E+13 1.127364E+14 8.178851E+14 6.482683E+15 	3.900000e+01 3.919000e+01 4.001000e+01 4.223000e+01 4.336000e+01 4.115000e+01 3.732000e+01 3.326000e+01 	73 73 73 73 73 73 73 73             !         34
6.9860E-07 1.4984E-06 3.2140E-06 6.8938E-06 1.4787E-05 3.1716E-05 6.8028E-05 1.4591E-04     7.593253E+09 5.123672E+10 3.463027E+11 2.348990E+12 1.605641E+13 1.115984E+14 8.044821E+14 6.289817E+15 	3.900000e+01 3.919000e+01 4.001000e+01 4.223000e+01 4.336000e+01 4.115000e+01 3.732000e+01 3.326000e+01 	73 73 73 73 73 73 73 73             !         35
6.9860E-07 1.4984E-06 3.2140E-06 6.8938E-06 1.4787E-05 3.1716E-05 6.8028E-05 1.4591E-04     7.590281E+09 5.120970E+10 3.460194E+11 2.345602E+12 1.601178E+13 1.109688E+14 7.950271E+14 6.134240E+15 	3.579000e+01 3.596000e+01 3.669000e+01 3.858000e+01 3.946000e+01 3.761000e+01 3.435000e+01 3.077000e+01 	73 73 73 73 73 73 73 73             !         36
6.9860E-07 1.4984E-06 3.2140E-06 6.8938E-06 1.4787E-05 3.1716E-05 6.8028E-05 1.4591E-04     7.616929E+09 5.138276E+10 3.470910E+11 2.351448E+12 1.603093E+13 1.107936E+14 7.890614E+14 6.010975E+15 	3.344000e+01 3.361000e+01 3.433000e+01 3.607000e+01 3.657000e+01 3.475000e+01 3.187000e+01 2.863000e+01 	73 73 73 73 73 73 73 73             !         37
6.9860E-07 1.4984E-06 3.2140E-06 6.8938E-06 1.4787E-05 3.1716E-05 6.8028E-05 1.4591E-04     7.670070E+09 5.173470E+10 3.493737E+11 2.365535E+12 1.610687E+13 1.110210E+14 7.861550E+14 5.915556E+15 	3.187000e+01 3.205000e+01 3.279000e+01 3.451000e+01 3.479000e+01 3.282000e+01 3.004000e+01 2.692000e+01 	73 73 73 73 73 73 73 73             !         38
6.9860E-07 1.4984E-06 3.2140E-06 6.8938E-06 1.4787E-05 3.1716E-05 6.8028E-05 1.4591E-04     7.746522E+09 5.224400E+10 3.527210E+11 2.386862E+12 1.623257E+13 1.115994E+14 7.858954E+14 5.843908E+15 	3.187000e+01 3.205000e+01 3.279000e+01 3.451000e+01 3.479000e+01 3.282000e+01 3.004000e+01 2.692000e+01 	73 73 73 73 73 73 73 73             !         39
6.9860E-07 1.4984E-06 3.2140E-06 6.8938E-06 1.4787E-05 3.1716E-05 6.8028E-05 1.4591E-04     7.842981E+09 5.288835E+10 3.569816E+11 2.414393E+12 1.640084E+13 1.124773E+14 7.878789E+14 5.792252E+15 	3.073000e+01 3.092000e+01 3.168000e+01 3.342000e+01 3.364000e+01 3.155000e+01 2.871000e+01 2.557000e+01 	73 73 73 73 73 73 73 73             !         40
6.9860E-07 1.4984E-06 3.2140E-06 6.8938E-06 1.4787E-05 3.1716E-05 6.8028E-05 1.4591E-04     7.955985E+09 5.364436E+10 3.619971E+11 2.447049E+12 1.660425E+13 1.136017E+14 7.917058E+14 5.757039E+15 	2.985000e+01 3.004000e+01 3.081000e+01 3.256000e+01 3.278000e+01 3.065000e+01 2.776000e+01 2.458000e+01 	73 73 73 73 73 73 73 73             !         41
6.9860E-07 1.4984E-06 3.2140E-06 6.8938E-06 1.4787E-05 3.1716E-05 6.8028E-05 1.4591E-04     8.081904E+09 5.448751E+10 3.676019E+11 2.483706E+12 1.683508E+13 1.149187E+14 7.969778E+14 5.734914E+15 	2.985000e+01 3.004000e+01 3.081000e+01 3.256000e+01 3.278000e+01 3.065000e+01 2.776000e+01 2.458000e+01 	73 73 73 73 73 73 73 73             !         42
6.9860E-07 1.4984E-06 3.2140E-06 6.8938E-06 1.4787E-05 3.1716E-05 6.8028E-05 1.4591E-04     8.216963E+09 5.539236E+10 3.736239E+11 2.523197E+12 1.708539E+13 1.163733E+14 8.033000E+14 5.722712E+15 	2.915000e+01 2.933000e+01 3.011000e+01 3.185000e+01 3.208000e+01 2.995000e+01 2.705000e+01 2.385000e+01 	73 73 73 73 73 73 73 73             !         43
6.9860E-07 1.4984E-06 3.2140E-06 6.8938E-06 1.4787E-05 3.1716E-05 6.8028E-05 1.4591E-04     8.357309E+09 5.633292E+10 3.798879E+11 2.564340E+12 1.734714E+13 1.179105E+14 8.102853E+14 5.717465E+15 	2.857000e+01 2.875000e+01 2.951000e+01 3.123000e+01 3.146000e+01 2.936000e+01 2.650000e+01 2.332000e+01 	73 73 73 73 73 73 73 73             !         44
6.9860E-07 1.4984E-06 3.2140E-06 6.8938E-06 1.4787E-05 3.1716E-05 6.8028E-05 1.4591E-04     8.499102E+09 5.728333E+10 3.862195E+11 2.605957E+12 1.761238E+13 1.194763E+14 8.175623E+14 5.716443E+15 	2.806000e+01 2.824000e+01 2.898000e+01 3.068000e+01 3.092000e+01 2.886000e+01 2.604000e+01 2.289000e+01 	73 73 73 73 73 73 73 73             !         45
6.9860E-07 1.4984E-06 3.2140E-06 6.8938E-06 1.4787E-05 3.1716E-05 6.8028E-05 1.4591E-04     8.638638E+09 5.821861E+10 3.924505E+11 2.646916E+12 1.787350E+13 1.210196E+14 8.247846E+14 5.717195E+15 	2.806000e+01 2.824000e+01 2.898000e+01 3.068000e+01 3.092000e+01 2.886000e+01 2.604000e+01 2.289000e+01 	73 73 73 73 73 73 73 73             !         46
6.9860E-07 1.4984E-06 3.2140E-06 6.8938E-06 1.4787E-05 3.1716E-05 6.8028E-05 1.4591E-04     8.772477E+09 5.911561E+10 3.984252E+11 2.686170E+12 1.812349E+13 1.224935E+14 8.316415E+14 5.717605E+15 	2.774000e+01 2.791000e+01 2.864000e+01 3.032000e+01 3.058000e+01 2.855000e+01 2.579000e+01 2.267000e+01 	73 73 73 73 73 73 73 73             !         47
6.9860E-07 1.4984E-06 3.2140E-06 6.8938E-06 1.4787E-05 3.1716E-05 6.8028E-05 1.4591E-04     8.897585E+09 5.995391E+10 4.040061E+11 2.722800E+12 1.835620E+13 1.238575E+14 8.378685E+14 5.715937E+15 	2.729000e+01 2.746000e+01 2.818000e+01 2.983000e+01 3.008000e+01 2.809000e+01 2.538000e+01 2.231000e+01 	73 73 73 73 73 73 73 73             !         48
6.9860E-07 1.4984E-06 3.2140E-06 6.8938E-06 1.4787E-05 3.1716E-05 6.8028E-05 1.4591E-04     9.011446E+09 6.071658E+10 4.090797E+11 2.756043E+12 1.856659E+13 1.250786E+14 8.432556E+14 5.710870E+15 	2.682000e+01 2.699000e+01 2.768000e+01 2.932000e+01 2.960000e+01 2.767000e+01 2.500000e+01 2.199000e+01 	73 73 73 73 73 73 73 73             !         49
6.9860E-07 1.4984E-06 3.2140E-06 6.8938E-06 1.4787E-05 3.1716E-05 6.8028E-05 1.4591E-04     9.112156E+09 6.139083E+10 4.135601E+11 2.785328E+12 1.875087E+13 1.261324E+14 8.476530E+14 5.701522E+15 	2.682000e+01 2.699000e+01 2.768000e+01 2.932000e+01 2.960000e+01 2.767000e+01 2.500000e+01 2.199000e+01 	73 73 73 73 73 73 73 73             !         50
6.9860E-07 1.4984E-06 3.2140E-06 6.8938E-06 1.4787E-05 3.1716E-05 6.8028E-05 1.4591E-04     9.198477E+09 6.196833E+10 4.173918E+11 2.810287E+12 1.890666E+13 1.270040E+14 8.509740E+14 5.687437E+15 	2.643000e+01 2.659000e+01 2.728000e+01 2.888000e+01 2.918000e+01 2.728000e+01 2.467000e+01 2.170000e+01 	73 73 73 73 73 73 73 73             !         51
6.9860E-07 1.4984E-06 3.2140E-06 6.8938E-06 1.4787E-05 3.1716E-05 6.8028E-05 1.4591E-04     9.269842E+09 6.244530E+10 4.205496E+11 2.830755E+12 1.903293E+13 1.276876E+14 8.531930E+14 5.668566E+15 	2.605000e+01 2.621000e+01 2.688000e+01 2.846000e+01 2.876000e+01 2.689000e+01 2.432000e+01 2.139000e+01 	73 73 73 73 73 73 73 73             !         52
6.9860E-07 1.4984E-06 3.2140E-06 6.8938E-06 1.4787E-05 3.1716E-05 6.8028E-05 1.4591E-04     9.326324E+09 6.282226E+10 4.230373E+11 2.846764E+12 1.912995E+13 1.281859E+14 8.543409E+14 5.645219E+15 	2.572000e+01 2.588000e+01 2.654000e+01 2.810000e+01 2.839000e+01 2.655000e+01 2.403000e+01 2.114000e+01 	73 73 73 73 73 73 73 73             !         53
6.9860E-07 1.4984E-06 3.2140E-06 6.8938E-06 1.4787E-05 3.1716E-05 6.8028E-05 1.4591E-04     9.368562E+09 6.310352E+10 4.248843E+11 2.858516E+12 1.919916E+13 1.285095E+14 8.544971E+14 5.618002E+15 	2.572000e+01 2.588000e+01 2.654000e+01 2.810000e+01 2.839000e+01 2.655000e+01 2.403000e+01 2.114000e+01 	73 73 73 73 73 73 73 73             !         54
6.9860E-07 1.4984E-06 3.2140E-06 6.8938E-06 1.4787E-05 3.1716E-05 6.8028E-05 1.4591E-04     9.397662E+09 6.329656E+10 4.261413E+11 2.866355E+12 1.924292E+13 1.286748E+14 8.537793E+14 5.587746E+15 	2.536000e+01 2.551000e+01 2.616000e+01 2.770000e+01 2.801000e+01 2.621000e+01 2.374000e+01 2.089000e+01 	73 73 73 73 73 73 73 73             !         55
6.9860E-07 1.4984E-06 3.2140E-06 6.8938E-06 1.4787E-05 3.1716E-05 6.8028E-05 1.4591E-04     9.415080E+09 6.341121E+10 4.268746E+11 2.870731E+12 1.926428E+13 1.287028E+14 8.523327E+14 5.555433E+15 	2.506000e+01 2.521000e+01 2.584000e+01 2.737000e+01 2.769000e+01 2.592000e+01 2.348000e+01 2.067000e+01 	73 73 73 73 73 73 73 73             !         56
6.9860E-07 1.4984E-06 3.2140E-06 6.8938E-06 1.4787E-05 3.1716E-05 6.8028E-05 1.4591E-04     9.422500E+09 6.345880E+10 4.271606E+11 2.872159E+12 1.926675E+13 1.286173E+14 8.503187E+14 5.522126E+15 	2.506000e+01 2.521000e+01 2.584000e+01 2.737000e+01 2.769000e+01 2.592000e+01 2.348000e+01 2.067000e+01 	73 73 73 73 73 73 73 73             !         57
6.9860E-07 1.4984E-06 3.2140E-06 6.8938E-06 1.4787E-05 3.1716E-05 6.8028E-05 1.4591E-04     9.421709E+09 6.345140E+10 4.270807E+11 2.871189E+12 1.925401E+13 1.284431E+14 8.479046E+14 5.488901E+15 	2.482000e+01 2.497000e+01 2.559000e+01 2.710000e+01 2.743000e+01 2.568000e+01 2.328000e+01 2.049000e+01 	73 73 73 73 73 73 73 73             !         58
6.9860E-07 1.4984E-06 3.2140E-06 6.8938E-06 1.4787E-05 3.1716E-05 6.8028E-05 1.4591E-04     9.414491E+09 6.340100E+10 4.267158E+11 2.868365E+12 1.922974E+13 1.282049E+14 8.452536E+14 5.456790E+15 	2.458000e+01 2.473000e+01 2.535000e+01 2.685000e+01 2.716000e+01 2.545000e+01 2.306000e+01 2.031000e+01 	73 73 73 73 73 73 73 73             !         59
6.9860E-07 1.4984E-06 3.2140E-06 6.8938E-06 1.4787E-05 3.1716E-05 6.8028E-05 1.4591E-04     9.402528E+09 6.331896E+10 4.261422E+11 2.864201E+12 1.919739E+13 1.279258E+14 8.425174E+14 5.426740E+15 	2.443000e+01 2.457000e+01 2.519000e+01 2.667000e+01 2.699000e+01 2.528000e+01 2.292000e+01 2.018000e+01 	73 73 73 73 73 73 73 73             !         60
6.9860E-07 1.4984E-06 3.2140E-06 6.8938E-06 1.4787E-05 3.1716E-05 6.8028E-05 1.4591E-04     9.387326E+09 6.321540E+10 4.254282E+11 2.859155E+12 1.916003E+13 1.276263E+14 8.398300E+14 5.399572E+15 	2.443000e+01 2.457000e+01 2.519000e+01 2.667000e+01 2.699000e+01 2.528000e+01 2.292000e+01 2.018000e+01 	73 73 73 73 73 73 73 73             !         61
6.9860E-07 1.4984E-06 3.2140E-06 6.8938E-06 1.4787E-05 3.1716E-05 6.8028E-05 1.4591E-04     9.370148E+09 6.309884E+10 4.246309E+11 2.853613E+12 1.912024E+13 1.273233E+14 8.373025E+14 5.375963E+15 	2.429000e+01 2.444000e+01 2.505000e+01 2.652000e+01 2.685000e+01 2.516000e+01 2.281000e+01 2.009000e+01 	73 73 73 73 73 73 73 73             !         62
6.9860E-07 1.4984E-06 3.2140E-06 6.8938E-06 1.4787E-05 3.1716E-05 6.8028E-05 1.4591E-04     9.351974E+09 6.297586E+10 4.237948E+11 2.847871E+12 1.908000E+13 1.270302E+14 8.350200E+14 5.356421E+15 	2.420000e+01 2.435000e+01 2.495000e+01 2.642000e+01 2.676000e+01 2.508000e+01 2.274000e+01 2.003000e+01 	73 73 73 73 73 73 73 73             !         63
6.9860E-07 1.4984E-06 3.2140E-06 6.8938E-06 1.4787E-05 3.1716E-05 6.8028E-05 1.4591E-04     9.333470E+09 6.285096E+10 4.229501E+11 2.842133E+12 1.904068E+13 1.267559E+14 8.330393E+14 5.341280E+15 	2.411000e+01 2.425000e+01 2.485000e+01 2.632000e+01 2.666000e+01 2.499000e+01 2.267000e+01 1.996000e+01 	73 73 73 73 73 73 73 73             !         64
