size1 size2 size3 size4 size5 size6 size7 size8
1.16892E-05 1.71956E-06 2.50407E-07 3.56804E-08 4.85217E-09 5.96863E-10 5.91633E-11 3.68001E-12
1.50129E-05 2.20915E-06 3.21906E-07 4.59305E-08 6.26428E-09 7.75393E-10 7.78961E-11 4.98642E-12
1.92052E-05 2.82686E-06 4.12172E-07 5.88887E-08 8.05463E-09 1.00315E-09 1.02113E-10 6.72409E-12
2.44708E-05 3.60294E-06 5.25651E-07 7.52006E-08 1.03148E-08 1.29242E-09 1.33277E-10 9.02369E-12
3.10564E-05 4.57386E-06 6.67706E-07 9.56467E-08 1.31556E-08 1.65821E-09 1.73192E-10 1.20515E-11
3.92581E-05 5.78338E-06 8.44775E-07 1.21165E-07 1.67111E-08 2.11871E-09 2.24082E-10 1.60178E-11
4.94292E-05 7.28371E-06 1.06455E-06 1.52878E-07 2.11415E-08 2.69587E-09 2.88662E-10 2.11871E-11
6.19886E-05 9.13687E-06 1.33616E-06 1.92119E-07 2.66382E-08 3.41604E-09 3.70233E-10 2.78897E-11
7.74310E-05 1.14160E-05 1.67040E-06 2.40468E-07 3.34283E-08 4.31064E-09 4.72787E-10 3.65362E-11
9.63370E-05 1.42071E-05 2.07994E-06 2.99779E-07 4.17795E-08 5.41699E-09 6.01117E-10 4.76331E-11
1.19384E-04 1.76103E-05 2.57958E-06 3.72224E-07 5.20056E-08 6.77906E-09 7.60950E-10 6.18016E-11
1.47358E-04 2.17422E-05 3.18651E-06 4.60329E-07 6.44728E-08 8.44846E-09 9.59086E-10 7.97987E-11
1.81166E-04 2.67370E-05 3.92059E-06 5.67009E-07 7.96054E-08 1.04853E-08 1.20354E-09 1.02541E-10
2.21848E-04 3.27487E-05 4.80458E-06 6.95619E-07 9.78920E-08 1.29593E-08 1.50373E-09 1.31131E-10
2.70588E-04 3.99530E-05 5.86447E-06 8.49987E-07 1.19892E-07 1.59506E-08 1.87061E-09 1.66886E-10
3.28728E-04 4.85486E-05 7.12968E-06 1.03446E-06 1.46243E-07 1.95510E-08 2.31686E-09 2.11368E-10
3.97777E-04 5.87594E-05 8.63336E-06 1.25392E-06 1.77663E-07 2.38648E-08 2.85706E-09 2.66419E-10
4.79422E-04 7.08354E-05 1.04126E-05 1.51387E-06 2.14960E-07 2.90097E-08 3.50786E-09 3.34192E-10
5.75533E-04 8.50544E-05 1.25085E-05 1.82040E-06 2.59035E-07 3.51174E-08 4.28815E-09 4.17188E-10
6.88174E-04 1.01722E-04 1.49665E-05 2.18023E-06 3.10884E-07 4.23350E-08 5.21917E-09 5.18292E-10
8.19598E-04 1.21174E-04 1.78363E-05 2.60075E-06 3.71601E-07 5.08244E-08 6.32464E-09 6.40800E-10
9.72251E-04 1.43772E-04 2.11718E-05 3.08996E-06 4.42379E-07 6.07632E-08 7.63088E-09 7.88454E-10
1.14876E-03 1.69907E-04 2.50310E-05 3.65652E-06 5.24507E-07 7.23445E-08 9.16678E-09 9.65463E-10
1.35194E-03 1.99996E-04 2.94760E-05 4.30964E-06 6.19366E-07 8.57761E-08 1.09638E-08 1.17652E-09
1.58475E-03 2.34480E-04 3.45721E-05 5.05910E-06 7.28421E-07 1.01280E-07 1.30561E-08 1.42683E-09
1.85028E-03 2.73818E-04 4.03881E-05 5.91514E-06 8.53212E-07 1.19090E-07 1.54798E-08 1.72206E-09
2.15174E-03 3.18487E-04 4.69946E-05 6.88836E-06 9.95337E-07 1.39452E-07 1.82736E-08 2.06838E-09
2.49240E-03 3.68973E-04 5.44643E-05 7.98961E-06 1.15644E-06 1.62619E-07 2.14776E-08 2.47240E-09
2.87554E-03 4.25765E-04 6.28702E-05 9.22986E-06 1.33818E-06 1.88848E-07 2.51333E-08 2.94112E-09
3.30443E-03 4.89348E-04 7.22846E-05 1.06200E-05 1.54222E-06 2.18398E-07 2.92832E-08 3.48187E-09
3.78224E-03 5.60195E-04 8.27780E-05 1.21706E-05 1.77017E-06 2.51526E-07 3.39696E-08 4.10221E-09
4.31197E-03 6.38754E-04 9.44176E-05 1.38918E-05 2.02360E-06 2.88477E-07 3.92344E-08 4.80982E-09
4.89641E-03 7.25438E-04 1.07265E-04 1.57930E-05 2.30395E-06 3.29486E-07 4.51177E-08 5.61236E-09
5.53802E-03 8.20617E-04 1.21377E-04 1.78825E-05 2.61252E-06 3.74765E-07 5.16572E-08 6.51731E-09
6.23888E-03 9.24598E-04 1.36798E-04 2.01676E-05 2.95043E-06 4.24499E-07 5.88868E-08 7.53176E-09
7.00057E-03 1.03762E-03 1.53564E-04 2.26536E-05 3.31857E-06 4.78840E-07 6.68358E-08 8.66224E-09
7.82411E-03 1.15984E-03 1.71700E-04 2.53443E-05 3.71754E-06 5.37898E-07 7.55273E-08 9.91448E-09
8.70987E-03 1.29131E-03 1.91214E-04 2.82411E-05 4.14763E-06 6.01736E-07 8.49773E-08 1.12932E-08
9.65746E-03 1.43197E-03 2.12099E-04 3.13431E-05 4.60874E-06 6.70360E-07 9.51930E-08 1.28017E-08
1.06657E-02 1.58165E-03 2.34328E-04 3.46468E-05 5.10040E-06 7.43714E-07 1.06172E-07 1.44419E-08
1.17325E-02 1.74005E-03 2.57858E-04 3.81454E-05 5.62167E-06 8.21675E-07 1.17902E-07 1.62138E-08
1.28549E-02 1.90671E-03 2.82620E-04 4.18293E-05 6.17115E-06 9.04046E-07 1.30357E-07 1.81157E-08
1.40287E-02 2.08104E-03 3.08529E-04 4.56855E-05 6.74691E-06 9.90551E-07 1.43500E-07 2.01432E-08
1.52491E-02 2.26229E-03 3.35472E-04 4.96977E-05 7.34655E-06 1.08083E-06 1.57280E-07 2.22899E-08
1.65100E-02 2.44958E-03 3.63316E-04 5.38458E-05 7.96712E-06 1.17446E-06 1.71632E-07 2.45467E-08
1.78042E-02 2.64184E-03 3.91907E-04 5.81069E-05 8.60514E-06 1.27090E-06 1.86478E-07 2.69020E-08
1.91238E-02 2.83788E-03 4.21065E-04 6.24543E-05 9.25665E-06 1.36956E-06 2.01725E-07 2.93414E-08
2.04597E-02 3.03637E-03 4.50592E-04 6.68584E-05 9.91719E-06 1.46977E-06 2.17268E-07 3.18482E-08
2.18022E-02 3.23584E-03 4.80272E-04 7.12868E-05 1.05819E-05 1.57077E-06 2.32989E-07 3.44027E-08
2.31407E-02 3.43474E-03 5.09869E-04 7.57044E-05 1.12454E-05 1.67175E-06 2.48759E-07 3.69834E-08
2.44640E-02 3.63139E-03 5.39137E-04 8.00742E-05 1.19022E-05 1.77185E-06 2.64440E-07 3.95664E-08
2.57604E-02 3.82407E-03 5.67817E-04 8.43574E-05 1.25464E-05 1.87015E-06 2.79884E-07 4.21262E-08
2.70180E-02 4.01098E-03 5.95642E-04 8.85142E-05 1.31720E-05 1.96573E-06 2.94940E-07 4.46358E-08
2.82247E-02 4.19033E-03 6.22346E-04 9.25042E-05 1.37727E-05 2.05763E-06 3.09451E-07 4.70674E-08
2.93684E-02 4.36033E-03 6.47659E-04 9.62875E-05 1.43426E-05 2.14490E-06 3.23262E-07 4.93927E-08
3.04373E-02 4.51922E-03 6.71320E-04 9.98245E-05 1.48757E-05 2.22660E-06 3.36218E-07 5.15836E-08
3.14200E-02 4.66531E-03 6.93076E-04 1.03077E-04 1.53661E-05 2.30183E-06 3.48169E-07 5.36125E-08
3.23059E-02 4.79700E-03 7.12691E-04 1.06011E-04 1.58085E-05 2.36974E-06 3.58975E-07 5.54531E-08
3.30850E-02 4.91284E-03 7.29944E-04 1.08591E-04 1.61978E-05 2.42954E-06 3.68503E-07 5.70810E-08
3.37487E-02 5.01150E-03 7.44641E-04 1.10789E-04 1.65295E-05 2.48052E-06 3.76637E-07 5.84740E-08
3.42892E-02 5.09186E-03 7.56611E-04 1.12580E-04 1.67998E-05 2.52208E-06 3.83273E-07 5.96128E-08
3.47002E-02 5.15297E-03 7.65715E-04 1.13942E-04 1.70054E-05 2.55371E-06 3.88326E-07 6.04815E-08
3.49770E-02 5.19412E-03 7.71845E-04 1.14859E-04 1.71438E-05 2.57501E-06 3.91732E-07 6.10676E-08
3.51162E-02 5.21481E-03 7.74929E-04 1.15320E-04 1.72135E-05 2.58573E-06 3.93446E-07 6.13628E-08
