! grain-radius [cm]                                         1/abundance of grains                               grain temp                         CR-peak-Temperaturegrain[K]                          spatial point                    

6.9860E-07 1.4984E-06 3.2140E-06 6.8938E-06 1.4787E-05 3.1716E-05 6.8028E-05 1.4591E-04     2.477081E+11 1.701128E+12 1.194014E+13 8.782604E+13 7.143994E+14 7.216349E+15 1.163368E+17 5.165251E+18 	4.749000e+01 4.786000e+01 4.934000e+01 5.241000e+01 5.243000e+01 4.837000e+01 4.291000e+01 3.739000e+01 	73 73 73 73 73 73 73 73             !         1
6.9860E-07 1.4984E-06 3.2140E-06 6.8938E-06 1.4787E-05 3.1716E-05 6.8028E-05 1.4591E-04     2.028243E+11 1.392006E+12 9.757134E+12 7.155959E+13 5.784494E+14 5.765103E+15 9.030079E+16 3.768969E+18 	4.750000e+01 4.787000e+01 4.935000e+01 5.242000e+01 5.244000e+01 4.838000e+01 4.292000e+01 3.740000e+01 	73 73 73 73 73 73 73 73             !         2
6.9860E-07 1.4984E-06 3.2140E-06 6.8938E-06 1.4787E-05 3.1716E-05 6.8028E-05 1.4591E-04     1.669531E+11 1.145102E+12 8.015739E+12 5.861935E+13 4.709356E+14 4.631920E+15 7.052276E+16 2.769765E+18 	4.750000e+01 4.787000e+01 4.935000e+01 5.242000e+01 5.244000e+01 4.838000e+01 4.292000e+01 3.740000e+01 	73 73 73 73 73 73 73 73             !         3
6.9860E-07 1.4984E-06 3.2140E-06 6.8938E-06 1.4787E-05 3.1716E-05 6.8028E-05 1.4591E-04     1.381665E+11 9.470775E+11 6.620829E+12 4.828162E+13 3.855391E+14 3.742989E+15 5.542033E+16 2.050177E+18 	4.752000e+01 4.789000e+01 4.937000e+01 5.244000e+01 5.246000e+01 4.840000e+01 4.293000e+01 3.741000e+01 	73 73 73 73 73 73 73 73             !         4
6.9860E-07 1.4984E-06 3.2140E-06 6.8938E-06 1.4787E-05 3.1716E-05 6.8028E-05 1.4591E-04     1.149693E+11 7.875937E+11 5.498775E+12 3.998781E+13 3.174121E+14 3.042403E+15 4.382766E+16 1.528641E+18 	4.752000e+01 4.789000e+01 4.937000e+01 5.244000e+01 5.246000e+01 4.840000e+01 4.293000e+01 3.741000e+01 	73 73 73 73 73 73 73 73             !         5
6.9860E-07 1.4984E-06 3.2140E-06 6.8938E-06 1.4787E-05 3.1716E-05 6.8028E-05 1.4591E-04     9.619840E+10 6.586126E+11 4.592403E+12 3.330535E+13 2.628223E+14 2.487661E+15 3.488209E+16 1.148208E+18 	4.754000e+01 4.790000e+01 4.938000e+01 5.245000e+01 5.247000e+01 4.841000e+01 4.294000e+01 3.741000e+01 	73 73 73 73 73 73 73 73             !         6
6.9860E-07 1.4984E-06 3.2140E-06 6.8938E-06 1.4787E-05 3.1716E-05 6.8028E-05 1.4591E-04     8.094589E+10 5.538640E+11 3.857170E+12 2.789814E+13 2.188866E+14 2.046334E+15 2.794255E+16 8.689024E+17 	4.754000e+01 4.790000e+01 4.938000e+01 5.245000e+01 5.247000e+01 4.841000e+01 4.294000e+01 3.741000e+01 	73 73 73 73 73 73 73 73             !         7
6.9860E-07 1.4984E-06 3.2140E-06 6.8938E-06 1.4787E-05 3.1716E-05 6.8028E-05 1.4591E-04     6.850080E+10 4.684407E+11 3.258257E+12 2.350413E+13 1.833695E+14 1.693579E+15 2.253055E+16 6.625060E+17 	4.753000e+01 4.790000e+01 4.938000e+01 5.245000e+01 5.248000e+01 4.841000e+01 4.294000e+01 3.742000e+01 	73 73 73 73 73 73 73 73             !         8
6.9860E-07 1.4984E-06 3.2140E-06 6.8938E-06 1.4787E-05 3.1716E-05 6.8028E-05 1.4591E-04     5.830452E+10 3.984888E+11 2.768352E+12 1.991833E+13 1.545317E+14 1.410294E+15 1.828739E+16 5.089894E+17 	4.753000e+01 4.790000e+01 4.938000e+01 5.245000e+01 5.248000e+01 4.841000e+01 4.294000e+01 3.742000e+01 	73 73 73 73 73 73 73 73             !         9
6.9860E-07 1.4984E-06 3.2140E-06 6.8938E-06 1.4787E-05 3.1716E-05 6.8028E-05 1.4591E-04     4.991660E+10 3.409716E+11 2.365959E+12 1.697976E+13 1.310151E+14 1.181734E+15 1.494294E+16 3.940564E+17 	4.754000e+01 4.791000e+01 4.939000e+01 5.246000e+01 5.249000e+01 4.842000e+01 4.295000e+01 3.742000e+01 	73 73 73 73 73 73 73 73             !         10
6.9860E-07 1.4984E-06 3.2140E-06 6.8938E-06 1.4787E-05 3.1716E-05 6.8028E-05 1.4591E-04     4.298860E+10 2.934880E+11 2.034101E+12 1.456162E+13 1.117553E+14 9.964718E+14 1.229290E+16 3.074454E+17 	4.753000e+01 4.790000e+01 4.938000e+01 5.245000e+01 5.248000e+01 4.841000e+01 4.295000e+01 3.742000e+01 	73 73 73 73 73 73 73 73             !         11
6.9860E-07 1.4984E-06 3.2140E-06 6.8938E-06 1.4787E-05 3.1716E-05 6.8028E-05 1.4591E-04     3.724392E+10 2.541327E+11 1.759321E+12 1.256364E+13 9.591476E+13 8.456173E+14 1.018204E+16 2.417496E+17 	4.753000e+01 4.790000e+01 4.938000e+01 5.245000e+01 5.248000e+01 4.841000e+01 4.295000e+01 3.742000e+01 	73 73 73 73 73 73 73 73             !         12
6.9860E-07 1.4984E-06 3.2140E-06 6.8938E-06 1.4787E-05 3.1716E-05 6.8028E-05 1.4591E-04     3.246223E+10 2.213889E+11 1.530920E+12 1.090627E+13 8.283248E+13 7.222260E+14 8.491885E+15 1.915926E+17 	4.802000e+01 4.839000e+01 4.989000e+01 5.299000e+01 5.301000e+01 4.890000e+01 4.338000e+01 3.781000e+01 	73 73 73 73 73 73 73 73             !         13
6.9860E-07 1.4984E-06 3.2140E-06 6.8938E-06 1.4787E-05 3.1716E-05 6.8028E-05 1.4591E-04     2.846738E+10 1.940448E+11 1.340355E+12 9.526139E+12 7.198456E+13 6.208525E+14 7.131622E+15 1.530497E+17 	4.802000e+01 4.839000e+01 4.989000e+01 5.299000e+01 5.301000e+01 4.890000e+01 4.338000e+01 3.781000e+01 	73 73 73 73 73 73 73 73             !         14
6.9860E-07 1.4984E-06 3.2140E-06 6.8938E-06 1.4787E-05 3.1716E-05 6.8028E-05 1.4591E-04     2.511814E+10 1.711288E+11 1.180788E+12 8.372635E+12 6.295434E+13 5.372100E+14 6.031307E+15 1.232399E+17 	4.801000e+01 4.838000e+01 4.988000e+01 5.298000e+01 5.301000e+01 4.889000e+01 4.338000e+01 3.781000e+01 	73 73 73 73 73 73 73 73             !         15
6.9860E-07 1.4984E-06 3.2140E-06 6.8938E-06 1.4787E-05 3.1716E-05 6.8028E-05 1.4591E-04     2.230080E+10 1.518594E+11 1.046720E+12 7.405161E+12 5.540925E+13 4.679102E+14 5.136840E+15 1.000363E+17 	4.799000e+01 4.836000e+01 4.986000e+01 5.296000e+01 5.299000e+01 4.888000e+01 4.337000e+01 3.780000e+01 	73 73 73 73 73 73 73 73             !         16
6.9860E-07 1.4984E-06 3.2140E-06 6.8938E-06 1.4787E-05 3.1716E-05 6.8028E-05 1.4591E-04     1.992358E+10 1.356059E+11 9.337204E+11 6.591050E+12 4.908285E+13 4.102651E+14 4.406186E+15 8.186010E+16 	4.799000e+01 4.836000e+01 4.986000e+01 5.296000e+01 5.299000e+01 4.888000e+01 4.337000e+01 3.780000e+01 	73 73 73 73 73 73 73 73             !         17
6.9860E-07 1.4984E-06 3.2140E-06 6.8938E-06 1.4787E-05 3.1716E-05 6.8028E-05 1.4591E-04     1.791211E+10 1.218575E+11 8.382034E+11 5.903928E+12 4.376096E+13 3.621335E+14 3.806541E+15 6.753265E+16 	4.796000e+01 4.833000e+01 4.983000e+01 5.293000e+01 5.297000e+01 4.886000e+01 4.335000e+01 3.778000e+01 	73 73 73 73 73 73 73 73             !         18
6.9860E-07 1.4984E-06 3.2140E-06 6.8938E-06 1.4787E-05 3.1716E-05 6.8028E-05 1.4591E-04     1.620595E+10 1.101993E+11 7.572587E+11 5.322429E+12 3.927077E+13 3.218037E+14 3.312188E+15 5.616920E+16 	4.792000e+01 4.828000e+01 4.977000e+01 5.288000e+01 5.292000e+01 4.882000e+01 4.332000e+01 3.775000e+01 	73 73 73 73 73 73 73 73             !         19
6.9860E-07 1.4984E-06 3.2140E-06 6.8938E-06 1.4787E-05 3.1716E-05 6.8028E-05 1.4591E-04     1.475584E+10 1.002932E+11 6.885168E+11 4.829189E+12 3.547242E+13 2.879021E+14 2.902882E+15 4.710194E+16 	4.787000e+01 4.824000e+01 4.972000e+01 5.282000e+01 5.287000e+01 4.878000e+01 4.328000e+01 3.773000e+01 	73 73 73 73 73 73 73 73             !         20
6.9860E-07 1.4984E-06 3.2140E-06 6.8938E-06 1.4787E-05 3.1716E-05 6.8028E-05 1.4591E-04     1.352150E+10 9.186281E+10 6.300426E+11 4.410054E+12 3.225229E+13 2.593221E+14 2.562616E+15 3.982402E+16 	4.779000e+01 4.815000e+01 4.963000e+01 5.273000e+01 5.279000e+01 4.871000e+01 4.323000e+01 3.768000e+01 	73 73 73 73 73 73 73 73             !         21
6.9860E-07 1.4984E-06 3.2140E-06 6.8938E-06 1.4787E-05 3.1716E-05 6.8028E-05 1.4591E-04     1.246989E+10 8.468167E+10 5.802512E+11 4.053446E+12 2.951783E+13 2.351695E+14 2.278678E+15 3.394868E+16 	4.779000e+01 4.815000e+01 4.963000e+01 5.273000e+01 5.279000e+01 4.871000e+01 4.323000e+01 3.768000e+01 	73 73 73 73 73 73 73 73             !         22
6.9860E-07 1.4984E-06 3.2140E-06 6.8938E-06 1.4787E-05 3.1716E-05 6.8028E-05 1.4591E-04     1.157387E+10 7.856361E+10 5.378410E+11 3.749874E+12 2.719338E+13 2.147187E+14 2.040933E+15 2.917917E+16 	4.766000e+01 4.802000e+01 4.949000e+01 5.258000e+01 5.266000e+01 4.860000e+01 4.313000e+01 3.760000e+01 	73 73 73 73 73 73 73 73             !         23
6.9860E-07 1.4984E-06 3.2140E-06 6.8938E-06 1.4787E-05 3.1716E-05 6.8028E-05 1.4591E-04     1.081104E+10 7.335522E+10 5.017400E+11 3.491533E+12 2.521694E+13 1.973794E+14 1.841264E+15 2.528661E+16 	4.750000e+01 4.786000e+01 4.932000e+01 5.240000e+01 5.250000e+01 4.847000e+01 4.301000e+01 3.750000e+01 	73 73 73 73 73 73 73 73             !         24
6.9860E-07 1.4984E-06 3.2140E-06 6.8938E-06 1.4787E-05 3.1716E-05 6.8028E-05 1.4591E-04     1.016292E+10 6.892983E+10 4.710635E+11 3.271988E+12 2.353752E+13 1.826693E+14 1.673146E+15 2.209352E+16 	4.726000e+01 4.762000e+01 4.906000e+01 5.214000e+01 5.226000e+01 4.826000e+01 4.285000e+01 3.736000e+01 	73 73 73 73 73 73 73 73             !         25
6.9860E-07 1.4984E-06 3.2140E-06 6.8938E-06 1.4787E-05 3.1716E-05 6.8028E-05 1.4591E-04     9.614206E+09 6.518254E+10 4.450794E+11 3.085920E+12 2.211310E+13 1.701934E+14 1.531311E+15 1.946154E+16 	4.695000e+01 4.730000e+01 4.872000e+01 5.178000e+01 5.194000e+01 4.799000e+01 4.262000e+01 3.717000e+01 	73 73 73 73 73 73 73 73             !         26
6.9860E-07 1.4984E-06 3.2140E-06 6.8938E-06 1.4787E-05 3.1716E-05 6.8028E-05 1.4591E-04     9.152178E+09 6.202632E+10 4.231805E+11 2.928922E+12 2.090894E+13 1.596268E+14 1.411490E+15 1.728225E+16 	4.695000e+01 4.730000e+01 4.872000e+01 5.178000e+01 5.194000e+01 4.799000e+01 4.262000e+01 3.717000e+01 	73 73 73 73 73 73 73 73             !         27
6.9860E-07 1.4984E-06 3.2140E-06 6.8938E-06 1.4787E-05 3.1716E-05 6.8028E-05 1.4591E-04     8.766268E+09 5.938878E+10 4.048617E+11 2.797332E+12 1.989623E+13 1.507015E+14 1.310206E+15 1.547024E+16 	4.652000e+01 4.686000e+01 4.826000e+01 5.130000e+01 5.150000e+01 4.762000e+01 4.230000e+01 3.690000e+01 	73 73 73 73 73 73 73 73             !         28
6.9860E-07 1.4984E-06 3.2140E-06 6.8938E-06 1.4787E-05 3.1716E-05 6.8028E-05 1.4591E-04     8.447651E+09 5.720949E+10 3.897019E+11 2.688098E+12 1.905098E+13 1.431958E+14 1.224619E+15 1.395787E+16 	4.595000e+01 4.628000e+01 4.765000e+01 5.064000e+01 5.091000e+01 4.712000e+01 4.188000e+01 3.654000e+01 	73 73 73 73 73 73 73 73             !         29
6.9860E-07 1.4984E-06 3.2140E-06 6.8938E-06 1.4787E-05 3.1716E-05 6.8028E-05 1.4591E-04     8.188932E+09 5.543783E+10 3.773482E+11 2.598665E+12 1.835318E+13 1.369249E+14 1.152393E+15 1.269129E+16 	4.519000e+01 4.550000e+01 4.682000e+01 4.977000e+01 5.012000e+01 4.645000e+01 4.131000e+01 3.607000e+01 	73 73 73 73 73 73 73 73             !         30
6.9860E-07 1.4984E-06 3.2140E-06 6.8938E-06 1.4787E-05 3.1716E-05 6.8028E-05 1.4591E-04     7.983879E+09 5.403114E+10 3.675031E+11 2.526880E+12 1.778597E+13 1.317346E+14 1.091601E+15 1.162738E+16 	4.469000e+01 4.500000e+01 4.627000e+01 4.919000e+01 4.964000e+01 4.606000e+01 4.101000e+01 3.584000e+01 	73 73 73 73 73 73 73 73             !         31
6.9860E-07 1.4984E-06 3.2140E-06 6.8938E-06 1.4787E-05 3.1716E-05 6.8028E-05 1.4591E-04     7.827192E+09 5.295315E+10 3.599142E+11 2.470917E+12 1.733510E+13 1.274948E+14 1.040641E+15 1.073144E+16 	4.469000e+01 4.500000e+01 4.627000e+01 4.919000e+01 4.964000e+01 4.606000e+01 4.101000e+01 3.584000e+01 	73 73 73 73 73 73 73 73             !         32
6.9860E-07 1.4984E-06 3.2140E-06 6.8938E-06 1.4787E-05 3.1716E-05 6.8028E-05 1.4591E-04     7.714304E+09 5.217261E+10 3.543638E+11 2.429207E+12 1.698833E+13 1.240947E+14 9.981707E+14 9.975332E+15 	4.339000e+01 4.368000e+01 4.487000e+01 4.770000e+01 4.826000e+01 4.488000e+01 4.002000e+01 3.500000e+01 	73 73 73 73 73 73 73 73             !         33
6.9860E-07 1.4984E-06 3.2140E-06 6.8938E-06 1.4787E-05 3.1716E-05 6.8028E-05 1.4591E-04     7.641213E+09 5.166215E+10 3.506617E+11 2.400377E+12 1.673506E+13 1.214391E+14 9.630571E+14 9.336108E+15 	4.174000e+01 4.201000e+01 4.311000e+01 4.581000e+01 4.651000e+01 4.338000e+01 3.876000e+01 3.394000e+01 	73 73 73 73 73 73 73 73             !         34
6.9860E-07 1.4984E-06 3.2140E-06 6.8938E-06 1.4787E-05 3.1716E-05 6.8028E-05 1.4591E-04     7.604324E+09 5.139720E+10 3.486373E+11 2.383203E+12 1.656584E+13 1.194446E+14 9.343300E+14 8.794912E+15 	3.969000e+01 3.993000e+01 4.091000e+01 4.344000e+01 4.428000e+01 4.148000e+01 3.717000e+01 3.262000e+01 	73 73 73 73 73 73 73 73             !         35
6.9860E-07 1.4984E-06 3.2140E-06 6.8938E-06 1.4787E-05 3.1716E-05 6.8028E-05 1.4591E-04     7.600309E+09 5.135506E+10 3.481331E+11 2.376560E+12 1.647210E+13 1.180364E+14 9.111486E+14 8.336120E+15 	3.725000e+01 3.745000e+01 3.831000e+01 4.061000e+01 4.159000e+01 3.916000e+01 3.523000e+01 3.101000e+01 	73 73 73 73 73 73 73 73             !         36
6.9860E-07 1.4984E-06 3.2140E-06 6.8938E-06 1.4787E-05 3.1716E-05 6.8028E-05 1.4591E-04     7.625987E+09 5.151403E+10 3.489996E+11 2.379384E+12 1.644583E+13 1.171466E+14 8.927722E+14 7.946666E+15 	3.450000e+01 3.467000e+01 3.540000e+01 3.741000e+01 3.844000e+01 3.644000e+01 3.298000e+01 2.916000e+01 	73 73 73 73 73 73 73 73             !         37
6.9860E-07 1.4984E-06 3.2140E-06 6.8938E-06 1.4787E-05 3.1716E-05 6.8028E-05 1.4591E-04     7.678215E+09 5.185272E+10 3.510893E+11 2.390637E+12 1.647931E+13 1.167112E+14 8.785365E+14 7.615524E+15 	3.450000e+01 3.467000e+01 3.540000e+01 3.741000e+01 3.844000e+01 3.644000e+01 3.298000e+01 2.916000e+01 	73 73 73 73 73 73 73 73             !         38
6.9860E-07 1.4984E-06 3.2140E-06 6.8938E-06 1.4787E-05 3.1716E-05 6.8028E-05 1.4591E-04     7.753798E+09 5.234944E+10 3.542533E+11 2.409277E+12 1.656492E+13 1.166688E+14 8.678354E+14 7.333293E+15 	3.173000e+01 3.188000e+01 3.251000e+01 3.423000e+01 3.517000e+01 3.355000e+01 3.059000e+01 2.719000e+01 	73 73 73 73 73 73 73 73             !         39
6.9860E-07 1.4984E-06 3.2140E-06 6.8938E-06 1.4787E-05 3.1716E-05 6.8028E-05 1.4591E-04     7.849423E+09 5.298170E+10 3.583383E+11 2.434236E+12 1.669498E+13 1.169596E+14 8.601065E+14 7.091886E+15 	2.935000e+01 2.948000e+01 3.007000e+01 3.156000e+01 3.222000e+01 3.082000e+01 2.831000e+01 2.530000e+01 	73 73 73 73 73 73 73 73             !         40
6.9860E-07 1.4984E-06 3.2140E-06 6.8938E-06 1.4787E-05 3.1716E-05 6.8028E-05 1.4591E-04     7.961620E+09 5.372601E+10 3.631840E+11 2.464410E+12 1.686165E+13 1.175242E+14 8.548225E+14 6.884293E+15 	2.766000e+01 2.780000e+01 2.840000e+01 2.981000e+01 3.017000e+01 2.871000e+01 2.645000e+01 2.370000e+01 	73 73 73 73 73 73 73 73             !         41
6.9860E-07 1.4984E-06 3.2140E-06 6.8938E-06 1.4787E-05 3.1716E-05 6.8028E-05 1.4591E-04     8.086752E+09 5.455777E+10 3.686233E+11 2.498654E+12 1.705690E+13 1.183034E+14 8.514848E+14 6.704406E+15 	2.650000e+01 2.664000e+01 2.727000e+01 2.869000e+01 2.888000e+01 2.726000e+01 2.504000e+01 2.238000e+01 	73 73 73 73 73 73 73 73             !         42
6.9860E-07 1.4984E-06 3.2140E-06 6.8938E-06 1.4787E-05 3.1716E-05 6.8028E-05 1.4591E-04     8.221040E+09 5.545146E+10 3.744835E+11 2.535790E+12 1.727258E+13 1.192386E+14 8.496228E+14 6.546900E+15 	2.568000e+01 2.584000e+01 2.649000e+01 2.795000e+01 2.810000e+01 2.635000e+01 2.405000e+01 2.135000e+01 	73 73 73 73 73 73 73 73             !         43
6.9860E-07 1.4984E-06 3.2140E-06 6.8938E-06 1.4787E-05 3.1716E-05 6.8028E-05 1.4591E-04     8.360628E+09 5.638107E+10 3.805887E+11 2.574623E+12 1.750052E+13 1.202723E+14 8.487960E+14 6.407152E+15 	2.568000e+01 2.584000e+01 2.649000e+01 2.795000e+01 2.810000e+01 2.635000e+01 2.405000e+01 2.135000e+01 	73 73 73 73 73 73 73 73             !         44
6.9860E-07 1.4984E-06 3.2140E-06 6.8938E-06 1.4787E-05 3.1716E-05 6.8028E-05 1.4591E-04     8.501677E+09 5.732070E+10 3.867643E+11 2.613976E+12 1.773271E+13 1.213494E+14 8.485986E+14 6.281195E+15 	2.502000e+01 2.518000e+01 2.584000e+01 2.730000e+01 2.744000e+01 2.565000e+01 2.330000e+01 2.056000e+01 	73 73 73 73 73 73 73 73             !         45
6.9860E-07 1.4984E-06 3.2140E-06 6.8938E-06 1.4787E-05 3.1716E-05 6.8028E-05 1.4591E-04     8.640482E+09 5.824541E+10 3.928423E+11 2.652717E+12 1.796156E+13 1.224185E+14 8.486670E+14 6.165689E+15 	2.448000e+01 2.465000e+01 2.530000e+01 2.678000e+01 2.693000e+01 2.514000e+01 2.276000e+01 1.999000e+01 	73 73 73 73 73 73 73 73             !         46
6.9860E-07 1.4984E-06 3.2140E-06 6.8938E-06 1.4787E-05 3.1716E-05 6.8028E-05 1.4591E-04     8.773606E+09 5.913207E+10 3.986674E+11 2.689807E+12 1.818013E+13 1.234334E+14 8.486868E+14 6.057902E+15 	2.407000e+01 2.423000e+01 2.489000e+01 2.634000e+01 2.649000e+01 2.471000e+01 2.234000e+01 1.958000e+01 	73 73 73 73 73 73 73 73             !         47
6.9860E-07 1.4984E-06 3.2140E-06 6.8938E-06 1.4787E-05 3.1716E-05 6.8028E-05 1.4591E-04     8.898018E+09 5.996030E+10 4.041029E+11 2.724332E+12 1.838239E+13 1.243550E+14 8.484005E+14 5.955691E+15 	2.372000e+01 2.388000e+01 2.453000e+01 2.597000e+01 2.611000e+01 2.435000e+01 2.201000e+01 1.927000e+01 	73 73 73 73 73 73 73 73             !         48
6.9860E-07 1.4984E-06 3.2140E-06 6.8938E-06 1.4787E-05 3.1716E-05 6.8028E-05 1.4591E-04     9.011205E+09 6.071324E+10 4.090358E+11 2.755544E+12 1.856344E+13 1.251520E+14 8.476121E+14 5.857483E+15 	2.336000e+01 2.351000e+01 2.416000e+01 2.558000e+01 2.572000e+01 2.398000e+01 2.167000e+01 1.896000e+01 	73 73 73 73 73 73 73 73             !         49
6.9860E-07 1.4984E-06 3.2140E-06 6.8938E-06 1.4787E-05 3.1716E-05 6.8028E-05 1.4591E-04     9.111269E+09 6.137815E+10 4.133814E+11 2.782883E+12 1.871968E+13 1.258023E+14 8.461904E+14 5.762231E+15 	2.302000e+01 2.317000e+01 2.380000e+01 2.522000e+01 2.537000e+01 2.366000e+01 2.139000e+01 1.871000e+01 	73 73 73 73 73 73 73 73             !         50
6.9860E-07 1.4984E-06 3.2140E-06 6.8938E-06 1.4787E-05 3.1716E-05 6.8028E-05 1.4591E-04     9.196975E+09 6.194677E+10 4.170849E+11 2.805993E+12 1.884888E+13 1.262930E+14 8.440683E+14 5.669372E+15 	2.302000e+01 2.317000e+01 2.380000e+01 2.522000e+01 2.537000e+01 2.366000e+01 2.139000e+01 1.871000e+01 	73 73 73 73 73 73 73 73             !         51
6.9860E-07 1.4984E-06 3.2140E-06 6.8938E-06 1.4787E-05 3.1716E-05 6.8028E-05 1.4591E-04     9.267761E+09 6.241538E+10 4.201219E+11 2.824723E+12 1.895019E+13 1.266202E+14 8.412383E+14 5.578755E+15 	2.270000e+01 2.285000e+01 2.347000e+01 2.487000e+01 2.503000e+01 2.335000e+01 2.110000e+01 1.845000e+01 	73 73 73 73 73 73 73 73             !         52
6.9860E-07 1.4984E-06 3.2140E-06 6.8938E-06 1.4787E-05 3.1716E-05 6.8028E-05 1.4591E-04     9.323703E+09 6.278454E+10 4.224972E+11 2.839114E+12 1.902402E+13 1.267887E+14 8.377466E+14 5.490575E+15 	2.247000e+01 2.262000e+01 2.324000e+01 2.461000e+01 2.475000e+01 2.308000e+01 2.086000e+01 1.823000e+01 	73 73 73 73 73 73 73 73             !         53
6.9860E-07 1.4984E-06 3.2140E-06 6.8938E-06 1.4787E-05 3.1716E-05 6.8028E-05 1.4591E-04     9.365444E+09 6.305863E+10 4.242408E+11 2.849377E+12 1.907192E+13 1.268101E+14 8.336829E+14 5.405292E+15 	2.218000e+01 2.233000e+01 2.295000e+01 2.430000e+01 2.445000e+01 2.281000e+01 2.062000e+01 1.802000e+01 	73 73 73 73 73 73 73 73             !         54
6.9860E-07 1.4984E-06 3.2140E-06 6.8938E-06 1.4787E-05 3.1716E-05 6.8028E-05 1.4591E-04     9.394092E+09 6.324514E+10 4.254037E+11 2.855863E+12 1.909634E+13 1.267020E+14 8.291708E+14 5.323550E+15 	2.193000e+01 2.208000e+01 2.269000e+01 2.404000e+01 2.419000e+01 2.257000e+01 2.040000e+01 1.783000e+01 	73 73 73 73 73 73 73 73             !         55
6.9860E-07 1.4984E-06 3.2140E-06 6.8938E-06 1.4787E-05 3.1716E-05 6.8028E-05 1.4591E-04     9.411104E+09 6.335393E+10 4.260526E+11 2.859026E+12 1.910039E+13 1.264859E+14 8.243559E+14 5.246110E+15 	2.173000e+01 2.188000e+01 2.248000e+01 2.383000e+01 2.398000e+01 2.236000e+01 2.021000e+01 1.765000e+01 	73 73 73 73 73 73 73 73             !         56
6.9860E-07 1.4984E-06 3.2140E-06 6.8938E-06 1.4787E-05 3.1716E-05 6.8028E-05 1.4591E-04     9.418166E+09 6.339636E+10 4.262642E+11 2.859386E+12 1.908761E+13 1.261858E+14 8.193960E+14 5.173777E+15 	2.154000e+01 2.169000e+01 2.229000e+01 2.362000e+01 2.378000e+01 2.218000e+01 2.004000e+01 1.749000e+01 	73 73 73 73 73 73 73 73             !         57
6.9860E-07 1.4984E-06 3.2140E-06 6.8938E-06 1.4787E-05 3.1716E-05 6.8028E-05 1.4591E-04     9.417065E+09 6.338448E+10 4.261198E+11 2.857490E+12 1.906168E+13 1.258264E+14 8.144505E+14 5.107354E+15 	2.154000e+01 2.169000e+01 2.229000e+01 2.362000e+01 2.378000e+01 2.218000e+01 2.004000e+01 1.749000e+01 	73 73 73 73 73 73 73 73             !         58
6.9860E-07 1.4984E-06 3.2140E-06 6.8938E-06 1.4787E-05 3.1716E-05 6.8028E-05 1.4591E-04     9.409584E+09 6.333030E+10 4.257004E+11 2.853884E+12 1.902627E+13 1.254321E+14 8.096729E+14 5.047593E+15 	2.139000e+01 2.153000e+01 2.213000e+01 2.345000e+01 2.361000e+01 2.202000e+01 1.990000e+01 1.737000e+01 	73 73 73 73 73 73 73 73             !         59
6.9860E-07 1.4984E-06 3.2140E-06 6.8938E-06 1.4787E-05 3.1716E-05 6.8028E-05 1.4591E-04     9.397407E+09 6.324515E+10 4.250821E+11 2.849078E+12 1.898479E+13 1.250253E+14 8.052032E+14 4.995165E+15 	2.122000e+01 2.137000e+01 2.196000e+01 2.327000e+01 2.343000e+01 2.185000e+01 1.976000e+01 1.723000e+01 	73 73 73 73 73 73 73 73             !         60
6.9860E-07 1.4984E-06 3.2140E-06 6.8938E-06 1.4787E-05 3.1716E-05 6.8028E-05 1.4591E-04     9.382036E+09 6.313916E+10 4.243330E+11 2.843531E+12 1.894029E+13 1.246258E+14 8.011636E+14 4.950638E+15 	2.113000e+01 2.127000e+01 2.185000e+01 2.317000e+01 2.334000e+01 2.177000e+01 1.967000e+01 1.715000e+01 	73 73 73 73 73 73 73 73             !         61
6.9860E-07 1.4984E-06 3.2140E-06 6.8938E-06 1.4787E-05 3.1716E-05 6.8028E-05 1.4591E-04     9.364735E+09 6.302083E+10 4.235103E+11 2.837623E+12 1.889530E+13 1.242503E+14 7.976542E+14 4.914466E+15 	2.104000e+01 2.119000e+01 2.178000e+01 2.309000e+01 2.325000e+01 2.168000e+01 1.959000e+01 1.707000e+01 	73 73 73 73 73 73 73 73             !         62
6.9860E-07 1.4984E-06 3.2140E-06 6.8938E-06 1.4787E-05 3.1716E-05 6.8028E-05 1.4591E-04     9.346483E+09 6.289673E+10 4.226581E+11 2.831650E+12 1.885178E+13 1.239113E+14 7.947503E+14 4.886977E+15 	2.098000e+01 2.112000e+01 2.170000e+01 2.301000e+01 2.317000e+01 2.161000e+01 1.953000e+01 1.702000e+01 	73 73 73 73 73 73 73 73             !         63
6.9860E-07 1.4984E-06 3.2140E-06 6.8938E-06 1.4787E-05 3.1716E-05 6.8028E-05 1.4591E-04     9.327946E+09 6.277136E+10 4.218064E+11 2.825814E+12 1.881106E+13 1.236172E+14 7.925016E+14 4.868371E+15 	2.098000e+01 2.112000e+01 2.171000e+01 2.302000e+01 2.318000e+01 2.161000e+01 1.952000e+01 1.701000e+01 	73 73 73 73 73 73 73 73             !         64
