size1 size2 size3 size4 size5 size6 size7 size8
2.77168E-06 4.03596E-07 5.75008E-08 7.81736E-09 9.61042E-10 9.51406E-11 5.90155E-12 1.32920E-13
3.56083E-06 5.18835E-07 7.40199E-08 1.00926E-08 1.24855E-09 1.25275E-10 7.99796E-12 1.91623E-13
4.55650E-06 6.64326E-07 9.49035E-08 1.29773E-08 1.61534E-09 1.64235E-10 1.07869E-11 2.74652E-13
5.80744E-06 8.47231E-07 1.21192E-07 1.66190E-08 2.08122E-09 2.14372E-10 1.44783E-11 3.91378E-13
7.37244E-06 1.07619E-06 1.54144E-07 2.11966E-08 2.67036E-09 2.78597E-10 1.93395E-11 5.54482E-13
9.32203E-06 1.36160E-06 1.95271E-07 2.69255E-08 3.41205E-09 3.60485E-10 2.57084E-11 7.81012E-13
1.17404E-05 1.71583E-06 2.46382E-07 3.40645E-08 4.34168E-09 4.64409E-10 3.40104E-11 1.09372E-12
1.47274E-05 2.15362E-06 3.09626E-07 4.29219E-08 5.50169E-09 5.95687E-10 4.47766E-11 1.52277E-12
1.84012E-05 2.69235E-06 3.87549E-07 5.38635E-08 6.94273E-09 7.60743E-10 5.86673E-11 2.10785E-12
2.29000E-05 3.35245E-06 4.83141E-07 6.73209E-08 8.72488E-09 9.67301E-10 7.64971E-11 2.90083E-12
2.83857E-05 4.15779E-06 5.99903E-07 8.37999E-08 1.09191E-08 1.22458E-09 9.92657E-11 3.96904E-12
3.50458E-05 5.13608E-06 7.41902E-07 1.03891E-07 1.36084E-08 1.54354E-09 1.28191E-10 5.39916E-12
4.30969E-05 6.31929E-06 9.13844E-07 1.28277E-07 1.68898E-08 1.93710E-09 1.64748E-10 7.30206E-12
5.27872E-05 7.74415E-06 1.12113E-06 1.57746E-07 2.08755E-08 2.42040E-09 2.10711E-10 9.81846E-12
6.43997E-05 9.45253E-06 1.36993E-06 1.93201E-07 2.56948E-08 3.01111E-09 2.68201E-10 1.31256E-11
7.82550E-05 1.14919E-05 1.66725E-06 2.35666E-07 3.14956E-08 3.72966E-09 3.39732E-10 1.74452E-11
9.47137E-05 1.39156E-05 2.02099E-06 2.86303E-07 3.84459E-08 4.59955E-09 4.28270E-10 2.30520E-11
1.14179E-04 1.67835E-05 2.43997E-06 3.46412E-07 4.67355E-08 5.64761E-09 5.37283E-10 3.02845E-11
1.37099E-04 2.01618E-05 2.93403E-06 4.17444E-07 5.65769E-08 6.90426E-09 6.70800E-10 3.95558E-11
1.63966E-04 2.41238E-05 3.51401E-06 5.01006E-07 6.82067E-08 8.40374E-09 8.33467E-10 5.13664E-11
1.95320E-04 2.87496E-05 4.19181E-06 5.98863E-07 8.18862E-08 1.01843E-08 1.03059E-09 6.63172E-11
2.31746E-04 3.41260E-05 4.98033E-06 7.12935E-07 9.79017E-08 1.22884E-08 1.26821E-09 8.51239E-11
2.73874E-04 4.03466E-05 5.89352E-06 8.45302E-07 1.16564E-07 1.47625E-08 1.55310E-09 1.08632E-10
3.22375E-04 4.75114E-05 6.94625E-06 9.98189E-07 1.38209E-07 1.76574E-08 1.89284E-09 1.37828E-10
3.77960E-04 5.57259E-05 8.15427E-06 1.17396E-06 1.63194E-07 2.10280E-08 2.29578E-09 1.73860E-10
4.41370E-04 6.51006E-05 9.53408E-06 1.37509E-06 1.91896E-07 2.49329E-08 2.77110E-09 2.18041E-10
5.13373E-04 7.57498E-05 1.11028E-05 1.60417E-06 2.24712E-07 2.94342E-08 3.32874E-09 2.71867E-10
5.94752E-04 8.77902E-05 1.28779E-05 1.86383E-06 2.62047E-07 3.45966E-08 3.97934E-09 3.37018E-10
6.86296E-04 1.01340E-04 1.48770E-05 2.15676E-06 3.04320E-07 4.04872E-08 4.73420E-09 4.15364E-10
7.88788E-04 1.16515E-04 1.71177E-05 2.48563E-06 3.51946E-07 4.71743E-08 5.60515E-09 5.08958E-10
9.02988E-04 1.33429E-04 1.96171E-05 2.85306E-06 4.05339E-07 5.47263E-08 6.60438E-09 6.20032E-10
1.02962E-03 1.52192E-04 2.23915E-05 3.26155E-06 4.64896E-07 6.32106E-08 7.74429E-09 7.50973E-10
1.16935E-03 1.72901E-04 2.54561E-05 3.71344E-06 5.30994E-07 7.26921E-08 9.03724E-09 9.04301E-10
1.32277E-03 1.95647E-04 2.88243E-05 4.21082E-06 6.03975E-07 8.32315E-08 1.04953E-08 1.08263E-09
1.49038E-03 2.20505E-04 3.25075E-05 4.75551E-06 6.84139E-07 9.48837E-08 1.21299E-08 1.28862E-09
1.67257E-03 2.47532E-04 3.65148E-05 5.34892E-06 7.71730E-07 1.07696E-07 1.39516E-08 1.52493E-09
1.86957E-03 2.76766E-04 4.08520E-05 5.99203E-06 8.66927E-07 1.21705E-07 1.59697E-08 1.79413E-09
2.08149E-03 3.08221E-04 4.55215E-05 6.68530E-06 9.69829E-07 1.36937E-07 1.81918E-08 2.09862E-09
2.30823E-03 3.41886E-04 5.05219E-05 7.42859E-06 1.08045E-06 1.53405E-07 2.06232E-08 2.44059E-09
2.54951E-03 3.77719E-04 5.58472E-05 8.22113E-06 1.19869E-06 1.71103E-07 2.32671E-08 2.82184E-09
2.80483E-03 4.15646E-04 6.14868E-05 9.06140E-06 1.32437E-06 1.90012E-07 2.61236E-08 3.24376E-09
3.07348E-03 4.55563E-04 6.74251E-05 9.94714E-06 1.45715E-06 2.10091E-07 2.91896E-08 3.70719E-09
3.35449E-03 4.97325E-04 7.36412E-05 1.08753E-05 1.59660E-06 2.31279E-07 3.24584E-08 4.21229E-09
3.64667E-03 5.40756E-04 8.01086E-05 1.18419E-05 1.74214E-06 2.53495E-07 3.59196E-08 4.75850E-09
3.94855E-03 5.85641E-04 8.67953E-05 1.28423E-05 1.89307E-06 2.76634E-07 3.95586E-08 5.34442E-09
4.25847E-03 6.31727E-04 9.36640E-05 1.38708E-05 2.04855E-06 3.00569E-07 4.33565E-08 5.96773E-09
4.57447E-03 6.78729E-04 1.00672E-04 1.49210E-05 2.20761E-06 3.25152E-07 4.72903E-08 6.62517E-09
4.89443E-03 7.26326E-04 1.07771E-04 1.59858E-05 2.36915E-06 3.50213E-07 5.13327E-08 7.31245E-09
5.21598E-03 7.74168E-04 1.14910E-04 1.70573E-05 2.53198E-06 3.75561E-07 5.54525E-08 8.02430E-09
5.53659E-03 8.21878E-04 1.22031E-04 1.81270E-05 2.69478E-06 4.00989E-07 5.96146E-08 8.75448E-09
5.85358E-03 8.69056E-04 1.29075E-04 1.91858E-05 2.85615E-06 4.26273E-07 6.37807E-08 9.49580E-09
6.16416E-03 9.15287E-04 1.35980E-04 2.02243E-05 3.01464E-06 4.51176E-07 6.79094E-08 1.02403E-08
6.46546E-03 9.60141E-04 1.42680E-04 2.12327E-05 3.16873E-06 4.75453E-07 7.19573E-08 1.09792E-08
6.75457E-03 1.00319E-03 1.49112E-04 2.22012E-05 3.31689E-06 4.98852E-07 7.58796E-08 1.17033E-08
7.02859E-03 1.04399E-03 1.55211E-04 2.31199E-05 3.45759E-06 5.21122E-07 7.96305E-08 1.24029E-08
7.28471E-03 1.08213E-03 1.60913E-04 2.39792E-05 3.58931E-06 5.42014E-07 8.31646E-08 1.30682E-08
7.52020E-03 1.11720E-03 1.66156E-04 2.47698E-05 3.71060E-06 5.61287E-07 8.64374E-08 1.36895E-08
7.73248E-03 1.14882E-03 1.70885E-04 2.54830E-05 3.82009E-06 5.78712E-07 8.94067E-08 1.42573E-08
7.91921E-03 1.17663E-03 1.75044E-04 2.61105E-05 3.91650E-06 5.94078E-07 9.20328E-08 1.47628E-08
8.07825E-03 1.20032E-03 1.78588E-04 2.66453E-05 3.99870E-06 6.07194E-07 9.42800E-08 1.51976E-08
8.20778E-03 1.21962E-03 1.81475E-04 2.70810E-05 4.06571E-06 6.17895E-07 9.61173E-08 1.55547E-08
8.30629E-03 1.23429E-03 1.83670E-04 2.74124E-05 4.11669E-06 6.26044E-07 9.75187E-08 1.58280E-08
8.37262E-03 1.24417E-03 1.85148E-04 2.76357E-05 4.15104E-06 6.31537E-07 9.84643E-08 1.60129E-08
8.40598E-03 1.24914E-03 1.85892E-04 2.77479E-05 4.16832E-06 6.34301E-07 9.89405E-08 1.61061E-08
