! grain-radius [cm]                                         1/abundance of grains                               grain temp                         CR-peak-Temperaturegrain[K]                          spatial point                    

6.99E-07 1.50E-06 3.21E-06 6.89E-06 1.48E-05 3.17E-05      2.511820E+11 1.752722E+12 1.273082E+13 1.007895E+14 9.604270E+14 1.364986E+16 		4.253000e+01 4.286000e+01 4.417000e+01 4.690000e+01 4.692000e+01 4.332000e+01 	73 73 73 73 73 73             !         1
6.99E-07 1.50E-06 3.21E-06 6.89E-06 1.48E-05 3.17E-05      2.055733E+11 1.432798E+12 1.038106E+13 8.174678E+13 7.700564E+14 1.067744E+16 		4.254000e+01 4.286000e+01 4.418000e+01 4.690000e+01 4.693000e+01 4.333000e+01 	73 73 73 73 73 73             !         2
6.99E-07 1.50E-06 3.21E-06 6.89E-06 1.48E-05 3.17E-05      1.691386E+11 1.177504E+12 8.510409E+12 6.666325E+13 6.208980E+14 8.402646E+15 		4.254000e+01 4.286000e+01 4.418000e+01 4.690000e+01 4.693000e+01 4.333000e+01 	73 73 73 73 73 73             !         3
6.99E-07 1.50E-06 3.21E-06 6.89E-06 1.48E-05 3.17E-05      1.399123E+11 9.729383E+11 7.014899E+12 5.466401E+13 5.034966E+14 6.652940E+15 		4.254000e+01 4.286000e+01 4.418000e+01 4.690000e+01 4.693000e+01 4.333000e+01 	73 73 73 73 73 73             !         4
6.99E-07 1.50E-06 3.21E-06 6.89E-06 1.48E-05 3.17E-05      1.163706E+11 8.083330E+11 5.814226E+12 4.507680E+13 4.106658E+14 5.300258E+15 		4.255000e+01 4.288000e+01 4.419000e+01 4.692000e+01 4.694000e+01 4.334000e+01 	73 73 73 73 73 73             !         5
6.99E-07 1.50E-06 3.21E-06 6.89E-06 1.48E-05 3.17E-05      9.732858E+10 6.753256E+11 4.846157E+12 3.738322E+13 3.369241E+14 4.249151E+15 		4.255000e+01 4.288000e+01 4.419000e+01 4.692000e+01 4.694000e+01 4.334000e+01 	73 73 73 73 73 73             !         6
6.99E-07 1.50E-06 3.21E-06 6.89E-06 1.48E-05 3.17E-05      8.186189E+10 5.673987E+11 4.062306E+12 3.118221E+13 2.780747E+14 3.428176E+15 		4.255000e+01 4.288000e+01 4.419000e+01 4.692000e+01 4.695000e+01 4.335000e+01 	73 73 73 73 73 73             !         7
6.99E-07 1.50E-06 3.21E-06 6.89E-06 1.48E-05 3.17E-05      6.924689E+10 4.794559E+11 3.424918E+12 2.616233E+13 2.308923E+14 2.783639E+15 		4.255000e+01 4.288000e+01 4.419000e+01 4.692000e+01 4.695000e+01 4.335000e+01 	73 73 73 73 73 73             !         8
6.99E-07 1.50E-06 3.21E-06 6.89E-06 1.48E-05 3.17E-05      5.891524E+10 4.074984E+11 2.904436E+12 2.208091E+13 1.928892E+14 2.275011E+15 		4.298000e+01 4.332000e+01 4.465000e+01 4.740000e+01 4.742000e+01 4.378000e+01 	73 73 73 73 73 73             !         9
6.99E-07 1.50E-06 3.21E-06 6.89E-06 1.48E-05 3.17E-05      5.041902E+10 3.483779E+11 2.477640E+12 1.874819E+13 1.621390E+14 1.871566E+15 		4.299000e+01 4.333000e+01 4.465000e+01 4.741000e+01 4.743000e+01 4.379000e+01 	73 73 73 73 73 73             !         10
6.99E-07 1.50E-06 3.21E-06 6.89E-06 1.48E-05 3.17E-05      4.340403E+10 2.996071E+11 2.126222E+12 1.601521E+13 1.371442E+14 1.549912E+15 		4.299000e+01 4.333000e+01 4.465000e+01 4.741000e+01 4.743000e+01 4.379000e+01 	73 73 73 73 73 73             !         11
6.99E-07 1.50E-06 3.21E-06 6.89E-06 1.48E-05 3.17E-05      3.758916E+10 2.592141E+11 1.835698E+12 1.376466E+13 1.167363E+14 1.292165E+15 		4.301000e+01 4.334000e+01 4.467000e+01 4.742000e+01 4.745000e+01 4.380000e+01 	73 73 73 73 73 73             !         12
6.99E-07 1.50E-06 3.21E-06 6.89E-06 1.48E-05 3.17E-05      3.275059E+10 2.256301E+11 1.594569E+12 1.190376E+13 9.999995E+13 1.084587E+15 		4.301000e+01 4.334000e+01 4.467000e+01 4.742000e+01 4.745000e+01 4.380000e+01 	73 73 73 73 73 73             !         13
6.99E-07 1.50E-06 3.21E-06 6.89E-06 1.48E-05 3.17E-05      2.870947E+10 1.976029E+11 1.393670E+12 1.035893E+13 8.621542E+13 9.165842E+14 		4.301000e+01 4.334000e+01 4.467000e+01 4.743000e+01 4.745000e+01 4.381000e+01 	73 73 73 73 73 73             !         14
6.99E-07 1.50E-06 3.21E-06 6.89E-06 1.48E-05 3.17E-05      2.532241E+10 1.741290E+11 1.225677E+12 9.071553E+12 7.481445E+13 7.799481E+14 		4.301000e+01 4.334000e+01 4.467000e+01 4.743000e+01 4.745000e+01 4.381000e+01 	73 73 73 73 73 73             !         15
6.99E-07 1.50E-06 3.21E-06 6.89E-06 1.48E-05 3.17E-05      2.247405E+10 1.544022E+11 1.084709E+12 7.994789E+12 6.534674E+13 6.682934E+14 		4.302000e+01 4.335000e+01 4.468000e+01 4.743000e+01 4.746000e+01 4.381000e+01 	73 73 73 73 73 73             !         16
6.99E-07 1.50E-06 3.21E-06 6.89E-06 1.48E-05 3.17E-05      2.007126E+10 1.377720E+11 9.660359E+11 7.091069E+12 5.745411E+13 5.766302E+14 		4.303000e+01 4.336000e+01 4.469000e+01 4.745000e+01 4.747000e+01 4.383000e+01 	73 73 73 73 73 73             !         17
6.99E-07 1.50E-06 3.21E-06 6.89E-06 1.48E-05 3.17E-05      1.803863E+10 1.237121E+11 8.658329E+11 6.330154E+12 5.085053E+13 5.010430E+14 		4.303000e+01 4.336000e+01 4.469000e+01 4.745000e+01 4.747000e+01 4.383000e+01 	73 73 73 73 73 73             !         18
6.99E-07 1.50E-06 3.21E-06 6.89E-06 1.48E-05 3.17E-05      1.631490E+10 1.117952E+11 7.810015E+11 5.687624E+12 4.530677E+13 4.384460E+14 		4.347000e+01 4.380000e+01 4.515000e+01 4.794000e+01 4.796000e+01 4.427000e+01 	73 73 73 73 73 73             !         19
6.99E-07 1.50E-06 3.21E-06 6.89E-06 1.48E-05 3.17E-05      1.485012E+10 1.016733E+11 7.090221E+11 5.143688E+12 4.063846E+13 3.863970E+14 		4.347000e+01 4.380000e+01 4.515000e+01 4.794000e+01 4.796000e+01 4.427000e+01 	73 73 73 73 73 73             !         20
6.99E-07 1.50E-06 3.21E-06 6.89E-06 1.48E-05 3.17E-05      1.360348E+10 9.306220E+10 6.478397E+11 4.682256E+12 3.669674E+13 3.429555E+14 		4.347000e+01 4.380000e+01 4.515000e+01 4.794000e+01 4.796000e+01 4.427000e+01 	73 73 73 73 73 73             !         21
6.99E-07 1.50E-06 3.21E-06 6.89E-06 1.48E-05 3.17E-05      1.254152E+10 8.572904E+10 5.957729E+11 4.290206E+12 3.336104E+13 3.065728E+14 		4.347000e+01 4.380000e+01 4.515000e+01 4.794000e+01 4.797000e+01 4.427000e+01 	73 73 73 73 73 73             !         22
6.99E-07 1.50E-06 3.21E-06 6.89E-06 1.48E-05 3.17E-05      1.163675E+10 7.948254E+10 5.514427E+11 3.956803E+12 3.053334E+13 2.760084E+14 		4.346000e+01 4.379000e+01 4.514000e+01 4.793000e+01 4.796000e+01 4.426000e+01 	73 73 73 73 73 73             !         23
6.99E-07 1.50E-06 3.21E-06 6.89E-06 1.48E-05 3.17E-05      1.086650E+10 7.416517E+10 5.137144E+11 3.673242E+12 2.813372E+13 2.502645E+14 		4.346000e+01 4.379000e+01 4.514000e+01 4.793000e+01 4.795000e+01 4.426000e+01 	73 73 73 73 73 73             !         24
6.99E-07 1.50E-06 3.21E-06 6.89E-06 1.48E-05 3.17E-05      1.021204E+10 6.964688E+10 4.816524E+11 3.432276E+12 2.609677E+13 2.285352E+14 		4.346000e+01 4.379000e+01 4.514000e+01 4.793000e+01 4.795000e+01 4.426000e+01 	73 73 73 73 73 73             !         25
6.99E-07 1.50E-06 3.21E-06 6.89E-06 1.48E-05 3.17E-05      9.657898E+09 6.582003E+10 4.544831E+11 3.227929E+12 2.436884E+13 2.101675E+14 		4.345000e+01 4.378000e+01 4.513000e+01 4.792000e+01 4.794000e+01 4.425000e+01 	73 73 73 73 73 73             !         26
6.99E-07 1.50E-06 3.21E-06 6.89E-06 1.48E-05 3.17E-05      9.191197E+09 6.259535E+10 4.315653E+11 3.055254E+12 2.290572E+13 1.946298E+14 		4.343000e+01 4.376000e+01 4.510000e+01 4.789000e+01 4.792000e+01 4.424000e+01 	73 73 73 73 73 73             !         27
6.99E-07 1.50E-06 3.21E-06 6.89E-06 1.48E-05 3.17E-05      8.801242E+09 5.989858E+10 4.123662E+11 2.910151E+12 2.167091E+13 1.814877E+14 		4.339000e+01 4.372000e+01 4.506000e+01 4.786000e+01 4.790000e+01 4.421000e+01 	73 73 73 73 73 73             !         28
6.99E-07 1.50E-06 3.21E-06 6.89E-06 1.48E-05 3.17E-05      8.479105E+09 5.766778E+10 3.964414E+11 2.789203E+12 2.063413E+13 1.703848E+14 		4.334000e+01 4.367000e+01 4.501000e+01 4.780000e+01 4.784000e+01 4.417000e+01 	73 73 73 73 73 73             !         29
6.99E-07 1.50E-06 3.21E-06 6.89E-06 1.48E-05 3.17E-05      8.217305E+09 5.585103E+10 3.834189E+11 2.689554E+12 1.977015E+13 1.610274E+14 		4.330000e+01 4.362000e+01 4.496000e+01 4.775000e+01 4.780000e+01 4.413000e+01 	73 73 73 73 73 73             !         30
6.99E-07 1.50E-06 3.21E-06 6.89E-06 1.48E-05 3.17E-05      8.009535E+09 5.440463E+10 3.729855E+11 2.608803E+12 1.905785E+13 1.531718E+14 		4.322000e+01 4.354000e+01 4.487000e+01 4.766000e+01 4.772000e+01 4.407000e+01 	73 73 73 73 73 73             !         31
6.99E-07 1.50E-06 3.21E-06 6.89E-06 1.48E-05 3.17E-05      7.850435E+09 5.329138E+10 3.648750E+11 2.544913E+12 1.847940E+13 1.466149E+14 		4.352000e+01 4.385000e+01 4.519000e+01 4.799000e+01 4.807000e+01 4.440000e+01 	73 73 73 73 73 73             !         32
6.99E-07 1.50E-06 3.21E-06 6.89E-06 1.48E-05 3.17E-05      7.735388E+09 5.247931E+10 3.588587E+11 2.496140E+12 1.801961E+13 1.411858E+14 		4.337000e+01 4.370000e+01 4.502000e+01 4.782000e+01 4.792000e+01 4.427000e+01 	73 73 73 73 73 73             !         33
6.99E-07 1.50E-06 3.21E-06 6.89E-06 1.48E-05 3.17E-05      7.660348E+09 5.194041E+10 3.547368E+11 2.460964E+12 1.766537E+13 1.367394E+14 		4.315000e+01 4.347000e+01 4.478000e+01 4.757000e+01 4.769000e+01 4.408000e+01 	73 73 73 73 73 73             !         34
6.99E-07 1.50E-06 3.21E-06 6.89E-06 1.48E-05 3.17E-05      7.621682E+09 5.164955E+10 3.523304E+11 2.438033E+12 1.740513E+13 1.331509E+14 		4.285000e+01 4.317000e+01 4.446000e+01 4.723000e+01 4.739000e+01 4.382000e+01 	73 73 73 73 73 73             !         35
6.99E-07 1.50E-06 3.21E-06 6.89E-06 1.48E-05 3.17E-05      7.616031E+09 5.158355E+10 3.514753E+11 2.426118E+12 1.722857E+13 1.303112E+14 		4.245000e+01 4.276000e+01 4.403000e+01 4.678000e+01 4.698000e+01 4.347000e+01 	73 73 73 73 73 73             !         36
6.99E-07 1.50E-06 3.21E-06 6.89E-06 1.48E-05 3.17E-05      7.640186E+09 5.172034E+10 3.520158E+11 2.424062E+12 1.712616E+13 1.281235E+14 		4.192000e+01 4.222000e+01 4.345000e+01 4.617000e+01 4.644000e+01 4.300000e+01 	73 73 73 73 73 73             !         37
6.99E-07 1.50E-06 3.21E-06 6.89E-06 1.48E-05 3.17E-05      7.690981E+09 5.203819E+10 3.537997E+11 2.430751E+12 1.708893E+13 1.264998E+14 		4.121000e+01 4.150000e+01 4.269000e+01 4.537000e+01 4.570000e+01 4.238000e+01 	73 73 73 73 73 73             !         38
6.99E-07 1.50E-06 3.21E-06 6.89E-06 1.48E-05 3.17E-05      7.765202E+09 5.251510E+10 3.566738E+11 2.445078E+12 1.710822E+13 1.253591E+14 		4.030000e+01 4.057000e+01 4.171000e+01 4.432000e+01 4.475000e+01 4.157000e+01 	73 73 73 73 73 73             !         39
6.99E-07 1.50E-06 3.21E-06 6.89E-06 1.48E-05 3.17E-05      7.859521E+09 5.312837E+10 3.604811E+11 2.465922E+12 1.717546E+13 1.246252E+14 		3.910000e+01 3.936000e+01 4.043000e+01 4.295000e+01 4.349000e+01 4.049000e+01 	73 73 73 73 73 73             !         40
6.99E-07 1.50E-06 3.21E-06 6.89E-06 1.48E-05 3.17E-05      7.970453E+09 5.385432E+10 3.650587E+11 2.492138E+12 1.728213E+13 1.242256E+14 		3.760000e+01 3.783000e+01 3.881000e+01 4.122000e+01 4.188000e+01 3.912000e+01 	73 73 73 73 73 73             !         41
6.99E-07 1.50E-06 3.21E-06 6.89E-06 1.48E-05 3.17E-05      8.094351E+09 5.466819E+10 3.702374E+11 2.522546E+12 1.741966E+13 1.240910E+14 		3.349000e+01 3.367000e+01 3.442000e+01 3.647000e+01 3.738000e+01 3.527000e+01 	73 73 73 73 73 73             !         42
6.99E-07 1.50E-06 3.21E-06 6.89E-06 1.48E-05 3.17E-05      8.227432E+09 5.554438E+10 3.758429E+11 2.555945E+12 1.757952E+13 1.241551E+14 		3.097000e+01 3.112000e+01 3.176000e+01 3.355000e+01 3.451000e+01 3.279000e+01 	73 73 73 73 73 73             !         43
6.99E-07 1.50E-06 3.21E-06 6.89E-06 1.48E-05 3.17E-05      8.365835E+09 5.645681E+10 3.816985E+11 2.591129E+12 1.775329E+13 1.243550E+14 		2.843000e+01 2.855000e+01 2.910000e+01 3.061000e+01 3.149000e+01 3.013000e+01 	73 73 73 73 73 73             !         44
6.99E-07 1.50E-06 3.21E-06 6.89E-06 1.48E-05 3.17E-05      8.505719E+09 5.737957E+10 3.876293E+11 2.626911E+12 1.793283E+13 1.246322E+14 		2.625000e+01 2.637000e+01 2.688000e+01 2.818000e+01 2.879000e+01 2.762000e+01 	73 73 73 73 73 73             !         45
6.99E-07 1.50E-06 3.21E-06 6.89E-06 1.48E-05 3.17E-05      8.643379E+09 5.828772E+10 3.934674E+11 2.662165E+12 1.811053E+13 1.249338E+14 		2.474000e+01 2.486000e+01 2.539000e+01 2.661000e+01 2.691000e+01 2.568000e+01 	73 73 73 73 73 73             !         46
6.99E-07 1.50E-06 3.21E-06 6.89E-06 1.48E-05 3.17E-05      8.775385E+09 5.915820E+10 3.990583E+11 2.695857E+12 1.827953E+13 1.252136E+14 		2.372000e+01 2.385000e+01 2.441000e+01 2.566000e+01 2.579000e+01 2.439000e+01 	73 73 73 73 73 73             !         47
6.99E-07 1.50E-06 3.21E-06 6.89E-06 1.48E-05 3.17E-05      8.898707E+09 5.997069E+10 4.042661E+11 2.727088E+12 1.843397E+13 1.254333E+14 		2.299000e+01 2.313000e+01 2.371000e+01 2.500000e+01 2.510000e+01 2.356000e+01 	73 73 73 73 73 73             !         48
6.99E-07 1.50E-06 3.21E-06 6.89E-06 1.48E-05 3.17E-05      9.010840E+09 6.070841E+10 4.089792E+11 2.755125E+12 1.856914E+13 1.255635E+14 		2.249000e+01 2.264000e+01 2.324000e+01 2.455000e+01 2.464000e+01 2.304000e+01 	73 73 73 73 73 73             !         49
6.99E-07 1.50E-06 3.21E-06 6.89E-06 1.48E-05 3.17E-05      9.109894E+09 6.135872E+10 4.131141E+11 2.779427E+12 1.868169E+13 1.255844E+14 		2.213000e+01 2.227000e+01 2.289000e+01 2.422000e+01 2.429000e+01 2.266000e+01 	73 73 73 73 73 73             !         50
6.99E-07 1.50E-06 3.21E-06 6.89E-06 1.48E-05 3.17E-05      9.194638E+09 6.191346E+10 4.166174E+11 2.799658E+12 1.876961E+13 1.254852E+14 		2.203000e+01 2.218000e+01 2.280000e+01 2.413000e+01 2.420000e+01 2.256000e+01 	73 73 73 73 73 73             !         51
6.99E-07 1.50E-06 3.21E-06 6.89E-06 1.48E-05 3.17E-05      9.264519E+09 6.236900E+10 4.194663E+11 2.815684E+12 1.883228E+13 1.252646E+14 		2.178000e+01 2.193000e+01 2.255000e+01 2.388000e+01 2.395000e+01 2.231000e+01 	73 73 73 73 73 73             !         52
6.99E-07 1.50E-06 3.21E-06 6.89E-06 1.48E-05 3.17E-05      9.319618E+09 6.272600E+10 4.216663E+11 2.827561E+12 1.887031E+13 1.249289E+14 		2.154000e+01 2.169000e+01 2.231000e+01 2.363000e+01 2.371000e+01 2.208000e+01 	73 73 73 73 73 73             !         53
6.99E-07 1.50E-06 3.21E-06 6.89E-06 1.48E-05 3.17E-05      9.360582E+09 6.298888E+10 4.232486E+11 2.835514E+12 1.888540E+13 1.244912E+14 		2.132000e+01 2.147000e+01 2.208000e+01 2.339000e+01 2.346000e+01 2.185000e+01 	73 73 73 73 73 73             !         54
6.99E-07 1.50E-06 3.21E-06 6.89E-06 1.48E-05 3.17E-05      9.388523E+09 6.316521E+10 4.242650E+11 2.839903E+12 1.888012E+13 1.239697E+14 		2.094000e+01 2.108000e+01 2.168000e+01 2.298000e+01 2.306000e+01 2.146000e+01 	73 73 73 73 73 73             !         55
6.99E-07 1.50E-06 3.21E-06 6.89E-06 1.48E-05 3.17E-05      9.404902E+09 6.326487E+10 4.247825E+11 2.841189E+12 1.885765E+13 1.233864E+14 		2.076000e+01 2.091000e+01 2.151000e+01 2.280000e+01 2.286000e+01 2.128000e+01 	73 73 73 73 73 73             !         56
6.99E-07 1.50E-06 3.21E-06 6.89E-06 1.48E-05 3.17E-05      9.411405E+09 6.329923E+10 4.248783E+11 2.839895E+12 1.882153E+13 1.227647E+14 		2.061000e+01 2.075000e+01 2.135000e+01 2.263000e+01 2.272000e+01 2.114000e+01 	73 73 73 73 73 73             !         57
6.99E-07 1.50E-06 3.21E-06 6.89E-06 1.48E-05 3.17E-05      9.409819E+09 6.328037E+10 4.246337E+11 2.836568E+12 1.877547E+13 1.221288E+14 		2.047000e+01 2.062000e+01 2.121000e+01 2.249000e+01 2.257000e+01 2.100000e+01 	73 73 73 73 73 73             !         58
6.99E-07 1.50E-06 3.21E-06 6.89E-06 1.48E-05 3.17E-05      9.401928E+09 6.322028E+10 4.241294E+11 2.831753E+12 1.872306E+13 1.215020E+14 		2.040000e+01 2.055000e+01 2.115000e+01 2.241000e+01 2.248000e+01 2.091000e+01 	73 73 73 73 73 73             !         59
6.99E-07 1.50E-06 3.21E-06 6.89E-06 1.48E-05 3.17E-05      9.389415E+09 6.313030E+10 4.234417E+11 2.825957E+12 1.866769E+13 1.209056E+14 		2.034000e+01 2.048000e+01 2.108000e+01 2.235000e+01 2.241000e+01 2.084000e+01 	73 73 73 73 73 73             !         60
6.99E-07 1.50E-06 3.21E-06 6.89E-06 1.48E-05 3.17E-05      9.373781E+09 6.302052E+10 4.226382E+11 2.819635E+12 1.861232E+13 1.203582E+14 		2.027000e+01 2.041000e+01 2.100000e+01 2.227000e+01 2.234000e+01 2.077000e+01 	73 73 73 73 73 73             !         61
6.99E-07 1.50E-06 3.21E-06 6.89E-06 1.48E-05 3.17E-05      9.356289E+09 6.289942E+10 4.217759E+11 2.813163E+12 1.855943E+13 1.198752E+14 		2.020000e+01 2.034000e+01 2.094000e+01 2.220000e+01 2.226000e+01 2.069000e+01 	73 73 73 73 73 73             !         62
6.99E-07 1.50E-06 3.21E-06 6.89E-06 1.48E-05 3.17E-05      9.337916E+09 6.277358E+10 4.208986E+11 2.806834E+12 1.851091E+13 1.194682E+14 		2.015000e+01 2.030000e+01 2.089000e+01 2.215000e+01 2.219000e+01 2.063000e+01 	73 73 73 73 73 73             !         63
6.99E-07 1.50E-06 3.21E-06 6.89E-06 1.48E-05 3.17E-05      9.319327E+09 6.264746E+10 4.200363E+11 2.800844E+12 1.846804E+13 1.191448E+14 		2.013000e+01 2.028000e+01 2.088000e+01 2.213000e+01 2.218000e+01 2.061000e+01 	73 73 73 73 73 73             !         64
