size1 size2 size3 size4 size5 size6
1.99725E-06 2.86226E-07 3.94063E-08 4.97745E-09 5.22345E-10 3.67531E-11
2.56710E-06 3.68319E-07 5.08356E-08 6.45563E-09 6.85310E-10 4.94245E-11
3.28641E-06 4.72065E-07 6.53152E-08 8.33831E-09 8.95250E-10 6.61528E-11
4.19054E-06 6.02616E-07 8.35804E-08 1.07257E-08 1.16447E-09 8.81277E-11
5.32217E-06 7.66199E-07 1.06522E-07 1.37397E-08 1.50814E-09 1.16852E-10
6.73250E-06 9.70295E-07 1.35213E-07 1.75283E-08 1.94484E-09 1.54211E-10
8.48270E-06 1.22385E-06 1.70940E-07 2.22694E-08 2.49721E-09 2.02560E-10
1.06454E-05 1.53749E-06 2.15234E-07 2.81764E-08 3.19266E-09 2.64819E-10
1.33063E-05 1.92380E-06 2.69913E-07 3.55033E-08 4.06423E-09 3.44590E-10
1.65663E-05 2.39756E-06 3.37118E-07 4.45513E-08 5.15148E-09 4.46288E-10
2.05429E-05 2.97605E-06 4.19356E-07 5.56749E-08 6.50151E-09 5.75287E-10
2.53728E-05 3.67936E-06 5.19552E-07 6.92892E-08 8.17005E-09 7.38096E-10
3.12136E-05 4.53071E-06 6.41091E-07 8.58774E-08 1.02226E-08 9.42537E-10
3.82463E-05 5.55676E-06 7.87870E-07 1.05999E-07 1.27359E-08 1.19796E-09
4.66772E-05 6.78795E-06 9.64348E-07 1.30295E-07 1.57988E-08 1.51546E-09
5.67400E-05 8.25881E-06 1.17559E-06 1.59501E-07 1.95140E-08 1.90811E-09
6.86980E-05 1.00082E-05 1.42733E-06 1.94450E-07 2.39993E-08 2.39123E-09
8.28454E-05 1.20798E-05 1.72599E-06 2.36079E-07 2.93885E-08 2.98262E-09
9.95091E-05 1.45219E-05 2.07872E-06 2.85441E-07 3.58331E-08 3.70281E-09
1.19049E-04 1.73880E-05 2.49343E-06 3.43702E-07 4.35030E-08 4.57533E-09
1.41860E-04 2.07365E-05 2.97881E-06 4.12149E-07 5.25875E-08 5.62694E-09
1.68369E-04 2.46312E-05 3.54432E-06 4.92193E-07 6.32956E-08 6.88779E-09
1.99038E-04 2.91404E-05 4.20017E-06 5.85360E-07 7.58565E-08 8.39161E-09
2.34357E-04 3.43374E-05 4.95731E-06 6.93295E-07 9.05192E-08 1.01758E-08
2.74847E-04 4.02997E-05 5.82733E-06 8.17751E-07 1.07551E-07 1.22815E-08
3.21050E-04 4.71082E-05 6.82240E-06 9.60575E-07 1.27239E-07 1.47533E-08
3.73529E-04 5.48471E-05 7.95517E-06 1.12370E-06 1.49883E-07 1.76395E-08
4.32858E-04 6.36023E-05 9.23860E-06 1.30910E-06 1.75797E-07 2.09914E-08
4.99616E-04 7.34604E-05 1.06858E-05 1.51882E-06 2.05305E-07 2.48631E-08
5.74377E-04 8.45075E-05 1.23098E-05 1.75487E-06 2.38735E-07 2.93107E-08
6.57699E-04 9.68275E-05 1.41235E-05 2.01926E-06 2.76414E-07 3.43919E-08
7.50114E-04 1.10500E-04 1.61390E-05 2.31392E-06 3.18664E-07 4.01646E-08
8.52113E-04 1.25600E-04 1.83677E-05 2.64065E-06 3.65792E-07 4.66862E-08
9.64132E-04 1.42193E-04 2.08199E-05 3.00110E-06 4.18083E-07 5.40121E-08
1.08654E-03 1.60336E-04 2.35043E-05 3.39670E-06 4.75794E-07 6.21945E-08
1.21962E-03 1.80070E-04 2.64276E-05 3.82861E-06 5.39143E-07 7.12806E-08
1.36356E-03 2.01426E-04 2.95948E-05 4.29767E-06 6.08299E-07 8.13108E-08
1.51842E-03 2.24414E-04 3.30077E-05 4.80433E-06 6.83373E-07 9.23173E-08
1.68414E-03 2.49028E-04 3.66658E-05 5.34859E-06 7.64412E-07 1.04322E-07
1.86053E-03 2.75237E-04 4.05649E-05 5.92998E-06 8.51382E-07 1.17335E-07
2.04722E-03 3.02989E-04 4.46976E-05 6.54749E-06 9.44170E-07 1.31352E-07
2.24368E-03 3.32207E-04 4.90527E-05 7.19953E-06 1.04257E-06 1.46353E-07
2.44922E-03 3.62787E-04 5.36149E-05 7.88389E-06 1.14627E-06 1.62303E-07
2.66296E-03 3.94600E-04 5.83651E-05 8.59775E-06 1.25486E-06 1.79147E-07
2.88384E-03 4.27488E-04 6.32798E-05 9.33762E-06 1.36783E-06 1.96812E-07
3.11061E-03 4.61267E-04 6.83315E-05 1.00994E-05 1.48456E-06 2.15204E-07
3.34189E-03 4.95727E-04 7.34889E-05 1.08783E-05 1.60433E-06 2.34211E-07
3.57608E-03 5.30634E-04 7.87166E-05 1.16690E-05 1.72629E-06 2.53700E-07
3.81146E-03 5.65729E-04 8.39761E-05 1.24657E-05 1.84955E-06 2.73523E-07
4.04619E-03 6.00736E-04 8.92256E-05 1.32619E-05 1.97307E-06 2.93511E-07
4.27829E-03 6.35360E-04 9.44208E-05 1.40508E-05 2.09580E-06 3.13482E-07
4.50572E-03 6.69297E-04 9.95154E-05 1.48253E-05 2.21659E-06 3.33241E-07
4.72638E-03 7.02229E-04 1.04462E-04 1.55781E-05 2.33425E-06 3.52585E-07
4.93812E-03 7.33839E-04 1.09212E-04 1.63017E-05 2.44759E-06 3.71301E-07
5.13883E-03 7.63808E-04 1.13717E-04 1.69886E-05 2.55539E-06 3.89176E-07
5.32644E-03 7.91825E-04 1.17930E-04 1.76316E-05 2.65647E-06 4.05999E-07
5.49895E-03 8.17591E-04 1.21806E-04 1.82235E-05 2.74966E-06 4.21561E-07
5.65447E-03 8.40822E-04 1.25302E-04 1.87577E-05 2.83389E-06 4.35667E-07
5.79127E-03 8.61260E-04 1.28379E-04 1.92281E-05 2.90813E-06 4.48133E-07
5.90779E-03 8.78670E-04 1.31000E-04 1.96290E-05 2.97148E-06 4.58794E-07
6.00270E-03 8.92852E-04 1.33135E-04 1.99558E-05 3.02316E-06 4.67504E-07
6.07488E-03 9.03638E-04 1.34759E-04 2.02044E-05 3.06250E-06 4.74146E-07
6.12348E-03 9.10901E-04 1.35853E-04 2.03719E-05 3.08902E-06 4.78625E-07
6.14792E-03 9.14554E-04 1.36404E-04 2.04562E-05 3.10236E-06 4.80881E-07
