# CO cross sections
# photoabsorption   -- Photoabsorption cross section (cm2)
# photodissociation -- Photodissociation cross section (cm2)
# photoionisation   -- Photoionisation cross section (cm2)
# This version has been resampled to a uniform 0.1nm grid while maintaining a constant integrated cross section (using trapezoidal integration).
# wavelength photoabsorption photodissociation photoionisation
6.200000e+00 5.059000e-19 0.000000e+00 5.059000e-19
6.300000e+00 5.090173e-19 0.000000e+00 5.090173e-19
6.400000e+00 5.161982e-19 0.000000e+00 5.161982e-19
6.500000e+00 5.417240e-19 0.000000e+00 5.417240e-19
6.600000e+00 5.553575e-19 0.000000e+00 5.553575e-19
6.700000e+00 5.616250e-19 0.000000e+00 5.616250e-19
6.800000e+00 5.841354e-19 0.000000e+00 5.841354e-19
6.900000e+00 6.065500e-19 0.000000e+00 6.065500e-19
7.000000e+00 6.349625e-19 0.000000e+00 6.349625e-19
7.100000e+00 6.431000e-19 0.000000e+00 6.431000e-19
7.200000e+00 6.697363e-19 0.000000e+00 6.697363e-19
7.300000e+00 6.893850e-19 0.000000e+00 6.893850e-19
7.400000e+00 7.083573e-19 0.000000e+00 7.083573e-19
7.500000e+00 7.254308e-19 0.000000e+00 7.254308e-19
7.600000e+00 7.458387e-19 0.000000e+00 7.458387e-19
7.700000e+00 7.675875e-19 0.000000e+00 7.675875e-19
7.800000e+00 7.782571e-19 0.000000e+00 7.782571e-19
7.900000e+00 9.280020e-19 0.000000e+00 9.280020e-19
8.000000e+00 9.605447e-19 0.000000e+00 9.605447e-19
8.100000e+00 8.600887e-19 0.000000e+00 8.600887e-19
8.200000e+00 8.776486e-19 0.000000e+00 8.776486e-19
8.300000e+00 9.044784e-19 0.000000e+00 9.044784e-19
8.400000e+00 9.224357e-19 0.000000e+00 9.224357e-19
8.500000e+00 9.538398e-19 0.000000e+00 9.538398e-19
8.600000e+00 9.715517e-19 0.000000e+00 9.715517e-19
8.700000e+00 9.912264e-19 0.000000e+00 9.912264e-19
8.800000e+00 1.033178e-18 0.000000e+00 1.033178e-18
8.900000e+00 1.071398e-18 0.000000e+00 1.071398e-18
9.000000e+00 1.090273e-18 0.000000e+00 1.090273e-18
9.100000e+00 1.105424e-18 0.000000e+00 1.105424e-18
9.200000e+00 1.134657e-18 0.000000e+00 1.134657e-18
9.300000e+00 1.170071e-18 0.000000e+00 1.170071e-18
9.400000e+00 1.207917e-18 0.000000e+00 1.207917e-18
9.500000e+00 1.223194e-18 0.000000e+00 1.223194e-18
9.600000e+00 1.256463e-18 0.000000e+00 1.256463e-18
9.700000e+00 1.296857e-18 0.000000e+00 1.296857e-18
9.800000e+00 1.311143e-18 0.000000e+00 1.311143e-18
9.900000e+00 1.341337e-18 0.000000e+00 1.341337e-18
1.000000e+01 1.382587e-18 0.000000e+00 1.382587e-18
1.010000e+01 1.410225e-18 0.000000e+00 1.410225e-18
1.020000e+01 1.439618e-18 0.000000e+00 1.439618e-18
1.030000e+01 1.471971e-18 0.000000e+00 1.471971e-18
1.040000e+01 1.502700e-18 0.000000e+00 1.502700e-18
1.050000e+01 1.532700e-18 0.000000e+00 1.532700e-18
1.060000e+01 1.568633e-18 0.000000e+00 1.568633e-18
1.070000e+01 1.604605e-18 0.000000e+00 1.604605e-18
1.080000e+01 1.633553e-18 0.000000e+00 1.633553e-18
1.090000e+01 1.664700e-18 0.000000e+00 1.664700e-18
1.100000e+01 1.705226e-18 0.000000e+00 1.705226e-18
1.110000e+01 1.745165e-18 0.000000e+00 1.745165e-18
1.120000e+01 1.783665e-18 0.000000e+00 1.783665e-18
1.130000e+01 1.821633e-18 0.000000e+00 1.821633e-18
1.140000e+01 1.858300e-18 0.000000e+00 1.858300e-18
1.150000e+01 1.892750e-18 0.000000e+00 1.892750e-18
1.160000e+01 1.917750e-18 0.000000e+00 1.917750e-18
1.170000e+01 1.942750e-18 0.000000e+00 1.942750e-18
1.180000e+01 1.997000e-18 0.000000e+00 1.997000e-18
1.190000e+01 2.051545e-18 0.000000e+00 2.051545e-18
1.200000e+01 2.099208e-18 0.000000e+00 2.099208e-18
1.210000e+01 2.145042e-18 0.000000e+00 2.145042e-18
1.220000e+01 2.194450e-18 0.000000e+00 2.194450e-18
1.230000e+01 2.249450e-18 0.000000e+00 2.249450e-18
1.240000e+01 2.304450e-18 0.000000e+00 2.304450e-18
1.250000e+01 2.323150e-18 0.000000e+00 2.323150e-18
1.260000e+01 2.341483e-18 0.000000e+00 2.341483e-18
1.270000e+01 2.359817e-18 0.000000e+00 2.359817e-18
1.280000e+01 2.430290e-18 0.000000e+00 2.430290e-18
1.290000e+01 2.501290e-18 0.000000e+00 2.501290e-18
1.300000e+01 2.527410e-18 0.000000e+00 2.527410e-18
1.310000e+01 2.553077e-18 0.000000e+00 2.553077e-18
1.320000e+01 2.578743e-18 0.000000e+00 2.578743e-18
1.330000e+01 2.600780e-18 0.000000e+00 2.600780e-18
1.340000e+01 2.677230e-18 0.000000e+00 2.677230e-18
1.350000e+01 2.754230e-18 0.000000e+00 2.754230e-18
1.360000e+01 2.700550e-18 0.000000e+00 2.700550e-18
1.370000e+01 2.765340e-18 0.000000e+00 2.765340e-18
1.380000e+01 2.831340e-18 0.000000e+00 2.831340e-18
1.390000e+01 2.885460e-18 0.000000e+00 2.885460e-18
1.400000e+01 2.951340e-18 0.000000e+00 2.951340e-18
1.410000e+01 3.017340e-18 0.000000e+00 3.017340e-18
1.420000e+01 3.039780e-18 0.000000e+00 3.039780e-18
1.430000e+01 3.061780e-18 0.000000e+00 3.061780e-18
1.440000e+01 3.094670e-18 0.000000e+00 3.094670e-18
1.450000e+01 3.111335e-18 0.000000e+00 3.111335e-18
1.460000e+01 3.127835e-18 0.000000e+00 3.127835e-18
1.470000e+01 3.225515e-18 0.000000e+00 3.225515e-18
1.480000e+01 3.324015e-18 0.000000e+00 3.324015e-18
1.490000e+01 3.346780e-18 0.000000e+00 3.346780e-18
1.500000e+01 3.390560e-18 0.000000e+00 3.390560e-18
1.510000e+01 3.434560e-18 0.000000e+00 3.434560e-18
1.520000e+01 3.511230e-18 0.000000e+00 3.511230e-18
1.530000e+01 3.588230e-18 0.000000e+00 3.588230e-18
1.540000e+01 3.627115e-18 0.000000e+00 3.627115e-18
1.550000e+01 3.665615e-18 0.000000e+00 3.665615e-18
1.560000e+01 3.682335e-18 0.000000e+00 3.682335e-18
1.570000e+01 3.698835e-18 0.000000e+00 3.698835e-18
1.580000e+01 3.747510e-18 0.000000e+00 3.747510e-18
1.590000e+01 3.796510e-18 0.000000e+00 3.796510e-18
1.600000e+01 3.905900e-18 0.000000e+00 3.905900e-18
1.610000e+01 4.015900e-18 0.000000e+00 4.015900e-18
1.620000e+01 4.044225e-18 0.000000e+00 4.044225e-18
1.630000e+01 4.071725e-18 0.000000e+00 4.071725e-18
1.640000e+01 4.125955e-18 0.000000e+00 4.125955e-18
1.650000e+01 4.180455e-18 0.000000e+00 4.180455e-18
1.660000e+01 4.213670e-18 0.000000e+00 4.213670e-18
1.670000e+01 4.246670e-18 0.000000e+00 4.246670e-18
1.680000e+01 4.279670e-18 0.000000e+00 4.279670e-18
1.690000e+01 4.350785e-18 0.000000e+00 4.350785e-18
1.700000e+01 4.422285e-18 0.000000e+00 4.422285e-18
1.710000e+01 4.461115e-18 0.000000e+00 4.461115e-18
1.720000e+01 4.499615e-18 0.000000e+00 4.499615e-18
1.730000e+01 4.554120e-18 0.000000e+00 4.554120e-18
1.740000e+01 4.608787e-18 0.000000e+00 4.608787e-18
1.750000e+01 4.663453e-18 0.000000e+00 4.663453e-18
1.760000e+01 4.718450e-18 0.000000e+00 4.718450e-18
1.770000e+01 4.773450e-18 0.000000e+00 4.773450e-18
1.780000e+01 4.842970e-18 0.000000e+00 4.842970e-18
1.790000e+01 4.912637e-18 0.000000e+00 4.912637e-18
1.800000e+01 4.982303e-18 0.000000e+00 4.982303e-18
1.810000e+01 5.031510e-18 0.000000e+00 5.031510e-18
1.820000e+01 5.080510e-18 0.000000e+00 5.080510e-18
1.830000e+01 5.128190e-18 0.000000e+00 5.128190e-18
1.840000e+01 5.175857e-18 0.000000e+00 5.175857e-18
1.850000e+01 5.223523e-18 0.000000e+00 5.223523e-18
1.860000e+01 5.263930e-18 0.000000e+00 5.263930e-18
1.870000e+01 5.304263e-18 0.000000e+00 5.304263e-18
1.880000e+01 5.344597e-18 0.000000e+00 5.344597e-18
1.890000e+01 5.435420e-18 0.000000e+00 5.435420e-18
1.900000e+01 5.526753e-18 0.000000e+00 5.526753e-18
1.910000e+01 5.618087e-18 0.000000e+00 5.618087e-18
1.920000e+01 5.706120e-18 0.000000e+00 5.706120e-18
1.930000e+01 5.794120e-18 0.000000e+00 5.794120e-18
1.940000e+01 5.882120e-18 0.000000e+00 5.882120e-18
1.950000e+01 5.937120e-18 0.000000e+00 5.937120e-18
1.960000e+01 5.991787e-18 0.000000e+00 5.991787e-18
1.970000e+01 6.046453e-18 0.000000e+00 6.046453e-18
1.980000e+01 6.112340e-18 0.000000e+00 6.112340e-18
1.990000e+01 6.178340e-18 0.000000e+00 6.178340e-18
2.000000e+01 6.244340e-18 0.000000e+00 6.244340e-18
2.010000e+01 6.313640e-18 0.000000e+00 6.313640e-18
2.020000e+01 6.382973e-18 0.000000e+00 6.382973e-18
2.030000e+01 6.452307e-18 0.000000e+00 6.452307e-18
2.040000e+01 6.504727e-18 0.000000e+00 6.504727e-18
2.050000e+01 6.556977e-18 0.000000e+00 6.556977e-18
2.060000e+01 6.609227e-18 0.000000e+00 6.609227e-18
2.070000e+01 6.661477e-18 0.000000e+00 6.661477e-18
2.080000e+01 6.781460e-18 0.000000e+00 6.781460e-18
2.090000e+01 6.902127e-18 0.000000e+00 6.902127e-18
2.100000e+01 7.022793e-18 0.000000e+00 7.022793e-18
2.110000e+01 7.067560e-18 0.000000e+00 7.067560e-18
2.120000e+01 7.111560e-18 0.000000e+00 7.111560e-18
2.130000e+01 7.155560e-18 0.000000e+00 7.155560e-18
2.140000e+01 7.199560e-18 0.000000e+00 7.199560e-18
2.150000e+01 7.278705e-18 0.000000e+00 7.278705e-18
2.160000e+01 7.358205e-18 0.000000e+00 7.358205e-18
2.170000e+01 7.437705e-18 0.000000e+00 7.437705e-18
2.180000e+01 7.517205e-18 0.000000e+00 7.517205e-18
2.190000e+01 7.572120e-18 0.000000e+00 7.572120e-18
2.200000e+01 7.626787e-18 0.000000e+00 7.626787e-18
2.210000e+01 7.681453e-18 0.000000e+00 7.681453e-18
2.220000e+01 7.769120e-18 0.000000e+00 7.769120e-18
2.230000e+01 7.857120e-18 0.000000e+00 7.857120e-18
2.240000e+01 7.945120e-18 0.000000e+00 7.945120e-18
2.250000e+01 8.033120e-18 0.000000e+00 8.033120e-18
2.260000e+01 8.086074e-18 0.000000e+00 8.086074e-18
2.270000e+01 8.138674e-18 0.000000e+00 8.138674e-18
2.280000e+01 8.191274e-18 0.000000e+00 8.191274e-18
2.290000e+01 8.243874e-18 0.000000e+00 8.243874e-18
2.300000e+01 8.296474e-18 0.000000e+00 8.296474e-18
2.310000e+01 8.348727e-18 0.000000e+00 8.348727e-18
2.320000e+01 8.400977e-18 0.000000e+00 8.400977e-18
2.330000e+01 8.453227e-18 0.000000e+00 8.453227e-18
2.340000e+01 8.505477e-18 0.000000e+00 8.505477e-18
2.350000e+01 8.620097e-18 0.000000e+00 8.620097e-18
2.360000e+01 8.735347e-18 0.000000e+00 8.735347e-18
2.370000e+01 8.850597e-18 0.000000e+00 8.850597e-18
2.380000e+01 8.965847e-18 0.000000e+00 8.965847e-18
2.390000e+01 9.021252e-18 0.000000e+00 9.021252e-18
2.400000e+01 9.076052e-18 0.000000e+00 9.076052e-18
2.410000e+01 9.130852e-18 0.000000e+00 9.130852e-18
2.420000e+01 9.185652e-18 0.000000e+00 9.185652e-18
2.430000e+01 9.240452e-18 0.000000e+00 9.240452e-18
2.440000e+01 9.286540e-18 0.000000e+00 9.286540e-18
2.450000e+01 9.332540e-18 0.000000e+00 9.332540e-18
2.460000e+01 9.378540e-18 0.000000e+00 9.378540e-18
2.470000e+01 9.424540e-18 0.000000e+00 9.424540e-18
2.480000e+01 9.470540e-18 0.000000e+00 9.470540e-18
2.490000e+01 9.585345e-18 0.000000e+00 9.585345e-18
2.500000e+01 9.700845e-18 0.000000e+00 9.700845e-18
2.510000e+01 9.763380e-18 0.000000e+00 9.763380e-18
2.520000e+01 9.825380e-18 0.000000e+00 9.825380e-18
2.530000e+01 9.887380e-18 0.000000e+00 9.887380e-18
2.540000e+01 9.862920e-18 0.000000e+00 9.862920e-18
2.550000e+01 9.837587e-18 0.000000e+00 9.837587e-18
2.560000e+01 9.812253e-18 0.000000e+00 9.812253e-18
2.570000e+01 9.914960e-18 0.000000e+00 9.914960e-18
2.580000e+01 1.001896e-17 0.000000e+00 1.001896e-17
2.590000e+01 9.976440e-18 0.000000e+00 9.976440e-18
2.600000e+01 9.932440e-18 0.000000e+00 9.932440e-18
2.610000e+01 9.888440e-18 0.000000e+00 9.888440e-18
2.620000e+01 9.971160e-18 0.000000e+00 9.971160e-18
2.630000e+01 1.005516e-17 0.000000e+00 1.005516e-17
2.640000e+01 1.013916e-17 0.000000e+00 1.013916e-17
2.650000e+01 1.016640e-17 0.000000e+00 1.016640e-17
2.660000e+01 1.019307e-17 0.000000e+00 1.019307e-17
2.670000e+01 1.021973e-17 0.000000e+00 1.021973e-17
2.680000e+01 1.024970e-17 0.000000e+00 1.024970e-17
2.690000e+01 1.027970e-17 0.000000e+00 1.027970e-17
2.700000e+01 1.030970e-17 0.000000e+00 1.030970e-17
2.710000e+01 1.054265e-17 0.000000e+00 1.054265e-17
2.720000e+01 1.077765e-17 0.000000e+00 1.077765e-17
2.730000e+01 1.072555e-17 0.000000e+00 1.072555e-17
2.740000e+01 1.067055e-17 0.000000e+00 1.067055e-17
2.750000e+01 1.061555e-17 0.000000e+00 1.061555e-17
2.760000e+01 1.056055e-17 0.000000e+00 1.056055e-17
2.770000e+01 1.065240e-17 0.000000e+00 1.065240e-17
2.780000e+01 1.074573e-17 0.000000e+00 1.074573e-17
2.790000e+01 1.083907e-17 0.000000e+00 1.083907e-17
2.800000e+01 1.082350e-17 0.000000e+00 1.082350e-17
2.810000e+01 1.080683e-17 0.000000e+00 1.080683e-17
2.820000e+01 1.079017e-17 0.000000e+00 1.079017e-17
2.830000e+01 1.080650e-17 0.000000e+00 1.080650e-17
2.840000e+01 1.082317e-17 0.000000e+00 1.082317e-17
2.850000e+01 1.083983e-17 0.000000e+00 1.083983e-17
2.860000e+01 1.100500e-17 0.000000e+00 1.100500e-17
2.870000e+01 1.117167e-17 0.000000e+00 1.117167e-17
2.880000e+01 1.133833e-17 0.000000e+00 1.133833e-17
2.890000e+01 1.128060e-17 0.000000e+00 1.128060e-17
2.900000e+01 1.122060e-17 0.000000e+00 1.122060e-17
2.910000e+01 1.116060e-17 0.000000e+00 1.116060e-17
2.920000e+01 1.110060e-17 0.000000e+00 1.110060e-17
2.930000e+01 1.117260e-17 0.000000e+00 1.117260e-17
2.940000e+01 1.124593e-17 0.000000e+00 1.124593e-17
2.950000e+01 1.131927e-17 0.000000e+00 1.131927e-17
2.960000e+01 1.140910e-17 0.000000e+00 1.140910e-17
2.970000e+01 1.149910e-17 0.000000e+00 1.149910e-17
2.980000e+01 1.158910e-17 0.000000e+00 1.158910e-17
2.990000e+01 1.167910e-17 0.000000e+00 1.167910e-17
3.000000e+01 1.205950e-17 0.000000e+00 1.205950e-17
3.010000e+01 1.244283e-17 0.000000e+00 1.244283e-17
3.020000e+01 1.282617e-17 0.000000e+00 1.282617e-17
3.030000e+01 1.261715e-17 0.000000e+00 1.261715e-17
3.040000e+01 1.240215e-17 0.000000e+00 1.240215e-17
3.050000e+01 1.218715e-17 0.000000e+00 1.218715e-17
3.060000e+01 1.197215e-17 0.000000e+00 1.197215e-17
3.070000e+01 1.199722e-17 0.000000e+00 1.199722e-17
3.080000e+01 1.202472e-17 0.000000e+00 1.202472e-17
3.090000e+01 1.205222e-17 0.000000e+00 1.205222e-17
3.100000e+01 1.207972e-17 0.000000e+00 1.207972e-17
3.110000e+01 1.209237e-17 0.000000e+00 1.209237e-17
3.120000e+01 1.210487e-17 0.000000e+00 1.210487e-17
3.130000e+01 1.211737e-17 0.000000e+00 1.211737e-17
3.140000e+01 1.212987e-17 0.000000e+00 1.212987e-17
3.150000e+01 1.218692e-17 0.000000e+00 1.218692e-17
3.160000e+01 1.224442e-17 0.000000e+00 1.224442e-17
3.170000e+01 1.230192e-17 0.000000e+00 1.230192e-17
3.180000e+01 1.235942e-17 0.000000e+00 1.235942e-17
3.190000e+01 1.237732e-17 0.000000e+00 1.237732e-17
3.200000e+01 1.239482e-17 0.000000e+00 1.239482e-17
3.210000e+01 1.241232e-17 0.000000e+00 1.241232e-17
3.220000e+01 1.242982e-17 0.000000e+00 1.242982e-17
3.230000e+01 1.256117e-17 0.000000e+00 1.256117e-17
3.240000e+01 1.269367e-17 0.000000e+00 1.269367e-17
3.250000e+01 1.282617e-17 0.000000e+00 1.282617e-17
3.260000e+01 1.295867e-17 0.000000e+00 1.295867e-17
3.270000e+01 1.296594e-17 0.000000e+00 1.296594e-17
3.280000e+01 1.297194e-17 0.000000e+00 1.297194e-17
3.290000e+01 1.297794e-17 0.000000e+00 1.297794e-17
3.300000e+01 1.298394e-17 0.000000e+00 1.298394e-17
3.310000e+01 1.298994e-17 0.000000e+00 1.298994e-17
3.320000e+01 1.304197e-17 0.000000e+00 1.304197e-17
3.330000e+01 1.309447e-17 0.000000e+00 1.309447e-17
3.340000e+01 1.314697e-17 0.000000e+00 1.314697e-17
3.350000e+01 1.319947e-17 0.000000e+00 1.319947e-17
3.360000e+01 1.329702e-17 0.000000e+00 1.329702e-17
3.370000e+01 1.339502e-17 0.000000e+00 1.339502e-17
3.380000e+01 1.349302e-17 0.000000e+00 1.349302e-17
3.390000e+01 1.359102e-17 0.000000e+00 1.359102e-17
3.400000e+01 1.368902e-17 0.000000e+00 1.368902e-17
3.410000e+01 1.373950e-17 0.000000e+00 1.373950e-17
3.420000e+01 1.378950e-17 0.000000e+00 1.378950e-17
3.430000e+01 1.383950e-17 0.000000e+00 1.383950e-17
3.440000e+01 1.388950e-17 0.000000e+00 1.388950e-17
3.450000e+01 1.392168e-17 0.000000e+00 1.392168e-17
3.460000e+01 1.395368e-17 0.000000e+00 1.395368e-17
3.470000e+01 1.398568e-17 0.000000e+00 1.398568e-17
3.480000e+01 1.401768e-17 0.000000e+00 1.401768e-17
3.490000e+01 1.404968e-17 0.000000e+00 1.404968e-17
3.500000e+01 1.405000e-17 0.000000e+00 1.405000e-17
3.510000e+01 1.405000e-17 0.000000e+00 1.405000e-17
3.520000e+01 1.405000e-17 0.000000e+00 1.405000e-17
3.530000e+01 1.405000e-17 0.000000e+00 1.405000e-17
3.540000e+01 1.405000e-17 0.000000e+00 1.405000e-17
3.550000e+01 1.415296e-17 0.000000e+00 1.415296e-17
3.560000e+01 1.425696e-17 0.000000e+00 1.425696e-17
3.570000e+01 1.436096e-17 0.000000e+00 1.436096e-17
3.580000e+01 1.446496e-17 0.000000e+00 1.446496e-17
3.590000e+01 1.456896e-17 0.000000e+00 1.456896e-17
3.600000e+01 1.460135e-17 0.000000e+00 1.460135e-17
3.610000e+01 1.463302e-17 0.000000e+00 1.463302e-17
3.620000e+01 1.466468e-17 0.000000e+00 1.466468e-17
3.630000e+01 1.469635e-17 0.000000e+00 1.469635e-17
3.640000e+01 1.472802e-17 0.000000e+00 1.472802e-17
3.650000e+01 1.475968e-17 0.000000e+00 1.475968e-17
3.660000e+01 1.479564e-17 0.000000e+00 1.479564e-17
3.670000e+01 1.483164e-17 0.000000e+00 1.483164e-17
3.680000e+01 1.486764e-17 0.000000e+00 1.486764e-17
3.690000e+01 1.490364e-17 0.000000e+00 1.490364e-17
3.700000e+01 1.493964e-17 0.000000e+00 1.493964e-17
3.710000e+01 1.492845e-17 0.000000e+00 1.492845e-17
3.720000e+01 1.491678e-17 0.000000e+00 1.491678e-17
3.730000e+01 1.490512e-17 0.000000e+00 1.490512e-17
3.740000e+01 1.489345e-17 0.000000e+00 1.489345e-17
3.750000e+01 1.488178e-17 0.000000e+00 1.488178e-17
3.760000e+01 1.487012e-17 0.000000e+00 1.487012e-17
3.770000e+01 1.497494e-17 0.000000e+00 1.497494e-17
3.780000e+01 1.508094e-17 0.000000e+00 1.508094e-17
3.790000e+01 1.518694e-17 0.000000e+00 1.518694e-17
3.800000e+01 1.529294e-17 0.000000e+00 1.529294e-17
3.810000e+01 1.539894e-17 0.000000e+00 1.539894e-17
3.820000e+01 1.548415e-17 0.000000e+00 1.548415e-17
3.830000e+01 1.556915e-17 0.000000e+00 1.556915e-17
3.840000e+01 1.565415e-17 0.000000e+00 1.565415e-17
3.850000e+01 1.573915e-17 0.000000e+00 1.573915e-17
3.860000e+01 1.582415e-17 0.000000e+00 1.582415e-17
3.870000e+01 1.590915e-17 0.000000e+00 1.590915e-17
3.880000e+01 1.600193e-17 0.000000e+00 1.600193e-17
3.890000e+01 1.609479e-17 0.000000e+00 1.609479e-17
3.900000e+01 1.618764e-17 0.000000e+00 1.618764e-17
3.910000e+01 1.628050e-17 0.000000e+00 1.628050e-17
3.920000e+01 1.637336e-17 0.000000e+00 1.637336e-17
3.930000e+01 1.646621e-17 0.000000e+00 1.646621e-17
3.940000e+01 1.655907e-17 0.000000e+00 1.655907e-17
3.950000e+01 1.663095e-17 0.000000e+00 1.663095e-17
3.960000e+01 1.670262e-17 0.000000e+00 1.670262e-17
3.970000e+01 1.677428e-17 0.000000e+00 1.677428e-17
3.980000e+01 1.684595e-17 0.000000e+00 1.684595e-17
3.990000e+01 1.691762e-17 0.000000e+00 1.691762e-17
4.000000e+01 1.698928e-17 0.000000e+00 1.698928e-17
4.010000e+01 1.703384e-17 0.000000e+00 1.703384e-17
4.020000e+01 1.707813e-17 0.000000e+00 1.707813e-17
4.030000e+01 1.712241e-17 0.000000e+00 1.712241e-17
4.040000e+01 1.716670e-17 0.000000e+00 1.716670e-17
4.050000e+01 1.721099e-17 0.000000e+00 1.721099e-17
4.060000e+01 1.725527e-17 0.000000e+00 1.725527e-17
4.070000e+01 1.729956e-17 0.000000e+00 1.729956e-17
4.080000e+01 1.737920e-17 0.000000e+00 1.737920e-17
4.090000e+01 1.745920e-17 0.000000e+00 1.745920e-17
4.100000e+01 1.753920e-17 0.000000e+00 1.753920e-17
4.110000e+01 1.761920e-17 0.000000e+00 1.761920e-17
4.120000e+01 1.769920e-17 0.000000e+00 1.769920e-17
4.130000e+01 1.777920e-17 0.000000e+00 1.777920e-17
4.140000e+01 1.788749e-17 0.000000e+00 1.788749e-17
4.150000e+01 1.799606e-17 0.000000e+00 1.799606e-17
4.160000e+01 1.810463e-17 0.000000e+00 1.810463e-17
4.170000e+01 1.821320e-17 0.000000e+00 1.821320e-17
4.180000e+01 1.832177e-17 0.000000e+00 1.832177e-17
4.190000e+01 1.843034e-17 0.000000e+00 1.843034e-17
4.200000e+01 1.853891e-17 0.000000e+00 1.853891e-17
4.210000e+01 1.854990e-17 0.000000e+00 1.854990e-17
4.220000e+01 1.855990e-17 0.000000e+00 1.855990e-17
4.230000e+01 1.856990e-17 0.000000e+00 1.856990e-17
4.240000e+01 1.857990e-17 0.000000e+00 1.857990e-17
4.250000e+01 1.858990e-17 0.000000e+00 1.858990e-17
4.260000e+01 1.859990e-17 0.000000e+00 1.859990e-17
4.270000e+01 1.860990e-17 0.000000e+00 1.860990e-17
4.280000e+01 1.861990e-17 0.000000e+00 1.861990e-17
4.290000e+01 1.872890e-17 0.000000e+00 1.872890e-17
4.300000e+01 1.883890e-17 0.000000e+00 1.883890e-17
4.310000e+01 1.894890e-17 0.000000e+00 1.894890e-17
4.320000e+01 1.905890e-17 0.000000e+00 1.905890e-17
4.330000e+01 1.916890e-17 0.000000e+00 1.916890e-17
4.340000e+01 1.927890e-17 0.000000e+00 1.927890e-17
4.350000e+01 1.938890e-17 0.000000e+00 1.938890e-17
4.360000e+01 1.945187e-17 0.000000e+00 1.945187e-17
4.370000e+01 1.951437e-17 0.000000e+00 1.951437e-17
4.380000e+01 1.957687e-17 0.000000e+00 1.957687e-17
4.390000e+01 1.963937e-17 0.000000e+00 1.963937e-17
4.400000e+01 1.970187e-17 0.000000e+00 1.970187e-17
4.410000e+01 1.976437e-17 0.000000e+00 1.976437e-17
4.420000e+01 1.982687e-17 0.000000e+00 1.982687e-17
4.430000e+01 1.988937e-17 0.000000e+00 1.988937e-17
4.440000e+01 1.993084e-17 0.000000e+00 1.993084e-17
4.450000e+01 1.997209e-17 0.000000e+00 1.997209e-17
4.460000e+01 2.001334e-17 0.000000e+00 2.001334e-17
4.470000e+01 2.005459e-17 0.000000e+00 2.005459e-17
4.480000e+01 2.009584e-17 0.000000e+00 2.009584e-17
4.490000e+01 2.013709e-17 0.000000e+00 2.013709e-17
4.500000e+01 2.017834e-17 0.000000e+00 2.017834e-17
4.510000e+01 2.021959e-17 0.000000e+00 2.021959e-17
4.520000e+01 2.026084e-17 0.000000e+00 2.026084e-17
4.530000e+01 2.030209e-17 0.000000e+00 2.030209e-17
4.540000e+01 2.034334e-17 0.000000e+00 2.034334e-17
4.550000e+01 2.038459e-17 0.000000e+00 2.038459e-17
4.560000e+01 2.042584e-17 0.000000e+00 2.042584e-17
4.570000e+01 2.046709e-17 0.000000e+00 2.046709e-17
4.580000e+01 2.050834e-17 0.000000e+00 2.050834e-17
4.590000e+01 2.054959e-17 0.000000e+00 2.054959e-17
4.600000e+01 2.059510e-17 0.000000e+00 2.059510e-17
4.610000e+01 2.064066e-17 0.000000e+00 2.064066e-17
4.620000e+01 2.068621e-17 0.000000e+00 2.068621e-17
4.630000e+01 2.073177e-17 0.000000e+00 2.073177e-17
4.640000e+01 2.077732e-17 0.000000e+00 2.077732e-17
4.650000e+01 2.082288e-17 0.000000e+00 2.082288e-17
4.660000e+01 2.086843e-17 0.000000e+00 2.086843e-17
4.670000e+01 2.091399e-17 0.000000e+00 2.091399e-17
4.680000e+01 2.095954e-17 0.000000e+00 2.095954e-17
4.690000e+01 2.099190e-17 0.000000e+00 2.099190e-17
4.700000e+01 2.102412e-17 0.000000e+00 2.102412e-17
4.710000e+01 2.105634e-17 0.000000e+00 2.105634e-17
4.720000e+01 2.108857e-17 0.000000e+00 2.108857e-17
4.730000e+01 2.112079e-17 0.000000e+00 2.112079e-17
4.740000e+01 2.115301e-17 0.000000e+00 2.115301e-17
4.750000e+01 2.118523e-17 0.000000e+00 2.118523e-17
4.760000e+01 2.121746e-17 0.000000e+00 2.121746e-17
4.770000e+01 2.124968e-17 0.000000e+00 2.124968e-17
4.780000e+01 2.121480e-17 0.000000e+00 2.121480e-17
4.790000e+01 2.117924e-17 0.000000e+00 2.117924e-17
4.800000e+01 2.114369e-17 0.000000e+00 2.114369e-17
4.810000e+01 2.110813e-17 0.000000e+00 2.110813e-17
4.820000e+01 2.107258e-17 0.000000e+00 2.107258e-17
4.830000e+01 2.103702e-17 0.000000e+00 2.103702e-17
4.840000e+01 2.100147e-17 0.000000e+00 2.100147e-17
4.850000e+01 2.096591e-17 0.000000e+00 2.096591e-17
4.860000e+01 2.093036e-17 0.000000e+00 2.093036e-17
4.870000e+01 2.092604e-17 0.000000e+00 2.092604e-17
4.880000e+01 2.092204e-17 0.000000e+00 2.092204e-17
4.890000e+01 2.091804e-17 0.000000e+00 2.091804e-17
4.900000e+01 2.091404e-17 0.000000e+00 2.091404e-17
4.910000e+01 2.091004e-17 0.000000e+00 2.091004e-17
4.920000e+01 2.090604e-17 0.000000e+00 2.090604e-17
4.930000e+01 2.090204e-17 0.000000e+00 2.090204e-17
4.940000e+01 2.089804e-17 0.000000e+00 2.089804e-17
4.950000e+01 2.089404e-17 0.000000e+00 2.089404e-17
4.960000e+01 2.089004e-17 0.000000e+00 2.089004e-17
4.970000e+01 2.091079e-17 0.000000e+00 2.091079e-17
4.980000e+01 2.093179e-17 0.000000e+00 2.093179e-17
4.990000e+01 2.095279e-17 0.000000e+00 2.095279e-17
5.000000e+01 2.097379e-17 0.000000e+00 2.097379e-17
5.010000e+01 2.099479e-17 0.000000e+00 2.099479e-17
5.020000e+01 2.101579e-17 0.000000e+00 2.101579e-17
5.030000e+01 2.103679e-17 0.000000e+00 2.103679e-17
5.040000e+01 2.105779e-17 0.000000e+00 2.105779e-17
5.050000e+01 2.107879e-17 0.000000e+00 2.107879e-17
5.060000e+01 2.109979e-17 0.000000e+00 2.109979e-17
5.070000e+01 2.112520e-17 0.000000e+00 2.112520e-17
5.080000e+01 2.115065e-17 0.000000e+00 2.115065e-17
5.090000e+01 2.117611e-17 0.000000e+00 2.117611e-17
5.100000e+01 2.120156e-17 0.000000e+00 2.120156e-17
5.110000e+01 2.122702e-17 0.000000e+00 2.122702e-17
5.120000e+01 2.125247e-17 0.000000e+00 2.125247e-17
5.130000e+01 2.127793e-17 0.000000e+00 2.127793e-17
5.140000e+01 2.130338e-17 0.000000e+00 2.130338e-17
5.150000e+01 2.132884e-17 0.000000e+00 2.132884e-17
5.160000e+01 2.135429e-17 0.000000e+00 2.135429e-17
5.170000e+01 2.137975e-17 0.000000e+00 2.137975e-17
5.180000e+01 2.139080e-17 0.000000e+00 2.139080e-17
5.190000e+01 2.140171e-17 0.000000e+00 2.140171e-17
5.200000e+01 2.141262e-17 0.000000e+00 2.141262e-17
5.210000e+01 2.142353e-17 0.000000e+00 2.142353e-17
5.220000e+01 2.143444e-17 0.000000e+00 2.143444e-17
5.230000e+01 2.144535e-17 0.000000e+00 2.144535e-17
5.240000e+01 2.145625e-17 0.000000e+00 2.145625e-17
5.250000e+01 2.146716e-17 0.000000e+00 2.146716e-17
5.260000e+01 2.147807e-17 0.000000e+00 2.147807e-17
5.270000e+01 2.148898e-17 0.000000e+00 2.148898e-17
5.280000e+01 2.149989e-17 0.000000e+00 2.149989e-17
5.290000e+01 2.152070e-17 0.000000e+00 2.152070e-17
5.300000e+01 2.154161e-17 0.000000e+00 2.154161e-17
5.310000e+01 2.156252e-17 0.000000e+00 2.156252e-17
5.320000e+01 2.158343e-17 0.000000e+00 2.158343e-17
5.330000e+01 2.160434e-17 0.000000e+00 2.160434e-17
5.340000e+01 2.162525e-17 0.000000e+00 2.162525e-17
5.350000e+01 2.164615e-17 0.000000e+00 2.164615e-17
5.360000e+01 2.166706e-17 0.000000e+00 2.166706e-17
5.370000e+01 2.168797e-17 0.000000e+00 2.168797e-17
5.380000e+01 2.170888e-17 0.000000e+00 2.170888e-17
5.390000e+01 2.172979e-17 0.000000e+00 2.172979e-17
5.400000e+01 2.172588e-17 0.000000e+00 2.172588e-17
5.410000e+01 2.172171e-17 0.000000e+00 2.172171e-17
5.420000e+01 2.171754e-17 0.000000e+00 2.171754e-17
5.430000e+01 2.171338e-17 0.000000e+00 2.171338e-17
5.440000e+01 2.170921e-17 0.000000e+00 2.170921e-17
5.450000e+01 2.170504e-17 0.000000e+00 2.170504e-17
5.460000e+01 2.170088e-17 0.000000e+00 2.170088e-17
5.470000e+01 2.169671e-17 0.000000e+00 2.169671e-17
5.480000e+01 2.169254e-17 0.000000e+00 2.169254e-17
5.490000e+01 2.168838e-17 0.000000e+00 2.168838e-17
5.500000e+01 2.168421e-17 0.000000e+00 2.168421e-17
5.510000e+01 2.168004e-17 0.000000e+00 2.168004e-17
5.520000e+01 2.171884e-17 0.000000e+00 2.171884e-17
5.530000e+01 2.175807e-17 0.000000e+00 2.175807e-17
5.540000e+01 2.179730e-17 0.000000e+00 2.179730e-17
5.550000e+01 2.183653e-17 0.000000e+00 2.183653e-17
5.560000e+01 2.187576e-17 0.000000e+00 2.187576e-17
5.570000e+01 2.191499e-17 0.000000e+00 2.191499e-17
5.580000e+01 2.195422e-17 0.000000e+00 2.195422e-17
5.590000e+01 2.199345e-17 0.000000e+00 2.199345e-17
5.600000e+01 2.203268e-17 0.000000e+00 2.203268e-17
5.610000e+01 2.207192e-17 0.000000e+00 2.207192e-17
5.620000e+01 2.211115e-17 0.000000e+00 2.211115e-17
5.630000e+01 2.215038e-17 0.000000e+00 2.215038e-17
5.640000e+01 2.218961e-17 0.000000e+00 2.218961e-17
5.650000e+01 2.218391e-17 0.000000e+00 2.218391e-17
5.660000e+01 2.217775e-17 0.000000e+00 2.217775e-17
5.670000e+01 2.217160e-17 0.000000e+00 2.217160e-17
5.680000e+01 2.216545e-17 0.000000e+00 2.216545e-17
5.690000e+01 2.215929e-17 0.000000e+00 2.215929e-17
5.700000e+01 2.215314e-17 0.000000e+00 2.215314e-17
5.710000e+01 2.214698e-17 0.000000e+00 2.214698e-17
5.720000e+01 2.214083e-17 0.000000e+00 2.214083e-17
5.730000e+01 2.213468e-17 0.000000e+00 2.213468e-17
5.740000e+01 2.212852e-17 0.000000e+00 2.212852e-17
5.750000e+01 2.212237e-17 0.000000e+00 2.212237e-17
5.760000e+01 2.211622e-17 0.000000e+00 2.211622e-17
5.770000e+01 2.211006e-17 0.000000e+00 2.211006e-17
5.780000e+01 2.211305e-17 0.000000e+00 2.211305e-17
5.790000e+01 2.211612e-17 0.000000e+00 2.211612e-17
5.800000e+01 2.211920e-17 0.000000e+00 2.211920e-17
5.810000e+01 2.212228e-17 0.000000e+00 2.212228e-17
5.820000e+01 2.212535e-17 0.000000e+00 2.212535e-17
5.830000e+01 2.212843e-17 0.000000e+00 2.212843e-17
5.840000e+01 2.213151e-17 0.000000e+00 2.213151e-17
5.850000e+01 2.213458e-17 0.000000e+00 2.213458e-17
5.860000e+01 2.213766e-17 0.000000e+00 2.213766e-17
5.870000e+01 2.214074e-17 0.000000e+00 2.214074e-17
5.880000e+01 2.214382e-17 0.000000e+00 2.214382e-17
5.890000e+01 2.214689e-17 0.000000e+00 2.214689e-17
5.900000e+01 2.214997e-17 0.000000e+00 2.214997e-17
5.910000e+01 2.215858e-17 0.000000e+00 2.215858e-17
5.920000e+01 2.216725e-17 0.000000e+00 2.216725e-17
5.930000e+01 2.217591e-17 0.000000e+00 2.217591e-17
5.940000e+01 2.218458e-17 0.000000e+00 2.218458e-17
5.950000e+01 2.219325e-17 0.000000e+00 2.219325e-17
5.960000e+01 2.220191e-17 0.000000e+00 2.220191e-17
5.970000e+01 2.221058e-17 0.000000e+00 2.221058e-17
5.980000e+01 2.221925e-17 0.000000e+00 2.221925e-17
5.990000e+01 2.222791e-17 0.000000e+00 2.222791e-17
6.000000e+01 2.223658e-17 0.000000e+00 2.223658e-17
6.010000e+01 2.224525e-17 0.000000e+00 2.224525e-17
6.020000e+01 2.225391e-17 0.000000e+00 2.225391e-17
6.030000e+01 2.226258e-17 0.000000e+00 2.226258e-17
6.040000e+01 2.227125e-17 0.000000e+00 2.227125e-17
6.050000e+01 2.227991e-17 0.000000e+00 2.227991e-17
6.060000e+01 2.225624e-17 0.000000e+00 2.225624e-17
6.070000e+01 2.223224e-17 0.000000e+00 2.223224e-17
6.080000e+01 2.220824e-17 0.000000e+00 2.220824e-17
6.090000e+01 2.218424e-17 0.000000e+00 2.218424e-17
6.100000e+01 2.216024e-17 0.000000e+00 2.216024e-17
6.110000e+01 2.213624e-17 0.000000e+00 2.213624e-17
6.120000e+01 2.211224e-17 0.000000e+00 2.211224e-17
6.130000e+01 2.208824e-17 0.000000e+00 2.208824e-17
6.140000e+01 2.206424e-17 0.000000e+00 2.206424e-17
6.150000e+01 2.204024e-17 0.000000e+00 2.204024e-17
6.160000e+01 2.201624e-17 0.000000e+00 2.201624e-17
6.170000e+01 2.199224e-17 0.000000e+00 2.199224e-17
6.180000e+01 2.196824e-17 0.000000e+00 2.196824e-17
6.190000e+01 2.194424e-17 0.000000e+00 2.194424e-17
6.200000e+01 2.215185e-17 0.000000e+00 2.215185e-17
6.210000e+01 2.192987e-17 0.000000e+00 2.192987e-17
6.220000e+01 2.196887e-17 0.000000e+00 2.196887e-17
6.230000e+01 2.205864e-17 0.000000e+00 2.205864e-17
6.240000e+01 2.206533e-17 0.000000e+00 2.206533e-17
6.250000e+01 2.198448e-17 0.000000e+00 2.198448e-17
6.260000e+01 2.186339e-17 0.000000e+00 2.186339e-17
6.270000e+01 2.171945e-17 0.000000e+00 2.171945e-17
6.280000e+01 2.179134e-17 0.000000e+00 2.179134e-17
6.290000e+01 2.202725e-17 0.000000e+00 2.202725e-17
6.300000e+01 2.185688e-17 0.000000e+00 2.185688e-17
6.310000e+01 2.150812e-17 0.000000e+00 2.150812e-17
6.320000e+01 2.157783e-17 0.000000e+00 2.157783e-17
6.330000e+01 2.164753e-17 0.000000e+00 2.164753e-17
6.340000e+01 2.152639e-17 0.000000e+00 2.152639e-17
6.350000e+01 2.138574e-17 0.000000e+00 2.138574e-17
6.360000e+01 2.141643e-17 0.000000e+00 2.141643e-17
6.370000e+01 2.149286e-17 0.000000e+00 2.149286e-17
6.380000e+01 2.137014e-17 0.000000e+00 2.137014e-17
6.390000e+01 2.121592e-17 0.000000e+00 2.121592e-17
6.400000e+01 2.141752e-17 0.000000e+00 2.141752e-17
6.410000e+01 2.164491e-17 0.000000e+00 2.164491e-17
6.420000e+01 2.142583e-17 0.000000e+00 2.142583e-17
6.430000e+01 2.121178e-17 0.000000e+00 2.121178e-17
6.440000e+01 2.154869e-17 0.000000e+00 2.154869e-17
6.450000e+01 2.181559e-17 0.000000e+00 2.181559e-17
6.460000e+01 2.188983e-17 0.000000e+00 2.188983e-17
6.470000e+01 2.182383e-17 0.000000e+00 2.182383e-17
6.480000e+01 2.140152e-17 0.000000e+00 2.140152e-17
6.490000e+01 2.116124e-17 0.000000e+00 2.116124e-17
6.500000e+01 2.108663e-17 0.000000e+00 2.108663e-17
6.510000e+01 2.122187e-17 0.000000e+00 2.122187e-17
6.520000e+01 2.155103e-17 0.000000e+00 2.155103e-17
6.530000e+01 2.228573e-17 0.000000e+00 2.228573e-17
6.540000e+01 2.219713e-17 0.000000e+00 2.219713e-17
6.550000e+01 2.204937e-17 0.000000e+00 2.204937e-17
6.560000e+01 2.123490e-17 0.000000e+00 2.123490e-17
6.570000e+01 2.154254e-17 0.000000e+00 2.154254e-17
6.580000e+01 2.202548e-17 0.000000e+00 2.202548e-17
6.590000e+01 2.180866e-17 0.000000e+00 2.180866e-17
6.600000e+01 2.169188e-17 0.000000e+00 2.169188e-17
6.610000e+01 2.193215e-17 0.000000e+00 2.193215e-17
6.620000e+01 2.245657e-17 0.000000e+00 2.245657e-17
6.630000e+01 2.321674e-17 0.000000e+00 2.321674e-17
6.640000e+01 2.294137e-17 0.000000e+00 2.294137e-17
6.650000e+01 2.250872e-17 0.000000e+00 2.250872e-17
6.660000e+01 2.195886e-17 0.000000e+00 2.195886e-17
6.670000e+01 2.178167e-17 0.000000e+00 2.178167e-17
6.680000e+01 2.169026e-17 0.000000e+00 2.169026e-17
6.690000e+01 2.241522e-17 0.000000e+00 2.241522e-17
6.700000e+01 2.431218e-17 0.000000e+00 2.431218e-17
6.710000e+01 2.498969e-17 0.000000e+00 2.498969e-17
6.720000e+01 2.467573e-17 0.000000e+00 2.467573e-17
6.730000e+01 2.369841e-17 0.000000e+00 2.369841e-17
6.740000e+01 2.251094e-17 0.000000e+00 2.251094e-17
6.750000e+01 2.190233e-17 0.000000e+00 2.190233e-17
6.760000e+01 2.136966e-17 0.000000e+00 2.136966e-17
6.770000e+01 2.083810e-17 0.000000e+00 2.083810e-17
6.780000e+01 2.067299e-17 0.000000e+00 2.067299e-17
6.790000e+01 2.082477e-17 0.000000e+00 2.082477e-17
6.800000e+01 2.173155e-17 0.000000e+00 2.173155e-17
6.810000e+01 2.316881e-17 0.000000e+00 2.316881e-17
6.820000e+01 2.362321e-17 0.000000e+00 2.362321e-17
6.830000e+01 2.377679e-17 0.000000e+00 2.377679e-17
6.840000e+01 2.306614e-17 0.000000e+00 2.306614e-17
6.850000e+01 2.264109e-17 0.000000e+00 2.264109e-17
6.860000e+01 2.237338e-17 0.000000e+00 2.237338e-17
6.870000e+01 2.237524e-17 0.000000e+00 2.237524e-17
6.880000e+01 2.274320e-17 0.000000e+00 2.274320e-17
6.890000e+01 2.324022e-17 0.000000e+00 2.324022e-17
6.900000e+01 2.392235e-17 0.000000e+00 2.392235e-17
6.910000e+01 2.412791e-17 0.000000e+00 2.412791e-17
6.920000e+01 2.427412e-17 0.000000e+00 2.427412e-17
6.930000e+01 2.360845e-17 0.000000e+00 2.360845e-17
6.940000e+01 2.315289e-17 0.000000e+00 2.315289e-17
6.950000e+01 2.328158e-17 0.000000e+00 2.328158e-17
6.960000e+01 2.340546e-17 0.000000e+00 2.340546e-17
6.970000e+01 2.346278e-17 0.000000e+00 2.346278e-17
6.980000e+01 2.352010e-17 0.000000e+00 2.352010e-17
6.990000e+01 2.372630e-17 0.000000e+00 2.372630e-17
7.000000e+01 2.408178e-17 0.000000e+00 2.408178e-17
7.010000e+01 2.431575e-17 0.000000e+00 2.431575e-17
7.020000e+01 2.437872e-17 0.000000e+00 2.437872e-17
7.030000e+01 2.447952e-17 0.000000e+00 2.447952e-17
7.040000e+01 2.504045e-17 0.000000e+00 2.504045e-17
7.050000e+01 2.553087e-17 0.000000e+00 2.553087e-17
7.060000e+01 2.577982e-17 0.000000e+00 2.577982e-17
7.070000e+01 2.602876e-17 0.000000e+00 2.602876e-17
7.080000e+01 2.606661e-17 0.000000e+00 2.606661e-17
7.090000e+01 2.606615e-17 0.000000e+00 2.606615e-17
7.100000e+01 2.636062e-17 0.000000e+00 2.636062e-17
7.110000e+01 2.707216e-17 0.000000e+00 2.707216e-17
7.120000e+01 2.836835e-17 0.000000e+00 2.836835e-17
7.130000e+01 2.910549e-17 0.000000e+00 2.910549e-17
7.140000e+01 2.962904e-17 0.000000e+00 2.962904e-17
7.150000e+01 3.068502e-17 0.000000e+00 3.068502e-17
7.160000e+01 3.140420e-17 0.000000e+00 3.140420e-17
7.170000e+01 3.140377e-17 0.000000e+00 3.140377e-17
7.180000e+01 3.114127e-17 0.000000e+00 3.114127e-17
7.190000e+01 3.082791e-17 0.000000e+00 3.082791e-17
7.200000e+01 3.171202e-17 0.000000e+00 3.171202e-17
7.210000e+01 3.229146e-17 0.000000e+00 3.229146e-17
7.220000e+01 3.255959e-17 0.000000e+00 3.255959e-17
7.230000e+01 3.270762e-17 0.000000e+00 3.270762e-17
7.240000e+01 3.347469e-17 0.000000e+00 3.347469e-17
7.250000e+01 3.666133e-17 0.000000e+00 3.666133e-17
7.260000e+01 4.174829e-17 0.000000e+00 4.174829e-17
7.270000e+01 3.661151e-17 0.000000e+00 3.661151e-17
7.280000e+01 3.010800e-17 0.000000e+00 3.010800e-17
7.290000e+01 2.436536e-17 0.000000e+00 2.436536e-17
7.300000e+01 2.379845e-17 0.000000e+00 2.379845e-17
7.310000e+01 2.421591e-17 0.000000e+00 2.421591e-17
7.320000e+01 2.526351e-17 0.000000e+00 2.526351e-17
7.330000e+01 2.623804e-17 0.000000e+00 2.623804e-17
7.340000e+01 2.584663e-17 0.000000e+00 2.584663e-17
7.350000e+01 2.669961e-17 0.000000e+00 2.669961e-17
7.360000e+01 2.624142e-17 0.000000e+00 2.624142e-17
7.370000e+01 2.484105e-17 0.000000e+00 2.484105e-17
7.380000e+01 2.465052e-17 0.000000e+00 2.465052e-17
7.390000e+01 2.558359e-17 0.000000e+00 2.558359e-17
7.400000e+01 2.691883e-17 0.000000e+00 2.691883e-17
7.410000e+01 2.810107e-17 0.000000e+00 2.810107e-17
7.420000e+01 2.774017e-17 0.000000e+00 2.774017e-17
7.430000e+01 2.498480e-17 0.000000e+00 2.498480e-17
7.440000e+01 2.351955e-17 0.000000e+00 2.351955e-17
7.450000e+01 2.410407e-17 0.000000e+00 2.410407e-17
7.460000e+01 2.493130e-17 0.000000e+00 2.493130e-17
7.470000e+01 2.613203e-17 0.000000e+00 2.613203e-17
7.480000e+01 2.759427e-17 0.000000e+00 2.759427e-17
7.490000e+01 2.782828e-17 0.000000e+00 2.782828e-17
7.500000e+01 2.718706e-17 0.000000e+00 2.718706e-17
7.510000e+01 2.636986e-17 0.000000e+00 2.636986e-17
7.520000e+01 2.517656e-17 0.000000e+00 2.517656e-17
7.530000e+01 2.282605e-17 0.000000e+00 2.282605e-17
7.540000e+01 2.348868e-17 0.000000e+00 2.348868e-17
7.550000e+01 2.588135e-17 0.000000e+00 2.588135e-17
7.560000e+01 2.817990e-17 0.000000e+00 2.817990e-17
7.570000e+01 2.920094e-17 0.000000e+00 2.920094e-17
7.580000e+01 2.780505e-17 0.000000e+00 2.780505e-17
7.590000e+01 2.366773e-17 0.000000e+00 2.366773e-17
7.600000e+01 2.126818e-17 0.000000e+00 2.126818e-17
7.610000e+01 1.998270e-17 0.000000e+00 1.998270e-17
7.620000e+01 2.258677e-17 0.000000e+00 2.258677e-17
7.630000e+01 2.598421e-17 0.000000e+00 2.598421e-17
7.640000e+01 2.805620e-17 0.000000e+00 2.805620e-17
7.650000e+01 2.930651e-17 0.000000e+00 2.930651e-17
7.660000e+01 2.656990e-17 0.000000e+00 2.656990e-17
7.670000e+01 2.363803e-17 0.000000e+00 2.363803e-17
7.680000e+01 2.195222e-17 0.000000e+00 2.195222e-17
7.690000e+01 1.893984e-17 0.000000e+00 1.893984e-17
7.700000e+01 1.846410e-17 0.000000e+00 1.846410e-17
7.710000e+01 2.068664e-17 0.000000e+00 2.068664e-17
7.720000e+01 2.386894e-17 0.000000e+00 2.386894e-17
7.730000e+01 2.681538e-17 0.000000e+00 2.681538e-17
7.740000e+01 2.764449e-17 0.000000e+00 2.764449e-17
7.750000e+01 2.524027e-17 0.000000e+00 2.524027e-17
7.760000e+01 2.229496e-17 0.000000e+00 2.229496e-17
7.770000e+01 1.964563e-17 0.000000e+00 1.964563e-17
7.780000e+01 1.796424e-17 0.000000e+00 1.796424e-17
7.790000e+01 1.911999e-17 0.000000e+00 1.911999e-17
7.800000e+01 2.319985e-17 0.000000e+00 2.319985e-17
7.810000e+01 2.714941e-17 0.000000e+00 2.714941e-17
7.820000e+01 2.986694e-17 0.000000e+00 2.986694e-17
7.830000e+01 2.920191e-17 0.000000e+00 2.920191e-17
7.840000e+01 2.199291e-17 0.000000e+00 2.199291e-17
7.850000e+01 1.873826e-17 0.000000e+00 1.873826e-17
7.860000e+01 1.823410e-17 0.000000e+00 1.823410e-17
7.870000e+01 2.083574e-17 0.000000e+00 2.083574e-17
7.880000e+01 2.686703e-17 0.000000e+00 2.686703e-17
7.890000e+01 3.038503e-17 0.000000e+00 3.038503e-17
7.900000e+01 3.127078e-17 0.000000e+00 3.127078e-17
7.910000e+01 2.819451e-17 0.000000e+00 2.819451e-17
7.920000e+01 2.381618e-17 0.000000e+00 2.381618e-17
7.930000e+01 2.184458e-17 0.000000e+00 2.184458e-17
7.940000e+01 1.954954e-17 0.000000e+00 1.954954e-17
7.950000e+01 2.094596e-17 0.000000e+00 2.094596e-17
7.960000e+01 2.540302e-17 0.000000e+00 2.540302e-17
7.970000e+01 2.855629e-17 0.000000e+00 2.855629e-17
7.980000e+01 3.377786e-17 0.000000e+00 3.377786e-17
7.990000e+01 3.222689e-17 0.000000e+00 3.222689e-17
8.000000e+01 2.628377e-17 0.000000e+00 2.628377e-17
8.010000e+01 2.196886e-17 0.000000e+00 2.196886e-17
8.020000e+01 1.793343e-17 0.000000e+00 1.793343e-17
8.030000e+01 1.736847e-17 0.000000e+00 1.736847e-17
8.040000e+01 2.178641e-17 0.000000e+00 2.178641e-17
8.050000e+01 2.508944e-17 0.000000e+00 2.508944e-17
8.060000e+01 2.935129e-17 0.000000e+00 2.935129e-17
8.070000e+01 3.541513e-17 0.000000e+00 3.541513e-17
8.080000e+01 3.965718e-17 0.000000e+00 3.965718e-17
8.090000e+01 3.545609e-17 0.000000e+00 3.545609e-17
8.100000e+01 2.688548e-17 0.000000e+00 2.688548e-17
8.110000e+01 2.064521e-17 0.000000e+00 2.064521e-17
8.120000e+01 1.975533e-17 0.000000e+00 1.975533e-17
8.130000e+01 2.255798e-17 0.000000e+00 2.255798e-17
8.140000e+01 2.596448e-17 0.000000e+00 2.596448e-17
8.150000e+01 2.778955e-17 0.000000e+00 2.778955e-17
8.160000e+01 3.084074e-17 0.000000e+00 3.084074e-17
8.170000e+01 3.402154e-17 0.000000e+00 3.402154e-17
8.180000e+01 3.502691e-17 0.000000e+00 3.502691e-17
8.190000e+01 3.047343e-17 0.000000e+00 3.047343e-17
8.200000e+01 2.335487e-17 0.000000e+00 2.335487e-17
8.210000e+01 2.127358e-17 0.000000e+00 2.127358e-17
8.220000e+01 1.986205e-17 0.000000e+00 1.986205e-17
8.230000e+01 2.027976e-17 0.000000e+00 2.027976e-17
8.240000e+01 2.242932e-17 0.000000e+00 2.242932e-17
8.250000e+01 2.633732e-17 0.000000e+00 2.633732e-17
8.260000e+01 2.719218e-17 0.000000e+00 2.719218e-17
8.270000e+01 2.748303e-17 0.000000e+00 2.748303e-17
8.280000e+01 2.694670e-17 0.000000e+00 2.694670e-17
8.290000e+01 2.564305e-17 0.000000e+00 2.564305e-17
8.300000e+01 2.216531e-17 0.000000e+00 2.216531e-17
8.310000e+01 2.013058e-17 0.000000e+00 2.013058e-17
8.320000e+01 2.036078e-17 0.000000e+00 2.036078e-17
8.330000e+01 2.059098e-17 0.000000e+00 2.059098e-17
8.340000e+01 2.180609e-17 0.000000e+00 2.180609e-17
8.350000e+01 2.415950e-17 0.000000e+00 2.415950e-17
8.360000e+01 2.600040e-17 0.000000e+00 2.600040e-17
8.370000e+01 2.729521e-17 0.000000e+00 2.729521e-17
8.380000e+01 2.594530e-17 0.000000e+00 2.594530e-17
8.390000e+01 2.077692e-17 0.000000e+00 2.077692e-17
8.400000e+01 2.023766e-17 0.000000e+00 2.023766e-17
8.410000e+01 1.969840e-17 0.000000e+00 1.969840e-17
8.420000e+01 2.040489e-17 0.000000e+00 2.040489e-17
8.430000e+01 2.137287e-17 0.000000e+00 2.137287e-17
8.440000e+01 2.246701e-17 0.000000e+00 2.246701e-17
8.450000e+01 2.333278e-17 0.000000e+00 2.333278e-17
8.460000e+01 2.488841e-17 0.000000e+00 2.488841e-17
8.470000e+01 2.682347e-17 0.000000e+00 2.682347e-17
8.480000e+01 2.878603e-17 0.000000e+00 2.878603e-17
8.490000e+01 3.018135e-17 0.000000e+00 3.018135e-17
8.500000e+01 3.086996e-17 0.000000e+00 3.086996e-17
8.510000e+01 3.052922e-17 0.000000e+00 3.052922e-17
8.520000e+01 2.921251e-17 0.000000e+00 2.921251e-17
8.530000e+01 2.789580e-17 0.000000e+00 2.789580e-17
8.540000e+01 2.714021e-17 0.000000e+00 2.714021e-17
8.550000e+01 2.644504e-17 0.000000e+00 2.644504e-17
8.560000e+01 2.611315e-17 0.000000e+00 2.611315e-17
8.570000e+01 2.578127e-17 0.000000e+00 2.578127e-17
8.580000e+01 2.582449e-17 0.000000e+00 2.582449e-17
8.590000e+01 2.657123e-17 0.000000e+00 2.657123e-17
8.600000e+01 2.757406e-17 0.000000e+00 2.757406e-17
8.610000e+01 2.912829e-17 0.000000e+00 2.912829e-17
8.620000e+01 3.130322e-17 0.000000e+00 3.130322e-17
8.630000e+01 3.347816e-17 0.000000e+00 3.347816e-17
8.640000e+01 3.565309e-17 0.000000e+00 3.565309e-17
8.650000e+01 3.696465e-17 0.000000e+00 3.696465e-17
8.660000e+01 3.757345e-17 0.000000e+00 3.757345e-17
8.670000e+01 3.782116e-17 0.000000e+00 3.782116e-17
8.680000e+01 3.798637e-17 0.000000e+00 3.798637e-17
8.690000e+01 3.777249e-17 0.000000e+00 3.777249e-17
8.700000e+01 3.755861e-17 0.000000e+00 3.755861e-17
8.710000e+01 3.817963e-17 0.000000e+00 3.817963e-17
8.720000e+01 3.831089e-17 0.000000e+00 3.831089e-17
8.730000e+01 3.426656e-17 0.000000e+00 3.426656e-17
8.740000e+01 3.186230e-17 0.000000e+00 3.186230e-17
8.750000e+01 2.929526e-17 0.000000e+00 2.929526e-17
8.760000e+01 2.849097e-17 0.000000e+00 2.849097e-17
8.770000e+01 2.978752e-17 0.000000e+00 2.978752e-17
8.780000e+01 3.210133e-17 0.000000e+00 3.210133e-17
8.790000e+01 3.794409e-17 0.000000e+00 3.794409e-17
8.800000e+01 4.309477e-17 0.000000e+00 4.309477e-17
8.810000e+01 4.739863e-17 0.000000e+00 4.739863e-17
8.820000e+01 4.939604e-17 0.000000e+00 4.939604e-17
8.830000e+01 4.774141e-17 0.000000e+00 4.774141e-17
8.840000e+01 4.322200e-17 0.000000e+00 4.322200e-17
8.850000e+01 3.912188e-17 2.963534e-17 9.486542e-18
8.860000e+01 3.928516e-17 3.928516e-17 0.000000e+00
8.870000e+01 3.994221e-17 3.994221e-17 0.000000e+00
8.880000e+01 4.534858e-17 4.534858e-17 0.000000e+00
8.890000e+01 5.383624e-17 5.383624e-17 0.000000e+00
8.900000e+01 5.964364e-17 5.964364e-17 0.000000e+00
8.910000e+01 6.223386e-17 6.223386e-17 0.000000e+00
8.920000e+01 6.117101e-17 6.117101e-17 0.000000e+00
8.930000e+01 5.280212e-17 5.280212e-17 0.000000e+00
8.940000e+01 4.554836e-17 4.554836e-17 0.000000e+00
8.950000e+01 4.386887e-17 4.386887e-17 0.000000e+00
8.960000e+01 4.583444e-17 4.583444e-17 0.000000e+00
8.970000e+01 4.848601e-17 4.848601e-17 0.000000e+00
8.980000e+01 5.031602e-17 5.031602e-17 0.000000e+00
8.990000e+01 4.644158e-17 4.644158e-17 0.000000e+00
9.000000e+01 3.824782e-17 3.824782e-17 0.000000e+00
9.010000e+01 3.565231e-17 3.565231e-17 0.000000e+00
9.020000e+01 3.654816e-17 3.654816e-17 0.000000e+00
9.030000e+01 4.032123e-17 4.032123e-17 0.000000e+00
9.040000e+01 5.356066e-17 5.356066e-17 0.000000e+00
9.050000e+01 6.165578e-17 6.165578e-17 0.000000e+00
9.060000e+01 6.518307e-17 6.518307e-17 0.000000e+00
9.070000e+01 7.099864e-17 7.099864e-17 0.000000e+00
9.080000e+01 7.057208e-17 7.057208e-17 0.000000e+00
9.090000e+01 6.636306e-17 6.636306e-17 0.000000e+00
9.100000e+01 6.106502e-17 6.106502e-17 0.000000e+00
9.110000e+01 5.260835e-17 5.260835e-17 0.000000e+00
9.120000e+01 3.058338e-17 3.056930e-17 0.000000e+00
9.130000e+01 9.372904e-17 9.353306e-17 0.000000e+00
9.140000e+01 1.049756e-16 1.047467e-16 0.000000e+00
9.150000e+01 2.708057e-17 2.705932e-17 0.000000e+00
9.160000e+01 3.540802e-17 3.539055e-17 0.000000e+00
9.170000e+01 9.085016e-17 9.082734e-17 0.000000e+00
9.180000e+01 8.082515e-17 8.080896e-17 0.000000e+00
9.190000e+01 1.349527e-17 1.348737e-17 0.000000e+00
9.200000e+01 1.727593e-17 1.725662e-17 0.000000e+00
9.210000e+01 6.822993e-18 6.810960e-18 0.000000e+00
9.220000e+01 2.110574e-17 2.110149e-17 0.000000e+00
9.230000e+01 2.238318e-17 2.237867e-17 0.000000e+00
9.240000e+01 1.979802e-17 1.979034e-17 0.000000e+00
9.250000e+01 7.841270e-17 7.836115e-17 0.000000e+00
9.260000e+01 6.968888e-17 6.963975e-17 0.000000e+00
9.270000e+01 9.889874e-18 9.884824e-18 0.000000e+00
9.280000e+01 2.421795e-17 2.420111e-17 0.000000e+00
9.290000e+01 3.100978e-17 3.099163e-17 0.000000e+00
9.300000e+01 2.780174e-17 2.779620e-17 0.000000e+00
9.310000e+01 8.194182e-17 8.192559e-17 0.000000e+00
9.320000e+01 1.000155e-16 9.999898e-17 0.000000e+00
9.330000e+01 7.732532e-17 7.729946e-17 0.000000e+00
9.340000e+01 3.913766e-17 3.911613e-17 0.000000e+00
9.350000e+01 1.448188e-17 1.448042e-17 0.000000e+00
9.360000e+01 1.406491e-17 1.406348e-17 0.000000e+00
9.370000e+01 4.933025e-19 4.932062e-19 0.000000e+00
9.380000e+01 6.569029e-19 6.567337e-19 0.000000e+00
9.390000e+01 4.692393e-17 4.691443e-17 0.000000e+00
9.400000e+01 7.804691e-17 7.803004e-17 0.000000e+00
9.410000e+01 1.439602e-16 1.437351e-16 0.000000e+00
9.420000e+01 1.126352e-16 1.124173e-16 0.000000e+00
9.430000e+01 3.635243e-19 3.632236e-19 0.000000e+00
9.440000e+01 2.037239e-19 2.036087e-19 0.000000e+00
9.450000e+01 1.047432e-18 1.046918e-18 0.000000e+00
9.460000e+01 2.842278e-17 2.840859e-17 0.000000e+00
9.470000e+01 2.762342e-17 2.760964e-17 0.000000e+00
9.480000e+01 1.096534e-17 1.089519e-17 0.000000e+00
9.490000e+01 5.358148e-17 5.350283e-17 0.000000e+00
9.500000e+01 8.127978e-17 8.126351e-17 0.000000e+00
9.510000e+01 3.887612e-17 3.886833e-17 0.000000e+00
9.520000e+01 5.149882e-19 5.148702e-19 0.000000e+00
9.530000e+01 2.515798e-19 2.515094e-19 0.000000e+00
9.540000e+01 2.627330e-19 2.626428e-19 0.000000e+00
9.550000e+01 1.188694e-18 1.188227e-18 0.000000e+00
9.560000e+01 6.000976e-17 5.998576e-17 0.000000e+00
9.570000e+01 5.931598e-17 5.929226e-17 0.000000e+00
9.580000e+01 4.328734e-19 4.327005e-19 0.000000e+00
9.590000e+01 1.422461e-19 1.421878e-19 0.000000e+00
9.600000e+01 8.414180e-20 8.410505e-20 0.000000e+00
9.610000e+01 6.279762e-20 6.276751e-20 0.000000e+00
9.620000e+01 5.767462e-20 5.764423e-20 0.000000e+00
9.630000e+01 1.313438e-19 1.312808e-19 0.000000e+00
9.640000e+01 1.078392e-17 1.077959e-17 0.000000e+00
9.650000e+01 1.073450e-17 1.073018e-17 0.000000e+00
9.660000e+01 9.355310e-20 9.347710e-20 0.000000e+00
9.670000e+01 2.677287e-18 2.675526e-18 0.000000e+00
9.680000e+01 9.403464e-17 9.381041e-17 0.000000e+00
9.690000e+01 1.005766e-16 1.003510e-16 0.000000e+00
9.700000e+01 1.423366e-16 1.408827e-16 0.000000e+00
9.710000e+01 1.332393e-16 1.317881e-16 0.000000e+00
9.720000e+01 5.942863e-17 5.904056e-17 0.000000e+00
9.730000e+01 6.514721e-17 6.474527e-17 0.000000e+00
9.740000e+01 5.833215e-18 5.818867e-18 0.000000e+00
9.750000e+01 5.850346e-20 5.838851e-20 0.000000e+00
9.760000e+01 7.438035e-20 7.432372e-20 0.000000e+00
9.770000e+01 7.054101e-18 7.054065e-18 0.000000e+00
9.780000e+01 7.106914e-18 7.106888e-18 0.000000e+00
9.790000e+01 1.277798e-19 1.277588e-19 0.000000e+00
9.800000e+01 5.340891e-20 5.339066e-20 0.000000e+00
9.810000e+01 7.008657e-20 7.006823e-20 0.000000e+00
9.820000e+01 1.993101e-18 1.992703e-18 0.000000e+00
9.830000e+01 2.097546e-18 2.097137e-18 0.000000e+00
9.840000e+01 7.474339e-19 7.473505e-19 0.000000e+00
9.850000e+01 5.890029e-17 5.889440e-17 0.000000e+00
9.860000e+01 6.061373e-17 6.060766e-17 0.000000e+00
9.870000e+01 2.479719e-18 2.479466e-18 0.000000e+00
9.880000e+01 2.339413e-19 2.339139e-19 0.000000e+00
9.890000e+01 1.845956e-18 1.845942e-18 0.000000e+00
9.900000e+01 1.929162e-18 1.929152e-18 0.000000e+00
9.910000e+01 1.699822e-19 1.699746e-19 0.000000e+00
9.920000e+01 3.206290e-20 3.205669e-20 0.000000e+00
9.930000e+01 2.507849e-20 2.507310e-20 0.000000e+00
9.940000e+01 2.083802e-20 2.083318e-20 0.000000e+00
9.950000e+01 1.823582e-20 1.823132e-20 0.000000e+00
9.960000e+01 1.685319e-20 1.684886e-20 0.000000e+00
9.970000e+01 1.665685e-20 1.665250e-20 0.000000e+00
9.980000e+01 1.809028e-20 1.808562e-20 0.000000e+00
9.990000e+01 2.278730e-20 2.278168e-20 0.000000e+00
1.000000e+02 3.753246e-20 3.752389e-20 0.000000e+00
1.001000e+02 1.289157e-19 1.288888e-19 0.000000e+00
1.002000e+02 3.184514e-17 3.183877e-17 0.000000e+00
1.003000e+02 3.275320e-17 3.274664e-17 0.000000e+00
1.004000e+02 1.041258e-18 1.041049e-18 0.000000e+00
1.005000e+02 4.154699e-20 4.153766e-20 0.000000e+00
1.006000e+02 2.075473e-20 2.074957e-20 0.000000e+00
1.007000e+02 1.354421e-20 1.354049e-20 0.000000e+00
1.008000e+02 1.005239e-20 1.004938e-20 0.000000e+00
1.009000e+02 8.037435e-21 8.034838e-21 0.000000e+00
1.010000e+02 6.737481e-21 6.735150e-21 0.000000e+00
1.011000e+02 5.830955e-21 5.828810e-21 0.000000e+00
1.012000e+02 5.161545e-21 5.159537e-21 0.000000e+00
1.013000e+02 4.643113e-21 4.641213e-21 0.000000e+00
1.014000e+02 4.225003e-21 4.223199e-21 0.000000e+00
1.015000e+02 3.883196e-21 3.881467e-21 0.000000e+00
1.016000e+02 3.598312e-21 3.596636e-21 0.000000e+00
1.017000e+02 3.336076e-21 3.334448e-21 0.000000e+00
1.018000e+02 3.099955e-21 3.098366e-21 0.000000e+00
1.019000e+02 2.908917e-21 2.907356e-21 0.000000e+00
1.020000e+02 2.747108e-21 2.745568e-21 0.000000e+00
1.021000e+02 2.603050e-21 2.601525e-21 0.000000e+00
1.022000e+02 2.472786e-21 2.471271e-21 0.000000e+00
1.023000e+02 2.351421e-21 2.349911e-21 0.000000e+00
1.024000e+02 2.241422e-21 2.239912e-21 0.000000e+00
1.025000e+02 2.138911e-21 2.137399e-21 0.000000e+00
1.026000e+02 2.022864e-21 2.021358e-21 0.000000e+00
1.027000e+02 1.918762e-21 1.917253e-21 0.000000e+00
1.028000e+02 1.842927e-21 1.841399e-21 0.000000e+00
1.029000e+02 1.772562e-21 1.771009e-21 0.000000e+00
1.030000e+02 1.705785e-21 1.704202e-21 0.000000e+00
1.031000e+02 1.639248e-21 1.637629e-21 0.000000e+00
1.032000e+02 1.571551e-21 1.569892e-21 0.000000e+00
1.033000e+02 1.490886e-21 1.489181e-21 0.000000e+00
1.034000e+02 1.418632e-21 1.416874e-21 0.000000e+00
1.035000e+02 1.370053e-21 1.368227e-21 0.000000e+00
1.036000e+02 1.324505e-21 1.322599e-21 0.000000e+00
1.037000e+02 1.282734e-21 1.280736e-21 0.000000e+00
1.038000e+02 1.245378e-21 1.243270e-21 0.000000e+00
1.039000e+02 1.202196e-21 1.199961e-21 0.000000e+00
1.040000e+02 1.112338e-21 1.109960e-21 0.000000e+00
1.041000e+02 1.007964e-21 1.005430e-21 0.000000e+00
1.042000e+02 9.519585e-22 9.492202e-22 0.000000e+00
1.043000e+02 9.257181e-22 9.226899e-22 0.000000e+00
1.044000e+02 9.080355e-22 9.046178e-22 0.000000e+00
1.045000e+02 8.953650e-22 8.914094e-22 0.000000e+00
1.046000e+02 8.887833e-22 8.840337e-22 0.000000e+00
1.047000e+02 8.962845e-22 8.902410e-22 0.000000e+00
1.048000e+02 9.390506e-22 9.305513e-22 0.000000e+00
1.049000e+02 1.081608e-21 1.067015e-21 0.000000e+00
1.050000e+02 1.879858e-21 1.834409e-21 0.000000e+00
1.051000e+02 1.582598e-17 1.527209e-17 0.000000e+00
1.052000e+02 1.652609e-17 1.594769e-17 0.000000e+00
1.053000e+02 7.020103e-19 6.774552e-19 0.000000e+00
1.054000e+02 1.023436e-21 1.001792e-21 0.000000e+00
1.055000e+02 7.502754e-22 7.369017e-22 0.000000e+00
1.056000e+02 6.314719e-22 6.198792e-22 0.000000e+00
1.057000e+02 5.512631e-22 5.392554e-22 0.000000e+00
1.058000e+02 5.158574e-22 5.017357e-22 0.000000e+00
1.059000e+02 5.054342e-22 4.866105e-22 0.000000e+00
1.060000e+02 5.145905e-22 4.846005e-22 0.000000e+00
1.061000e+02 5.936644e-22 5.231727e-22 0.000000e+00
1.062000e+02 6.927563e-18 3.882392e-18 0.000000e+00
1.063000e+02 1.407271e-17 7.886531e-18 0.000000e+00
1.064000e+02 7.145827e-18 4.004700e-18 0.000000e+00
1.065000e+02 5.964850e-22 5.091273e-22 0.000000e+00
1.066000e+02 4.854768e-22 4.453085e-22 0.000000e+00
1.067000e+02 4.656862e-22 4.342879e-22 0.000000e+00
1.068000e+02 4.670261e-22 4.358923e-22 0.000000e+00
1.069000e+02 4.778000e-22 4.422403e-22 0.000000e+00
1.070000e+02 5.113965e-22 4.664093e-22 0.000000e+00
1.071000e+02 5.906125e-22 5.280598e-22 0.000000e+00
1.072000e+02 7.540329e-22 6.567181e-22 0.000000e+00
1.073000e+02 1.146913e-21 9.672459e-22 0.000000e+00
1.074000e+02 2.616470e-21 2.134116e-21 0.000000e+00
1.075000e+02 1.073489e-16 8.536386e-17 0.000000e+00
1.076000e+02 3.268137e-16 2.598823e-16 0.000000e+00
1.077000e+02 2.194689e-16 1.745217e-16 0.000000e+00
1.078000e+02 2.806946e-21 2.281009e-21 0.000000e+00
1.079000e+02 1.147579e-21 9.603496e-22 0.000000e+00
1.080000e+02 1.292029e-17 3.710068e-22 0.000000e+00
1.081000e+02 2.478244e-17 6.224174e-23 0.000000e+00
1.082000e+02 2.887598e-17 0.000000e+00 0.000000e+00
1.083000e+02 3.989186e-17 0.000000e+00 0.000000e+00
1.084000e+02 6.047812e-17 0.000000e+00 0.000000e+00
1.085000e+02 1.073719e-16 0.000000e+00 0.000000e+00
1.086000e+02 1.452818e-16 0.000000e+00 0.000000e+00
1.087000e+02 1.958539e-16 0.000000e+00 0.000000e+00
1.088000e+02 1.860392e-16 0.000000e+00 0.000000e+00
1.089000e+02 1.466928e-16 0.000000e+00 0.000000e+00
1.090000e+02 9.977025e-17 0.000000e+00 0.000000e+00
1.091000e+02 6.777960e-17 0.000000e+00 0.000000e+00
1.092000e+02 4.486442e-17 0.000000e+00 0.000000e+00
1.093000e+02 2.603850e-17 0.000000e+00 0.000000e+00
1.094000e+02 1.413701e-17 0.000000e+00 0.000000e+00
1.095000e+02 8.227647e-18 0.000000e+00 0.000000e+00
1.096000e+02 5.761588e-18 0.000000e+00 0.000000e+00
1.097000e+02 3.214633e-18 0.000000e+00 0.000000e+00
1.098000e+02 2.148696e-18 0.000000e+00 0.000000e+00
1.099000e+02 1.695773e-18 0.000000e+00 0.000000e+00
1.100000e+02 1.250285e-18 0.000000e+00 0.000000e+00
1.101000e+02 6.161560e-19 0.000000e+00 0.000000e+00
1.102000e+02 3.718685e-19 0.000000e+00 0.000000e+00
1.103000e+02 2.927568e-19 0.000000e+00 0.000000e+00
1.104000e+02 1.866229e-19 0.000000e+00 0.000000e+00
1.105000e+02 3.598397e-20 0.000000e+00 0.000000e+00
1.106000e+02 4.833241e-20 0.000000e+00 0.000000e+00
1.107000e+02 6.069364e-20 0.000000e+00 0.000000e+00
1.108000e+02 7.297237e-20 0.000000e+00 0.000000e+00
1.109000e+02 8.523389e-20 0.000000e+00 0.000000e+00
1.110000e+02 9.753401e-20 0.000000e+00 0.000000e+00
1.111000e+02 1.097155e-19 0.000000e+00 0.000000e+00
1.112000e+02 1.219118e-19 0.000000e+00 0.000000e+00
1.113000e+02 1.340790e-19 0.000000e+00 0.000000e+00
1.114000e+02 1.462071e-19 0.000000e+00 0.000000e+00
1.115000e+02 1.583556e-19 0.000000e+00 0.000000e+00
1.116000e+02 1.705144e-19 0.000000e+00 0.000000e+00
1.117000e+02 1.826077e-19 0.000000e+00 0.000000e+00
1.118000e+02 1.766837e-19 0.000000e+00 0.000000e+00
1.119000e+02 9.872272e-20 0.000000e+00 0.000000e+00
1.120000e+02 3.049126e-19 0.000000e+00 0.000000e+00
1.121000e+02 5.159297e-19 0.000000e+00 0.000000e+00
1.122000e+02 8.321057e-19 0.000000e+00 0.000000e+00
1.123000e+02 1.361083e-18 0.000000e+00 0.000000e+00
1.124000e+02 1.557596e-18 0.000000e+00 0.000000e+00
1.125000e+02 1.277287e-18 0.000000e+00 0.000000e+00
1.126000e+02 4.370086e-19 0.000000e+00 0.000000e+00
1.127000e+02 2.574791e-21 0.000000e+00 0.000000e+00
1.128000e+02 1.124069e-20 0.000000e+00 0.000000e+00
1.129000e+02 1.835389e-19 0.000000e+00 0.000000e+00
1.130000e+02 3.378779e-19 0.000000e+00 0.000000e+00
1.131000e+02 3.496862e-19 0.000000e+00 0.000000e+00
1.132000e+02 3.614723e-19 0.000000e+00 0.000000e+00
1.133000e+02 3.732690e-19 0.000000e+00 0.000000e+00
1.134000e+02 3.850312e-19 0.000000e+00 0.000000e+00
1.135000e+02 3.967553e-19 0.000000e+00 0.000000e+00
1.136000e+02 4.039054e-19 0.000000e+00 0.000000e+00
1.137000e+02 1.994112e-19 0.000000e+00 0.000000e+00
1.138000e+02 1.276844e-19 0.000000e+00 0.000000e+00
1.139000e+02 2.234236e-19 0.000000e+00 0.000000e+00
1.140000e+02 4.349601e-19 0.000000e+00 0.000000e+00
1.141000e+02 2.070620e-19 0.000000e+00 0.000000e+00
1.142000e+02 1.390550e-19 0.000000e+00 0.000000e+00
1.143000e+02 3.746500e-19 0.000000e+00 0.000000e+00
1.144000e+02 1.019588e-18 0.000000e+00 0.000000e+00
1.145000e+02 2.197546e-18 0.000000e+00 0.000000e+00
1.146000e+02 3.718312e-18 0.000000e+00 0.000000e+00
1.147000e+02 5.647581e-18 0.000000e+00 0.000000e+00
1.148000e+02 9.064783e-18 0.000000e+00 0.000000e+00
1.149000e+02 1.182574e-17 0.000000e+00 0.000000e+00
1.150000e+02 1.235198e-17 0.000000e+00 0.000000e+00
1.151000e+02 1.146796e-17 0.000000e+00 0.000000e+00
1.152000e+02 7.821552e-18 0.000000e+00 0.000000e+00
1.153000e+02 5.832588e-18 0.000000e+00 0.000000e+00
1.154000e+02 3.510102e-18 0.000000e+00 0.000000e+00
1.155000e+02 1.598567e-18 0.000000e+00 0.000000e+00
1.156000e+02 1.028407e-18 0.000000e+00 0.000000e+00
1.157000e+02 5.260810e-19 0.000000e+00 0.000000e+00
1.158000e+02 3.048182e-19 0.000000e+00 0.000000e+00
1.159000e+02 1.583829e-19 0.000000e+00 0.000000e+00
1.160000e+02 1.405573e-19 0.000000e+00 0.000000e+00
1.161000e+02 3.831483e-19 0.000000e+00 0.000000e+00
1.162000e+02 4.013668e-19 0.000000e+00 0.000000e+00
1.163000e+02 4.125504e-19 0.000000e+00 0.000000e+00
1.164000e+02 4.236891e-19 0.000000e+00 0.000000e+00
1.165000e+02 4.347690e-19 0.000000e+00 0.000000e+00
1.166000e+02 4.458883e-19 0.000000e+00 0.000000e+00
1.167000e+02 4.569962e-19 0.000000e+00 0.000000e+00
1.168000e+02 4.680202e-19 0.000000e+00 0.000000e+00
1.169000e+02 3.056421e-19 0.000000e+00 0.000000e+00
1.170000e+02 2.832095e-19 0.000000e+00 0.000000e+00
1.171000e+02 5.011020e-19 0.000000e+00 0.000000e+00
1.172000e+02 5.120485e-19 0.000000e+00 0.000000e+00
1.173000e+02 5.230058e-19 0.000000e+00 0.000000e+00
1.174000e+02 4.768288e-19 0.000000e+00 0.000000e+00
1.175000e+02 3.380309e-19 0.000000e+00 0.000000e+00
1.176000e+02 2.123941e-19 0.000000e+00 0.000000e+00
1.177000e+02 2.627091e-19 0.000000e+00 0.000000e+00
1.178000e+02 2.288417e-19 0.000000e+00 0.000000e+00
1.179000e+02 1.164852e-19 0.000000e+00 0.000000e+00
1.180000e+02 1.646458e-19 0.000000e+00 0.000000e+00
1.181000e+02 6.435560e-20 0.000000e+00 0.000000e+00
1.182000e+02 1.239508e-20 0.000000e+00 0.000000e+00
1.183000e+02 5.647473e-20 0.000000e+00 0.000000e+00
1.184000e+02 1.034384e-19 0.000000e+00 0.000000e+00
1.185000e+02 6.902863e-20 0.000000e+00 0.000000e+00
1.186000e+02 3.461888e-20 0.000000e+00 0.000000e+00
1.187000e+02 5.584168e-21 0.000000e+00 0.000000e+00
1.188000e+02 6.479617e-21 0.000000e+00 0.000000e+00
1.189000e+02 7.375066e-21 0.000000e+00 0.000000e+00
1.190000e+02 8.268377e-21 0.000000e+00 0.000000e+00
1.191000e+02 9.159900e-21 0.000000e+00 0.000000e+00
1.192000e+02 1.005142e-20 0.000000e+00 0.000000e+00
1.193000e+02 1.094056e-20 0.000000e+00 0.000000e+00
1.194000e+02 1.182951e-20 0.000000e+00 0.000000e+00
1.195000e+02 1.298655e-20 0.000000e+00 0.000000e+00
1.196000e+02 4.866578e-20 0.000000e+00 0.000000e+00
1.197000e+02 8.434501e-20 0.000000e+00 0.000000e+00
1.198000e+02 1.145264e-19 0.000000e+00 0.000000e+00
1.199000e+02 7.699188e-20 0.000000e+00 0.000000e+00
1.200000e+02 3.945733e-20 0.000000e+00 0.000000e+00
1.201000e+02 1.800759e-20 0.000000e+00 0.000000e+00
1.202000e+02 1.888396e-20 0.000000e+00 0.000000e+00
1.203000e+02 1.976034e-20 0.000000e+00 0.000000e+00
1.204000e+02 3.636580e-20 0.000000e+00 0.000000e+00
1.205000e+02 7.153926e-20 0.000000e+00 0.000000e+00
1.206000e+02 1.067127e-19 0.000000e+00 0.000000e+00
1.207000e+02 1.252878e-19 0.000000e+00 0.000000e+00
1.208000e+02 1.261555e-19 0.000000e+00 0.000000e+00
1.209000e+02 1.270232e-19 0.000000e+00 0.000000e+00
1.210000e+02 1.111644e-19 0.000000e+00 0.000000e+00
1.211000e+02 7.819457e-20 0.000000e+00 0.000000e+00
1.212000e+02 4.522472e-20 0.000000e+00 0.000000e+00
1.213000e+02 4.458488e-20 0.000000e+00 0.000000e+00
1.214000e+02 7.923841e-20 0.000000e+00 0.000000e+00
1.215000e+02 1.138919e-19 0.000000e+00 0.000000e+00
1.216000e+02 1.330416e-19 0.000000e+00 0.000000e+00
1.217000e+02 1.338953e-19 0.000000e+00 0.000000e+00
1.218000e+02 1.347490e-19 0.000000e+00 0.000000e+00
1.219000e+02 1.113790e-19 0.000000e+00 0.000000e+00
1.220000e+02 7.875451e-20 0.000000e+00 0.000000e+00
1.221000e+02 4.613007e-20 0.000000e+00 0.000000e+00
1.222000e+02 3.611258e-20 0.000000e+00 0.000000e+00
1.223000e+02 3.695943e-20 0.000000e+00 0.000000e+00
1.224000e+02 3.780629e-20 0.000000e+00 0.000000e+00
1.225000e+02 3.865053e-20 0.000000e+00 0.000000e+00
1.226000e+02 3.949312e-20 0.000000e+00 0.000000e+00
1.227000e+02 4.033571e-20 0.000000e+00 0.000000e+00
1.228000e+02 4.117428e-20 0.000000e+00 0.000000e+00
1.229000e+02 4.200934e-20 0.000000e+00 0.000000e+00
1.230000e+02 4.284441e-20 0.000000e+00 0.000000e+00
1.231000e+02 5.927362e-20 0.000000e+00 0.000000e+00
1.232000e+02 9.667009e-20 0.000000e+00 0.000000e+00
1.233000e+02 1.340666e-19 0.000000e+00 0.000000e+00
1.234000e+02 1.275479e-19 0.000000e+00 0.000000e+00
1.235000e+02 9.584285e-20 0.000000e+00 0.000000e+00
1.236000e+02 6.413777e-20 0.000000e+00 0.000000e+00
1.237000e+02 4.866388e-20 0.000000e+00 0.000000e+00
1.238000e+02 4.948875e-20 0.000000e+00 0.000000e+00
1.239000e+02 5.031363e-20 0.000000e+00 0.000000e+00
1.240000e+02 5.113728e-20 0.000000e+00 0.000000e+00
1.241000e+02 5.196032e-20 0.000000e+00 0.000000e+00
1.242000e+02 5.278337e-20 0.000000e+00 0.000000e+00
1.243000e+02 5.205612e-20 0.000000e+00 0.000000e+00
1.244000e+02 4.987771e-20 0.000000e+00 0.000000e+00
1.245000e+02 4.769929e-20 0.000000e+00 0.000000e+00
1.246000e+02 4.598616e-20 0.000000e+00 0.000000e+00
1.247000e+02 4.517278e-20 0.000000e+00 0.000000e+00
1.248000e+02 4.435940e-20 0.000000e+00 0.000000e+00
1.249000e+02 4.448650e-20 0.000000e+00 0.000000e+00
1.250000e+02 4.988346e-20 0.000000e+00 0.000000e+00
1.251000e+02 5.528042e-20 0.000000e+00 0.000000e+00
1.252000e+02 6.067738e-20 0.000000e+00 0.000000e+00
1.253000e+02 6.172638e-20 0.000000e+00 0.000000e+00
1.254000e+02 6.253160e-20 0.000000e+00 0.000000e+00
1.255000e+02 6.290190e-20 0.000000e+00 0.000000e+00
1.256000e+02 5.452092e-20 0.000000e+00 0.000000e+00
1.257000e+02 4.613994e-20 0.000000e+00 0.000000e+00
1.258000e+02 3.775896e-20 0.000000e+00 0.000000e+00
1.259000e+02 6.080577e-20 0.000000e+00 0.000000e+00
1.260000e+02 9.134249e-20 0.000000e+00 0.000000e+00
1.261000e+02 1.218792e-19 0.000000e+00 0.000000e+00
1.262000e+02 1.523289e-19 0.000000e+00 0.000000e+00
1.263000e+02 1.827076e-19 0.000000e+00 0.000000e+00
1.264000e+02 2.130863e-19 0.000000e+00 0.000000e+00
1.265000e+02 2.156493e-19 0.000000e+00 0.000000e+00
1.266000e+02 1.457910e-19 0.000000e+00 0.000000e+00
1.267000e+02 7.593261e-20 0.000000e+00 0.000000e+00
1.268000e+02 3.325681e-20 0.000000e+00 0.000000e+00
1.269000e+02 4.761357e-20 0.000000e+00 0.000000e+00
1.270000e+02 6.197033e-20 0.000000e+00 0.000000e+00
1.271000e+02 7.602754e-20 0.000000e+00 0.000000e+00
1.272000e+02 7.680879e-20 0.000000e+00 0.000000e+00
1.273000e+02 7.759005e-20 0.000000e+00 0.000000e+00
1.274000e+02 7.837130e-20 0.000000e+00 0.000000e+00
1.275000e+02 8.789090e-20 0.000000e+00 0.000000e+00
1.276000e+02 1.011287e-19 0.000000e+00 0.000000e+00
1.277000e+02 1.143666e-19 0.000000e+00 0.000000e+00
1.278000e+02 1.586984e-19 0.000000e+00 0.000000e+00
1.279000e+02 2.590432e-19 0.000000e+00 0.000000e+00
1.280000e+02 3.593880e-19 0.000000e+00 0.000000e+00
1.281000e+02 4.187368e-19 0.000000e+00 0.000000e+00
1.282000e+02 3.946934e-19 0.000000e+00 0.000000e+00
1.283000e+02 3.706500e-19 0.000000e+00 0.000000e+00
1.284000e+02 3.466066e-19 0.000000e+00 0.000000e+00
1.285000e+02 3.225632e-19 0.000000e+00 0.000000e+00
1.286000e+02 2.920876e-19 0.000000e+00 0.000000e+00
1.287000e+02 2.612401e-19 0.000000e+00 0.000000e+00
1.288000e+02 2.303926e-19 0.000000e+00 0.000000e+00
1.289000e+02 1.793525e-19 0.000000e+00 0.000000e+00
1.290000e+02 1.120166e-19 0.000000e+00 0.000000e+00
1.291000e+02 4.468057e-20 0.000000e+00 0.000000e+00
1.292000e+02 2.595924e-20 0.000000e+00 0.000000e+00
1.293000e+02 5.824541e-20 0.000000e+00 0.000000e+00
1.294000e+02 9.053157e-20 0.000000e+00 0.000000e+00
1.295000e+02 1.489858e-19 0.000000e+00 0.000000e+00
1.296000e+02 2.467160e-19 0.000000e+00 0.000000e+00
1.297000e+02 3.444462e-19 0.000000e+00 0.000000e+00
1.298000e+02 5.108823e-19 0.000000e+00 0.000000e+00
1.299000e+02 8.443266e-19 0.000000e+00 0.000000e+00
1.300000e+02 1.177771e-18 0.000000e+00 0.000000e+00
1.301000e+02 1.413650e-18 0.000000e+00 0.000000e+00
1.302000e+02 1.506323e-18 0.000000e+00 0.000000e+00
1.303000e+02 1.446806e-18 0.000000e+00 0.000000e+00
1.304000e+02 1.271461e-18 0.000000e+00 0.000000e+00
1.305000e+02 1.050272e-18 0.000000e+00 0.000000e+00
1.306000e+02 8.290832e-19 0.000000e+00 0.000000e+00
1.307000e+02 6.501776e-19 0.000000e+00 0.000000e+00
1.308000e+02 4.740126e-19 0.000000e+00 0.000000e+00
1.309000e+02 2.978476e-19 0.000000e+00 0.000000e+00
1.310000e+02 2.004615e-19 0.000000e+00 0.000000e+00
1.311000e+02 1.997254e-19 0.000000e+00 0.000000e+00
1.312000e+02 1.989893e-19 0.000000e+00 0.000000e+00
1.313000e+02 1.982532e-19 0.000000e+00 0.000000e+00
1.314000e+02 2.859363e-19 0.000000e+00 0.000000e+00
1.315000e+02 3.809322e-19 0.000000e+00 0.000000e+00
1.316000e+02 4.759282e-19 0.000000e+00 0.000000e+00
1.317000e+02 7.953161e-19 0.000000e+00 0.000000e+00
1.318000e+02 1.199490e-18 0.000000e+00 0.000000e+00
1.319000e+02 1.647584e-18 0.000000e+00 0.000000e+00
1.320000e+02 2.265337e-18 0.000000e+00 0.000000e+00
1.321000e+02 2.817375e-18 0.000000e+00 0.000000e+00
1.322000e+02 3.266967e-18 0.000000e+00 0.000000e+00
1.323000e+02 3.314646e-18 0.000000e+00 0.000000e+00
1.324000e+02 3.068873e-18 0.000000e+00 0.000000e+00
1.325000e+02 2.796826e-18 0.000000e+00 0.000000e+00
1.326000e+02 2.222558e-18 0.000000e+00 0.000000e+00
1.327000e+02 1.763773e-18 0.000000e+00 0.000000e+00
1.328000e+02 1.334471e-18 0.000000e+00 0.000000e+00
1.329000e+02 1.002053e-18 0.000000e+00 0.000000e+00
1.330000e+02 6.864939e-19 0.000000e+00 0.000000e+00
1.331000e+02 5.650440e-19 0.000000e+00 0.000000e+00
1.332000e+02 4.435941e-19 0.000000e+00 0.000000e+00
1.333000e+02 3.878787e-19 0.000000e+00 0.000000e+00
1.334000e+02 3.871673e-19 0.000000e+00 0.000000e+00
1.335000e+02 4.689380e-19 0.000000e+00 0.000000e+00
1.336000e+02 6.992014e-19 0.000000e+00 0.000000e+00
1.337000e+02 9.428709e-19 0.000000e+00 0.000000e+00
1.338000e+02 1.263616e-18 0.000000e+00 0.000000e+00
1.339000e+02 1.584362e-18 0.000000e+00 0.000000e+00
1.340000e+02 2.572118e-18 0.000000e+00 0.000000e+00
1.341000e+02 3.613088e-18 0.000000e+00 0.000000e+00
1.342000e+02 3.713480e-18 0.000000e+00 0.000000e+00
1.343000e+02 5.919995e-18 0.000000e+00 0.000000e+00
1.344000e+02 6.397226e-18 0.000000e+00 0.000000e+00
1.345000e+02 6.939318e-18 0.000000e+00 0.000000e+00
1.346000e+02 6.802672e-18 0.000000e+00 0.000000e+00
1.347000e+02 5.785320e-18 0.000000e+00 0.000000e+00
1.348000e+02 4.406740e-18 0.000000e+00 0.000000e+00
1.349000e+02 3.546542e-18 0.000000e+00 0.000000e+00
1.350000e+02 2.706822e-18 0.000000e+00 0.000000e+00
1.351000e+02 1.867102e-18 0.000000e+00 0.000000e+00
1.352000e+02 1.380851e-18 0.000000e+00 0.000000e+00
1.353000e+02 1.059931e-18 0.000000e+00 0.000000e+00
1.354000e+02 8.014740e-19 0.000000e+00 0.000000e+00
1.355000e+02 6.191217e-19 0.000000e+00 0.000000e+00
1.356000e+02 5.164201e-19 0.000000e+00 0.000000e+00
1.357000e+02 7.245888e-19 0.000000e+00 0.000000e+00
1.358000e+02 9.327575e-19 0.000000e+00 0.000000e+00
1.359000e+02 1.140926e-18 0.000000e+00 0.000000e+00
1.360000e+02 1.634579e-18 0.000000e+00 0.000000e+00
1.361000e+02 2.206906e-18 0.000000e+00 0.000000e+00
1.362000e+02 3.154881e-18 0.000000e+00 0.000000e+00
1.363000e+02 4.905058e-18 0.000000e+00 0.000000e+00
1.364000e+02 7.575493e-18 0.000000e+00 0.000000e+00
1.365000e+02 9.193184e-18 0.000000e+00 0.000000e+00
1.366000e+02 1.081088e-17 0.000000e+00 0.000000e+00
1.367000e+02 1.242857e-17 0.000000e+00 0.000000e+00
1.368000e+02 1.404626e-17 0.000000e+00 0.000000e+00
1.369000e+02 1.399145e-17 0.000000e+00 0.000000e+00
1.370000e+02 1.294314e-17 0.000000e+00 0.000000e+00
1.371000e+02 1.086373e-17 0.000000e+00 0.000000e+00
1.372000e+02 7.820226e-18 0.000000e+00 0.000000e+00
1.373000e+02 6.061334e-18 0.000000e+00 0.000000e+00
1.374000e+02 4.394515e-18 0.000000e+00 0.000000e+00
1.375000e+02 3.307944e-18 0.000000e+00 0.000000e+00
1.376000e+02 2.221373e-18 0.000000e+00 0.000000e+00
1.377000e+02 1.717575e-18 0.000000e+00 0.000000e+00
1.378000e+02 1.291970e-18 0.000000e+00 0.000000e+00
1.379000e+02 1.358025e-18 0.000000e+00 0.000000e+00
1.380000e+02 1.444210e-18 0.000000e+00 0.000000e+00
1.381000e+02 1.530395e-18 0.000000e+00 0.000000e+00
1.382000e+02 1.616580e-18 0.000000e+00 0.000000e+00
1.383000e+02 1.830105e-18 0.000000e+00 0.000000e+00
1.384000e+02 2.404177e-18 0.000000e+00 0.000000e+00
1.385000e+02 3.621844e-18 0.000000e+00 0.000000e+00
1.386000e+02 5.166494e-18 0.000000e+00 0.000000e+00
1.387000e+02 6.711144e-18 0.000000e+00 0.000000e+00
1.388000e+02 8.800540e-18 0.000000e+00 0.000000e+00
1.389000e+02 1.185222e-17 0.000000e+00 0.000000e+00
1.390000e+02 1.540546e-17 0.000000e+00 0.000000e+00
1.391000e+02 2.111808e-17 0.000000e+00 0.000000e+00
1.392000e+02 2.539724e-17 0.000000e+00 0.000000e+00
1.393000e+02 2.594310e-17 0.000000e+00 0.000000e+00
1.394000e+02 2.648896e-17 0.000000e+00 0.000000e+00
1.395000e+02 2.369806e-17 0.000000e+00 0.000000e+00
1.396000e+02 1.953916e-17 0.000000e+00 0.000000e+00
1.397000e+02 1.427001e-17 0.000000e+00 0.000000e+00
1.398000e+02 1.172489e-17 0.000000e+00 0.000000e+00
1.399000e+02 9.179773e-18 0.000000e+00 0.000000e+00
1.400000e+02 6.642263e-18 0.000000e+00 0.000000e+00
1.401000e+02 4.115501e-18 0.000000e+00 0.000000e+00
1.402000e+02 3.439828e-18 0.000000e+00 0.000000e+00
1.403000e+02 2.925267e-18 0.000000e+00 0.000000e+00
1.404000e+02 2.410706e-18 0.000000e+00 0.000000e+00
1.405000e+02 2.207655e-18 0.000000e+00 0.000000e+00
1.406000e+02 2.112324e-18 0.000000e+00 0.000000e+00
1.407000e+02 2.016994e-18 0.000000e+00 0.000000e+00
1.408000e+02 2.345124e-18 0.000000e+00 0.000000e+00
1.409000e+02 3.079801e-18 0.000000e+00 0.000000e+00
1.410000e+02 4.212498e-18 0.000000e+00 0.000000e+00
1.411000e+02 6.264354e-18 0.000000e+00 0.000000e+00
1.412000e+02 9.785151e-18 0.000000e+00 0.000000e+00
1.413000e+02 9.876343e-18 0.000000e+00 0.000000e+00
1.414000e+02 1.359175e-17 0.000000e+00 0.000000e+00
1.415000e+02 1.880845e-17 0.000000e+00 0.000000e+00
1.416000e+02 2.402515e-17 0.000000e+00 0.000000e+00
1.417000e+02 2.924185e-17 0.000000e+00 0.000000e+00
1.418000e+02 3.445855e-17 0.000000e+00 0.000000e+00
1.419000e+02 3.967525e-17 0.000000e+00 0.000000e+00
1.420000e+02 4.397145e-17 0.000000e+00 0.000000e+00
1.421000e+02 4.078323e-17 0.000000e+00 0.000000e+00
1.422000e+02 3.647328e-17 0.000000e+00 0.000000e+00
1.423000e+02 2.630309e-17 0.000000e+00 0.000000e+00
1.424000e+02 2.063963e-17 0.000000e+00 0.000000e+00
1.425000e+02 1.493396e-17 0.000000e+00 0.000000e+00
1.426000e+02 1.110805e-17 0.000000e+00 0.000000e+00
1.427000e+02 9.184800e-18 0.000000e+00 0.000000e+00
1.428000e+02 6.918092e-18 0.000000e+00 0.000000e+00
1.429000e+02 5.899198e-18 0.000000e+00 0.000000e+00
1.430000e+02 3.470696e-18 0.000000e+00 0.000000e+00
1.431000e+02 3.217274e-18 0.000000e+00 0.000000e+00
1.432000e+02 2.901206e-18 0.000000e+00 0.000000e+00
1.433000e+02 2.668587e-18 0.000000e+00 0.000000e+00
1.434000e+02 2.667970e-18 0.000000e+00 0.000000e+00
1.435000e+02 2.760372e-18 0.000000e+00 0.000000e+00
1.436000e+02 3.351644e-18 0.000000e+00 0.000000e+00
1.437000e+02 4.188851e-18 0.000000e+00 0.000000e+00
1.438000e+02 5.347895e-18 0.000000e+00 0.000000e+00
1.439000e+02 7.990037e-18 0.000000e+00 0.000000e+00
1.440000e+02 1.151217e-17 0.000000e+00 0.000000e+00
1.441000e+02 1.552343e-17 0.000000e+00 0.000000e+00
1.442000e+02 1.953469e-17 0.000000e+00 0.000000e+00
1.443000e+02 2.518585e-17 0.000000e+00 0.000000e+00
1.444000e+02 3.123371e-17 0.000000e+00 0.000000e+00
1.445000e+02 3.819814e-17 0.000000e+00 0.000000e+00
1.446000e+02 5.010108e-17 0.000000e+00 0.000000e+00
1.447000e+02 5.707004e-17 0.000000e+00 0.000000e+00
1.448000e+02 6.254709e-17 0.000000e+00 0.000000e+00
1.449000e+02 6.028473e-17 0.000000e+00 0.000000e+00
1.450000e+02 5.440421e-17 0.000000e+00 0.000000e+00
1.451000e+02 4.765889e-17 0.000000e+00 0.000000e+00
1.452000e+02 3.592433e-17 0.000000e+00 0.000000e+00
1.453000e+02 2.750878e-17 0.000000e+00 0.000000e+00
1.454000e+02 2.147297e-17 0.000000e+00 0.000000e+00
1.455000e+02 1.552392e-17 0.000000e+00 0.000000e+00
1.456000e+02 1.136285e-17 0.000000e+00 0.000000e+00
1.457000e+02 7.507928e-18 0.000000e+00 0.000000e+00
1.458000e+02 5.644735e-18 0.000000e+00 0.000000e+00
1.459000e+02 4.160120e-18 0.000000e+00 0.000000e+00
1.460000e+02 3.699087e-18 0.000000e+00 0.000000e+00
1.461000e+02 3.581581e-18 0.000000e+00 0.000000e+00
1.462000e+02 3.464076e-18 0.000000e+00 0.000000e+00
1.463000e+02 3.346570e-18 0.000000e+00 0.000000e+00
1.464000e+02 3.433722e-18 0.000000e+00 0.000000e+00
1.465000e+02 4.039787e-18 0.000000e+00 0.000000e+00
1.466000e+02 4.889693e-18 0.000000e+00 0.000000e+00
1.467000e+02 5.755931e-18 0.000000e+00 0.000000e+00
1.468000e+02 6.622169e-18 0.000000e+00 0.000000e+00
1.469000e+02 9.253680e-18 0.000000e+00 0.000000e+00
1.470000e+02 1.244619e-17 0.000000e+00 0.000000e+00
1.471000e+02 1.841000e-17 0.000000e+00 0.000000e+00
1.472000e+02 2.516668e-17 0.000000e+00 0.000000e+00
1.473000e+02 3.192337e-17 0.000000e+00 0.000000e+00
1.474000e+02 3.868006e-17 0.000000e+00 0.000000e+00
1.475000e+02 4.553657e-17 0.000000e+00 0.000000e+00
1.476000e+02 5.282750e-17 0.000000e+00 0.000000e+00
1.477000e+02 6.011842e-17 0.000000e+00 0.000000e+00
1.478000e+02 6.561648e-17 0.000000e+00 0.000000e+00
1.479000e+02 7.211140e-17 0.000000e+00 0.000000e+00
1.480000e+02 6.521032e-17 0.000000e+00 0.000000e+00
1.481000e+02 5.548901e-17 0.000000e+00 0.000000e+00
1.482000e+02 4.576771e-17 0.000000e+00 0.000000e+00
1.483000e+02 3.604640e-17 0.000000e+00 0.000000e+00
1.484000e+02 2.921070e-17 0.000000e+00 0.000000e+00
1.485000e+02 2.251453e-17 0.000000e+00 0.000000e+00
1.486000e+02 1.581836e-17 0.000000e+00 0.000000e+00
1.487000e+02 9.122197e-18 0.000000e+00 0.000000e+00
1.488000e+02 6.956392e-18 0.000000e+00 0.000000e+00
1.489000e+02 5.293785e-18 0.000000e+00 0.000000e+00
1.490000e+02 4.229897e-18 0.000000e+00 0.000000e+00
1.491000e+02 3.364299e-18 0.000000e+00 0.000000e+00
1.492000e+02 3.200907e-18 0.000000e+00 0.000000e+00
1.493000e+02 3.050553e-18 0.000000e+00 0.000000e+00
1.494000e+02 2.974177e-18 0.000000e+00 0.000000e+00
1.495000e+02 3.111972e-18 0.000000e+00 0.000000e+00
1.496000e+02 3.249768e-18 0.000000e+00 0.000000e+00
1.497000e+02 3.387563e-18 0.000000e+00 0.000000e+00
1.498000e+02 4.099725e-18 0.000000e+00 0.000000e+00
1.499000e+02 5.246530e-18 0.000000e+00 0.000000e+00
1.500000e+02 6.393334e-18 0.000000e+00 0.000000e+00
1.501000e+02 7.540138e-18 0.000000e+00 0.000000e+00
1.502000e+02 8.686943e-18 0.000000e+00 0.000000e+00
1.503000e+02 1.276863e-17 0.000000e+00 0.000000e+00
1.504000e+02 1.798599e-17 0.000000e+00 0.000000e+00
1.505000e+02 2.582162e-17 0.000000e+00 0.000000e+00
1.506000e+02 3.335156e-17 0.000000e+00 0.000000e+00
1.507000e+02 3.939629e-17 0.000000e+00 0.000000e+00
1.508000e+02 4.544101e-17 0.000000e+00 0.000000e+00
1.509000e+02 5.151075e-17 0.000000e+00 0.000000e+00
1.510000e+02 5.767085e-17 0.000000e+00 0.000000e+00
1.511000e+02 6.383096e-17 0.000000e+00 0.000000e+00
1.512000e+02 5.961156e-17 0.000000e+00 0.000000e+00
1.513000e+02 5.313191e-17 0.000000e+00 0.000000e+00
1.514000e+02 4.627565e-17 0.000000e+00 0.000000e+00
1.515000e+02 4.169617e-17 0.000000e+00 0.000000e+00
1.516000e+02 2.743827e-17 0.000000e+00 0.000000e+00
1.517000e+02 2.133373e-17 0.000000e+00 0.000000e+00
1.518000e+02 1.556593e-17 0.000000e+00 0.000000e+00
1.519000e+02 9.373116e-18 0.000000e+00 0.000000e+00
1.520000e+02 1.074245e-17 0.000000e+00 0.000000e+00
1.521000e+02 7.983999e-18 0.000000e+00 0.000000e+00
1.522000e+02 5.225549e-18 0.000000e+00 0.000000e+00
1.523000e+02 3.532603e-18 0.000000e+00 0.000000e+00
1.524000e+02 2.610739e-18 0.000000e+00 0.000000e+00
1.525000e+02 2.340392e-18 0.000000e+00 0.000000e+00
1.526000e+02 2.070044e-18 0.000000e+00 0.000000e+00
1.527000e+02 1.799696e-18 0.000000e+00 0.000000e+00
1.528000e+02 1.738833e-18 0.000000e+00 0.000000e+00
1.529000e+02 1.809013e-18 0.000000e+00 0.000000e+00
1.530000e+02 1.879193e-18 0.000000e+00 0.000000e+00
1.531000e+02 1.949372e-18 0.000000e+00 0.000000e+00
1.532000e+02 2.107098e-18 0.000000e+00 0.000000e+00
1.533000e+02 2.482765e-18 0.000000e+00 0.000000e+00
1.534000e+02 2.858431e-18 0.000000e+00 0.000000e+00
1.535000e+02 3.906828e-18 0.000000e+00 0.000000e+00
1.536000e+02 5.078199e-18 0.000000e+00 0.000000e+00
1.537000e+02 7.265509e-18 0.000000e+00 0.000000e+00
1.538000e+02 1.114946e-17 0.000000e+00 0.000000e+00
1.539000e+02 1.277988e-17 0.000000e+00 0.000000e+00
1.540000e+02 1.444400e-17 0.000000e+00 0.000000e+00
1.541000e+02 1.817217e-17 0.000000e+00 0.000000e+00
1.542000e+02 2.317444e-17 0.000000e+00 0.000000e+00
1.543000e+02 2.742251e-17 0.000000e+00 0.000000e+00
1.544000e+02 2.857157e-17 0.000000e+00 0.000000e+00
1.545000e+02 2.912836e-17 0.000000e+00 0.000000e+00
1.546000e+02 2.803602e-17 0.000000e+00 0.000000e+00
1.547000e+02 2.488399e-17 0.000000e+00 0.000000e+00
1.548000e+02 2.072259e-17 0.000000e+00 0.000000e+00
1.549000e+02 1.776861e-17 0.000000e+00 0.000000e+00
1.550000e+02 1.395351e-17 0.000000e+00 0.000000e+00
1.551000e+02 1.228907e-17 0.000000e+00 0.000000e+00
1.552000e+02 9.094082e-18 0.000000e+00 0.000000e+00
1.553000e+02 6.582018e-18 0.000000e+00 0.000000e+00
1.554000e+02 5.189117e-18 0.000000e+00 0.000000e+00
1.555000e+02 4.193040e-18 0.000000e+00 0.000000e+00
1.556000e+02 3.196963e-18 0.000000e+00 0.000000e+00
1.557000e+02 2.200887e-18 0.000000e+00 0.000000e+00
1.558000e+02 1.487179e-18 0.000000e+00 0.000000e+00
1.559000e+02 1.245701e-18 0.000000e+00 0.000000e+00
1.560000e+02 1.004222e-18 0.000000e+00 0.000000e+00
1.561000e+02 7.914133e-19 0.000000e+00 0.000000e+00
1.562000e+02 6.198899e-19 0.000000e+00 0.000000e+00
1.563000e+02 4.483665e-19 0.000000e+00 0.000000e+00
1.564000e+02 3.401170e-19 0.000000e+00 0.000000e+00
1.565000e+02 3.170284e-19 0.000000e+00 0.000000e+00
1.566000e+02 2.939398e-19 0.000000e+00 0.000000e+00
1.567000e+02 2.708512e-19 0.000000e+00 0.000000e+00
1.568000e+02 2.477626e-19 0.000000e+00 0.000000e+00
1.569000e+02 2.268332e-19 0.000000e+00 0.000000e+00
1.570000e+02 2.061287e-19 0.000000e+00 0.000000e+00
1.571000e+02 1.854242e-19 0.000000e+00 0.000000e+00
1.572000e+02 1.647197e-19 0.000000e+00 0.000000e+00
1.573000e+02 1.440152e-19 0.000000e+00 0.000000e+00
1.574000e+02 1.405178e-19 0.000000e+00 0.000000e+00
1.575000e+02 1.400082e-19 0.000000e+00 0.000000e+00
1.576000e+02 1.394986e-19 0.000000e+00 0.000000e+00
1.577000e+02 1.389890e-19 0.000000e+00 0.000000e+00
1.578000e+02 1.384794e-19 0.000000e+00 0.000000e+00
1.579000e+02 1.267261e-19 0.000000e+00 0.000000e+00
1.580000e+02 1.114557e-19 0.000000e+00 0.000000e+00
1.581000e+02 9.618529e-20 0.000000e+00 0.000000e+00
1.582000e+02 8.091487e-20 0.000000e+00 0.000000e+00
1.583000e+02 6.813418e-20 0.000000e+00 0.000000e+00
1.584000e+02 6.863770e-20 0.000000e+00 0.000000e+00
1.585000e+02 6.914122e-20 0.000000e+00 0.000000e+00
1.586000e+02 6.964475e-20 0.000000e+00 0.000000e+00
1.587000e+02 7.014827e-20 0.000000e+00 0.000000e+00
1.588000e+02 7.065026e-20 0.000000e+00 0.000000e+00
1.589000e+02 7.115084e-20 0.000000e+00 0.000000e+00
1.590000e+02 7.165143e-20 0.000000e+00 0.000000e+00
1.591000e+02 7.215201e-20 0.000000e+00 0.000000e+00
1.592000e+02 7.265259e-20 0.000000e+00 0.000000e+00
1.593000e+02 7.315055e-20 0.000000e+00 0.000000e+00
1.594000e+02 7.364808e-20 0.000000e+00 0.000000e+00
1.595000e+02 7.414560e-20 0.000000e+00 0.000000e+00
1.596000e+02 7.464313e-20 0.000000e+00 0.000000e+00
1.597000e+02 7.514066e-20 0.000000e+00 0.000000e+00
1.598000e+02 7.563609e-20 0.000000e+00 0.000000e+00
1.599000e+02 7.613037e-20 0.000000e+00 0.000000e+00
1.600000e+02 7.662465e-20 0.000000e+00 0.000000e+00
1.601000e+02 7.711893e-20 0.000000e+00 0.000000e+00
1.602000e+02 7.761320e-20 0.000000e+00 0.000000e+00
1.603000e+02 7.810617e-20 0.000000e+00 0.000000e+00
1.604000e+02 7.859712e-20 0.000000e+00 0.000000e+00
1.605000e+02 7.908806e-20 0.000000e+00 0.000000e+00
1.606000e+02 7.957901e-20 0.000000e+00 0.000000e+00
1.607000e+02 8.006996e-20 0.000000e+00 0.000000e+00
1.608000e+02 7.292001e-20 0.000000e+00 0.000000e+00
1.609000e+02 6.144161e-20 0.000000e+00 0.000000e+00
1.610000e+02 4.996321e-20 0.000000e+00 0.000000e+00
1.611000e+02 3.848482e-20 0.000000e+00 0.000000e+00
1.612000e+02 2.700642e-20 0.000000e+00 0.000000e+00
1.613000e+02 2.315799e-20 0.000000e+00 0.000000e+00
1.614000e+02 3.554928e-20 0.000000e+00 0.000000e+00
1.615000e+02 4.794057e-20 0.000000e+00 0.000000e+00
1.616000e+02 6.033187e-20 0.000000e+00 0.000000e+00
1.617000e+02 7.272316e-20 0.000000e+00 0.000000e+00
1.618000e+02 8.511446e-20 0.000000e+00 0.000000e+00
1.619000e+02 8.590493e-20 0.000000e+00 0.000000e+00
1.620000e+02 8.638645e-20 0.000000e+00 0.000000e+00
1.621000e+02 8.686797e-20 0.000000e+00 0.000000e+00
1.622000e+02 8.734949e-20 0.000000e+00 0.000000e+00
1.623000e+02 8.783101e-20 0.000000e+00 0.000000e+00
1.624000e+02 7.885711e-20 0.000000e+00 0.000000e+00
1.625000e+02 6.321778e-20 0.000000e+00 0.000000e+00
1.626000e+02 4.757845e-20 0.000000e+00 0.000000e+00
1.627000e+02 3.193913e-20 0.000000e+00 0.000000e+00
1.628000e+02 1.629980e-20 0.000000e+00 0.000000e+00
1.629000e+02 1.133895e-20 0.000000e+00 0.000000e+00
1.630000e+02 1.086331e-20 0.000000e+00 0.000000e+00
1.631000e+02 1.038768e-20 0.000000e+00 0.000000e+00
1.632000e+02 9.912039e-21 0.000000e+00 0.000000e+00
1.633000e+02 9.436402e-21 0.000000e+00 0.000000e+00
1.634000e+02 1.344828e-20 0.000000e+00 0.000000e+00
1.635000e+02 3.091425e-20 0.000000e+00 0.000000e+00
1.636000e+02 4.838022e-20 0.000000e+00 0.000000e+00
1.637000e+02 6.584619e-20 0.000000e+00 0.000000e+00
1.638000e+02 8.331216e-20 0.000000e+00 0.000000e+00
1.639000e+02 9.591228e-20 0.000000e+00 0.000000e+00
1.640000e+02 9.788165e-20 0.000000e+00 0.000000e+00
1.641000e+02 9.985103e-20 0.000000e+00 0.000000e+00
1.642000e+02 1.018204e-19 0.000000e+00 0.000000e+00
1.643000e+02 1.037898e-19 0.000000e+00 0.000000e+00
1.644000e+02 1.057592e-19 0.000000e+00 0.000000e+00
1.645000e+02 8.988090e-20 0.000000e+00 0.000000e+00
1.646000e+02 6.900477e-20 0.000000e+00 0.000000e+00
1.647000e+02 4.812863e-20 0.000000e+00 0.000000e+00
1.648000e+02 2.725250e-20 0.000000e+00 0.000000e+00
1.649000e+02 6.376360e-21 0.000000e+00 0.000000e+00
1.650000e+02 1.614592e-21 0.000000e+00 0.000000e+00
1.651000e+02 1.356954e-21 0.000000e+00 0.000000e+00
1.652000e+02 1.099315e-21 0.000000e+00 0.000000e+00
1.653000e+02 8.416755e-22 0.000000e+00 0.000000e+00
1.654000e+02 5.840366e-22 0.000000e+00 0.000000e+00
1.655000e+02 8.629096e-22 0.000000e+00 0.000000e+00
1.656000e+02 1.323537e-21 0.000000e+00 0.000000e+00
1.657000e+02 1.784165e-21 0.000000e+00 0.000000e+00
1.658000e+02 2.244793e-21 0.000000e+00 0.000000e+00
1.659000e+02 2.705420e-21 0.000000e+00 0.000000e+00
1.660000e+02 5.003783e-21 0.000000e+00 0.000000e+00
1.661000e+02 2.143687e-20 0.000000e+00 0.000000e+00
1.662000e+02 3.786996e-20 0.000000e+00 0.000000e+00
1.663000e+02 5.430304e-20 0.000000e+00 0.000000e+00
1.664000e+02 7.073613e-20 0.000000e+00 0.000000e+00
1.665000e+02 8.716922e-20 0.000000e+00 0.000000e+00
