! grain-radius [cm]                                         1/abundance of grains                               grain temp                         CR-peak-Temperaturegrain[K]                          spatial point                    

6.99E-07 1.50E-06 3.21E-06 6.89E-06 1.48E-05 3.17E-05      2.493518E+11 1.725436E+12 1.230926E+13 9.375826E+13 8.221278E+14 9.763957E+15 		4.386000e+01 4.419000e+01 4.555000e+01 4.837000e+01 4.839000e+01 4.466000e+01 	73 73 73 73 73 73             !         1
6.99E-07 1.50E-06 3.21E-06 6.89E-06 1.48E-05 3.17E-05      2.041251E+11 1.411229E+12 1.004857E+13 7.622712E+13 6.625790E+14 7.722713E+15 		4.387000e+01 4.420000e+01 4.556000e+01 4.838000e+01 4.840000e+01 4.468000e+01 	73 73 73 73 73 73             !         2
6.99E-07 1.50E-06 3.21E-06 6.89E-06 1.48E-05 3.17E-05      1.679874E+11 1.160376E+12 8.246927E+12 6.230934E+13 5.369576E+14 6.143946E+15 		4.387000e+01 4.420000e+01 4.556000e+01 4.838000e+01 4.840000e+01 4.468000e+01 	73 73 73 73 73 73             !         3
6.99E-07 1.50E-06 3.21E-06 6.89E-06 1.48E-05 3.17E-05      1.389928E+11 9.592709E+11 6.805101E+12 5.121291E+13 4.376080E+14 4.916967E+15 		4.387000e+01 4.420000e+01 4.556000e+01 4.838000e+01 4.841000e+01 4.468000e+01 	73 73 73 73 73 73             !         4
6.99E-07 1.50E-06 3.21E-06 6.89E-06 1.48E-05 3.17E-05      1.156326E+11 7.973747E+11 5.646363E+12 4.232780E+13 3.586830E+14 3.958739E+15 		4.387000e+01 4.420000e+01 4.556000e+01 4.838000e+01 4.841000e+01 4.468000e+01 	73 73 73 73 73 73             !         5
6.99E-07 1.50E-06 3.21E-06 6.89E-06 1.48E-05 3.17E-05      9.673345E+10 6.664966E+11 4.711188E+12 3.518256E+13 2.957007E+14 3.206726E+15 		4.388000e+01 4.421000e+01 4.557000e+01 4.839000e+01 4.842000e+01 4.468000e+01 	73 73 73 73 73 73             !         6
6.99E-07 1.50E-06 3.21E-06 6.89E-06 1.48E-05 3.17E-05      8.137959E+10 5.602503E+11 3.953246E+12 2.941163E+13 2.452133E+14 2.613644E+15 		4.388000e+01 4.421000e+01 4.557000e+01 4.839000e+01 4.842000e+01 4.468000e+01 	73 73 73 73 73 73             !         7
6.99E-07 1.50E-06 3.21E-06 6.89E-06 1.48E-05 3.17E-05      6.885409E+10 4.736394E+11 3.336352E+12 2.473054E+13 2.045591E+14 2.143600E+15 		4.389000e+01 4.423000e+01 4.559000e+01 4.841000e+01 4.843000e+01 4.470000e+01 	73 73 73 73 73 73             !         8
6.99E-07 1.50E-06 3.21E-06 6.89E-06 1.48E-05 3.17E-05      5.859374E+10 4.027419E+11 2.832151E+12 2.091715E+13 1.716756E+14 1.769234E+15 		4.389000e+01 4.423000e+01 4.559000e+01 4.841000e+01 4.843000e+01 4.470000e+01 	73 73 73 73 73 73             !         9
6.99E-07 1.50E-06 3.21E-06 6.89E-06 1.48E-05 3.17E-05      5.015456E+10 3.444686E+11 2.418343E+12 1.779740E+13 1.449585E+14 1.469608E+15 		4.390000e+01 4.424000e+01 4.560000e+01 4.842000e+01 4.844000e+01 4.471000e+01 	73 73 73 73 73 73             !         10
6.99E-07 1.50E-06 3.21E-06 6.89E-06 1.48E-05 3.17E-05      4.318538E+10 2.963779E+11 2.077331E+12 1.523440E+13 1.231555E+14 1.228633E+15 		4.434000e+01 4.468000e+01 4.605000e+01 4.890000e+01 4.893000e+01 4.516000e+01 	73 73 73 73 73 73             !         11
6.99E-07 1.50E-06 3.21E-06 6.89E-06 1.48E-05 3.17E-05      3.740747E+10 2.565330E+11 1.795180E+12 1.312008E+13 1.052851E+14 1.033892E+15 		4.434000e+01 4.468000e+01 4.605000e+01 4.890000e+01 4.892000e+01 4.516000e+01 	73 73 73 73 73 73             !         12
6.99E-07 1.50E-06 3.21E-06 6.89E-06 1.48E-05 3.17E-05      3.259884E+10 2.233928E+11 1.560816E+12 1.136887E+13 9.057531E+13 8.757656E+14 		4.434000e+01 4.468000e+01 4.605000e+01 4.891000e+01 4.893000e+01 4.516000e+01 	73 73 73 73 73 73             !         13
6.99E-07 1.50E-06 3.21E-06 6.89E-06 1.48E-05 3.17E-05      2.858209E+10 1.957262E+11 1.365409E+12 9.912736E+12 7.841668E+13 7.467675E+14 		4.434000e+01 4.468000e+01 4.605000e+01 4.891000e+01 4.893000e+01 4.516000e+01 	73 73 73 73 73 73             !         14
6.99E-07 1.50E-06 3.21E-06 6.89E-06 1.48E-05 3.17E-05      2.521493E+10 1.725469E+11 1.201891E+12 8.697395E+12 6.832614E+13 6.410505E+14 		4.433000e+01 4.467000e+01 4.604000e+01 4.889000e+01 4.892000e+01 4.516000e+01 	73 73 73 73 73 73             !         15
6.99E-07 1.50E-06 3.21E-06 6.89E-06 1.48E-05 3.17E-05      2.238290E+10 1.530616E+11 1.064587E+12 7.679393E+12 5.991944E+13 5.540269E+14 		4.433000e+01 4.467000e+01 4.604000e+01 4.889000e+01 4.892000e+01 4.516000e+01 	73 73 73 73 73 73             !         16
6.99E-07 1.50E-06 3.21E-06 6.89E-06 1.48E-05 3.17E-05      1.999357E+10 1.366301E+11 9.489256E+11 6.823816E+12 5.288977E+13 4.820832E+14 		4.433000e+01 4.467000e+01 4.604000e+01 4.890000e+01 4.892000e+01 4.516000e+01 	73 73 73 73 73 73             !         17
6.99E-07 1.50E-06 3.21E-06 6.89E-06 1.48E-05 3.17E-05      1.797208E+10 1.227346E+11 8.512090E+11 6.102518E+12 4.699128E+13 4.223615E+14 		4.432000e+01 4.466000e+01 4.603000e+01 4.888000e+01 4.891000e+01 4.514000e+01 	73 73 73 73 73 73             !         18
6.99E-07 1.50E-06 3.21E-06 6.89E-06 1.48E-05 3.17E-05      1.625759E+10 1.109542E+11 7.684393E+11 5.492730E+12 4.202625E+13 3.725922E+14 		4.432000e+01 4.466000e+01 4.603000e+01 4.888000e+01 4.891000e+01 4.514000e+01 	73 73 73 73 73 73             !         19
6.99E-07 1.50E-06 3.21E-06 6.89E-06 1.48E-05 3.17E-05      1.480053E+10 1.009461E+11 6.981766E+11 4.975973E+12 3.783510E+13 3.309661E+14 		4.430000e+01 4.464000e+01 4.601000e+01 4.886000e+01 4.889000e+01 4.513000e+01 	73 73 73 73 73 73             !         20
6.99E-07 1.50E-06 3.21E-06 6.89E-06 1.48E-05 3.17E-05      1.356037E+10 9.243036E+10 6.384297E+11 4.537200E+12 3.428859E+13 2.960352E+14 		4.426000e+01 4.461000e+01 4.597000e+01 4.882000e+01 4.886000e+01 4.510000e+01 	73 73 73 73 73 73             !         21
6.99E-07 1.50E-06 3.21E-06 6.89E-06 1.48E-05 3.17E-05      1.250386E+10 8.517737E+10 5.875687E+11 4.164125E+12 3.128173E+13 2.666360E+14 		4.421000e+01 4.455000e+01 4.592000e+01 4.876000e+01 4.881000e+01 4.506000e+01 	73 73 73 73 73 73             !         22
6.99E-07 1.50E-06 3.21E-06 6.89E-06 1.48E-05 3.17E-05      1.160368E+10 7.899859E+10 5.442556E+11 3.846683E+12 2.872889E+13 2.418303E+14 		4.417000e+01 4.451000e+01 4.587000e+01 4.871000e+01 4.876000e+01 4.502000e+01 	73 73 73 73 73 73             !         23
6.99E-07 1.50E-06 3.21E-06 6.89E-06 1.48E-05 3.17E-05      1.083734E+10 7.373868E+10 5.073891E+11 3.576606E+12 2.656009E+13 2.208588E+14 		4.409000e+01 4.442000e+01 4.578000e+01 4.862000e+01 4.868000e+01 4.495000e+01 	73 73 73 73 73 73             !         24
6.99E-07 1.50E-06 3.21E-06 6.89E-06 1.48E-05 3.17E-05      1.018622E+10 6.926936E+10 4.760606E+11 3.347087E+12 2.471790E+13 2.031044E+14 		4.440000e+01 4.474000e+01 4.610000e+01 4.897000e+01 4.905000e+01 4.530000e+01 	73 73 73 73 73 73             !         25
6.99E-07 1.50E-06 3.21E-06 6.89E-06 1.48E-05 3.17E-05      9.634929E+09 6.548444E+10 4.495187E+11 3.152501E+12 2.315509E+13 1.880643E+14 		4.440000e+01 4.474000e+01 4.610000e+01 4.897000e+01 4.905000e+01 4.530000e+01 	73 73 73 73 73 73             !         26
6.99E-07 1.50E-06 3.21E-06 6.89E-06 1.48E-05 3.17E-05      9.170686E+09 6.229584E+10 4.271400E+11 2.988193E+12 2.183267E+13 1.753268E+14 		4.425000e+01 4.459000e+01 4.594000e+01 4.879000e+01 4.889000e+01 4.516000e+01 	73 73 73 73 73 73             !         27
6.99E-07 1.50E-06 3.21E-06 6.89E-06 1.48E-05 3.17E-05      8.782858E+09 5.963028E+10 4.084066E+11 2.850297E+12 2.071837E+13 1.645539E+14 		4.402000e+01 4.435000e+01 4.569000e+01 4.854000e+01 4.866000e+01 4.496000e+01 	73 73 73 73 73 73             !         28
6.99E-07 1.50E-06 3.21E-06 6.89E-06 1.48E-05 3.17E-05      8.462572E+09 5.742662E+10 3.928863E+11 2.735593E+12 1.978539E+13 1.554668E+14 		4.372000e+01 4.405000e+01 4.536000e+01 4.820000e+01 4.836000e+01 4.471000e+01 	73 73 73 73 73 73             !         29
6.99E-07 1.50E-06 3.21E-06 6.89E-06 1.48E-05 3.17E-05      8.202392E+09 5.563362E+10 3.802174E+11 2.641386E+12 1.901135E+13 1.478345E+14 		4.332000e+01 4.363000e+01 4.492000e+01 4.774000e+01 4.794000e+01 4.435000e+01 	73 73 73 73 73 73             !         30
6.99E-07 1.50E-06 3.21E-06 6.89E-06 1.48E-05 3.17E-05      7.996051E+09 5.420813E+10 3.700949E+11 2.565409E+12 1.837748E+13 1.414647E+14 		4.278000e+01 4.308000e+01 4.434000e+01 4.712000e+01 4.738000e+01 4.388000e+01 	73 73 73 73 73 73             !         31
6.99E-07 1.50E-06 3.21E-06 6.89E-06 1.48E-05 3.17E-05      7.838219E+09 5.311345E+10 3.622599E+11 2.505736E+12 1.786789E+13 1.361959E+14 		4.206000e+01 4.235000e+01 4.356000e+01 4.630000e+01 4.664000e+01 4.324000e+01 	73 73 73 73 73 73             !         32
6.99E-07 1.50E-06 3.21E-06 6.89E-06 1.48E-05 3.17E-05      7.724308E+09 5.231798E+10 3.564898E+11 2.460718E+12 1.746903E+13 1.318918E+14 		4.206000e+01 4.235000e+01 4.356000e+01 4.630000e+01 4.664000e+01 4.324000e+01 	73 73 73 73 73 73             !         33
6.99E-07 1.50E-06 3.21E-06 6.89E-06 1.48E-05 3.17E-05      7.650293E+09 5.179406E+10 3.525895E+11 2.428913E+12 1.716913E+13 1.284354E+14 		4.112000e+01 4.140000e+01 4.256000e+01 4.524000e+01 4.566000e+01 4.241000e+01 	73 73 73 73 73 73             !         34
6.99E-07 1.50E-06 3.21E-06 6.89E-06 1.48E-05 3.17E-05      7.612561E+09 5.151683E+10 3.503847E+11 2.409039E+12 1.695781E+13 1.257255E+14 		3.991000e+01 4.016000e+01 4.125000e+01 4.384000e+01 4.438000e+01 4.131000e+01 	73 73 73 73 73 73             !         35
6.99E-07 1.50E-06 3.21E-06 6.89E-06 1.48E-05 3.17E-05      7.607769E+09 5.146339E+10 3.497148E+11 2.399920E+12 1.682568E+13 1.236724E+14 		3.837000e+01 3.860000e+01 3.960000e+01 4.207000e+01 4.274000e+01 3.991000e+01 	73 73 73 73 73 73             !         36
6.99E-07 1.50E-06 3.21E-06 6.89E-06 1.48E-05 3.17E-05      7.632725E+09 5.161185E+10 3.504272E+11 2.400451E+12 1.676406E+13 1.221955E+14 		3.645000e+01 3.666000e+01 3.756000e+01 3.986000e+01 4.067000e+01 3.814000e+01 	73 73 73 73 73 73             !         37
6.99E-07 1.50E-06 3.21E-06 6.89E-06 1.48E-05 3.17E-05      7.684273E+09 5.194067E+10 3.523723E+11 2.409556E+12 1.676464E+13 1.212203E+14 		3.418000e+01 3.436000e+01 3.514000e+01 3.723000e+01 3.816000e+01 3.599000e+01 	73 73 73 73 73 73             !         38
6.99E-07 1.50E-06 3.21E-06 6.89E-06 1.48E-05 3.17E-05      7.759210E+09 5.242799E+10 3.553992E+11 2.426165E+12 1.681932E+13 1.206770E+14 		3.161000e+01 3.177000e+01 3.242000e+01 3.425000e+01 3.523000e+01 3.346000e+01 	73 73 73 73 73 73             !         39
6.99E-07 1.50E-06 3.21E-06 6.89E-06 1.48E-05 3.17E-05      7.854215E+09 5.305125E+10 3.593527E+11 2.449184E+12 1.692003E+13 1.204984E+14 		2.903000e+01 2.916000e+01 2.972000e+01 3.127000e+01 3.216000e+01 3.076000e+01 	73 73 73 73 73 73             !         40
6.99E-07 1.50E-06 3.21E-06 6.89E-06 1.48E-05 3.17E-05      7.965812E+09 5.378685E+10 3.640714E+11 2.477490E+12 1.705860E+13 1.206194E+14 		2.681000e+01 2.693000e+01 2.745000e+01 2.879000e+01 2.941000e+01 2.820000e+01 	73 73 73 73 73 73             !         41
6.99E-07 1.50E-06 3.21E-06 6.89E-06 1.48E-05 3.17E-05      8.090358E+09 5.461013E+10 3.693873E+11 2.509922E+12 1.722676E+13 1.209764E+14 		2.681000e+01 2.693000e+01 2.745000e+01 2.879000e+01 2.941000e+01 2.820000e+01 	73 73 73 73 73 73             !         42
6.99E-07 1.50E-06 3.21E-06 6.89E-06 1.48E-05 3.17E-05      8.224073E+09 5.549551E+10 3.751268E+11 2.545291E+12 1.741620E+13 1.215074E+14 		2.527000e+01 2.540000e+01 2.593000e+01 2.719000e+01 2.750000e+01 2.624000e+01 	73 73 73 73 73 73             !         43
6.99E-07 1.50E-06 3.21E-06 6.89E-06 1.48E-05 3.17E-05      8.363099E+09 5.641697E+10 3.811137E+11 2.582397E+12 1.761861E+13 1.221527E+14 		2.423000e+01 2.437000e+01 2.494000e+01 2.622000e+01 2.636000e+01 2.491000e+01 	73 73 73 73 73 73             !         44
6.99E-07 1.50E-06 3.21E-06 6.89E-06 1.48E-05 3.17E-05      8.503595E+09 5.734859E+10 3.871731E+11 2.620059E+12 1.782595E+13 1.228557E+14 		2.349000e+01 2.363000e+01 2.423000e+01 2.555000e+01 2.565000e+01 2.408000e+01 	73 73 73 73 73 73             !         45
6.99E-07 1.50E-06 3.21E-06 6.89E-06 1.48E-05 3.17E-05      8.641856E+09 5.826544E+10 3.931373E+11 2.657147E+12 1.803063E+13 1.235646E+14 		2.300000e+01 2.315000e+01 2.377000e+01 2.512000e+01 2.520000e+01 2.355000e+01 	73 73 73 73 73 73             !         46
6.99E-07 1.50E-06 3.21E-06 6.89E-06 1.48E-05 3.17E-05      8.774449E+09 5.914442E+10 3.988512E+11 2.692625E+12 1.822573E+13 1.242334E+14 		2.256000e+01 2.272000e+01 2.334000e+01 2.470000e+01 2.478000e+01 2.312000e+01 	73 73 73 73 73 73             !         47
6.99E-07 1.50E-06 3.21E-06 6.89E-06 1.48E-05 3.17E-05      8.898343E+09 5.996518E+10 4.041786E+11 2.725587E+12 1.840531E+13 1.248235E+14 		2.226000e+01 2.242000e+01 2.304000e+01 2.439000e+01 2.446000e+01 2.280000e+01 	73 73 73 73 73 73             !         48
6.99E-07 1.50E-06 3.21E-06 6.89E-06 1.48E-05 3.17E-05      9.011030E+09 6.071088E+10 4.090071E+11 2.755291E+12 1.856458E+13 1.253047E+14 		2.221000e+01 2.237000e+01 2.299000e+01 2.435000e+01 2.444000e+01 2.277000e+01 	73 73 73 73 73 73             !         49
6.99E-07 1.50E-06 3.21E-06 6.89E-06 1.48E-05 3.17E-05      9.110614E+09 6.136886E+10 4.132526E+11 2.781187E+12 1.870004E+13 1.256561E+14 		2.196000e+01 2.212000e+01 2.274000e+01 2.408000e+01 2.417000e+01 2.251000e+01 	73 73 73 73 73 73             !         50
6.99E-07 1.50E-06 3.21E-06 6.89E-06 1.48E-05 3.17E-05      9.195863E+09 6.193089E+10 4.168610E+11 2.802928E+12 1.880960E+13 1.258660E+14 		2.172000e+01 2.187000e+01 2.249000e+01 2.382000e+01 2.391000e+01 2.227000e+01 	73 73 73 73 73 73             !         51
6.99E-07 1.50E-06 3.21E-06 6.89E-06 1.48E-05 3.17E-05      9.266219E+09 6.239329E+10 4.198086E+11 2.820371E+12 1.889250E+13 1.259319E+14 		2.149000e+01 2.164000e+01 2.225000e+01 2.358000e+01 2.366000e+01 2.203000e+01 	73 73 73 73 73 73             !         52
6.99E-07 1.50E-06 3.21E-06 6.89E-06 1.48E-05 3.17E-05      9.321761E+09 6.275667E+10 4.221005E+11 2.833565E+12 1.894926E+13 1.258593E+14 		2.149000e+01 2.164000e+01 2.225000e+01 2.358000e+01 2.366000e+01 2.203000e+01 	73 73 73 73 73 73             !         53
6.99E-07 1.50E-06 3.21E-06 6.89E-06 1.48E-05 3.17E-05      9.363133E+09 6.302543E+10 4.237674E+11 2.842729E+12 1.898151E+13 1.256608E+14 		2.132000e+01 2.147000e+01 2.208000e+01 2.340000e+01 2.349000e+01 2.186000e+01 	73 73 73 73 73 73             !         54
6.99E-07 1.50E-06 3.21E-06 6.89E-06 1.48E-05 3.17E-05      9.391445E+09 6.320711E+10 4.248606E+11 2.848217E+12 1.899174E+13 1.253544E+14 		2.114000e+01 2.129000e+01 2.190000e+01 2.321000e+01 2.329000e+01 2.168000e+01 	73 73 73 73 73 73             !         55
6.99E-07 1.50E-06 3.21E-06 6.89E-06 1.48E-05 3.17E-05      9.408157E+09 6.331156E+10 4.254471E+11 2.850486E+12 1.898312E+13 1.249619E+14 		2.099000e+01 2.114000e+01 2.175000e+01 2.304000e+01 2.312000e+01 2.151000e+01 	73 73 73 73 73 73             !         56
6.99E-07 1.50E-06 3.21E-06 6.89E-06 1.48E-05 3.17E-05      9.414952E+09 6.335015E+10 4.256036E+11 2.850057E+12 1.895918E+13 1.245071E+14 		2.085000e+01 2.100000e+01 2.160000e+01 2.288000e+01 2.296000e+01 2.136000e+01 	73 73 73 73 73 73             !         57
6.99E-07 1.50E-06 3.21E-06 6.89E-06 1.48E-05 3.17E-05      9.413621E+09 6.333495E+10 4.254115E+11 2.847479E+12 1.892362E+13 1.240146E+14 		2.072000e+01 2.087000e+01 2.147000e+01 2.276000e+01 2.283000e+01 2.124000e+01 	73 73 73 73 73 73             !         58
6.99E-07 1.50E-06 3.21E-06 6.89E-06 1.48E-05 3.17E-05      9.405946E+09 6.327797E+10 4.249517E+11 2.843296E+12 1.888007E+13 1.235081E+14 		2.064000e+01 2.079000e+01 2.139000e+01 2.268000e+01 2.276000e+01 2.117000e+01 	73 73 73 73 73 73             !         59
6.99E-07 1.50E-06 3.21E-06 6.89E-06 1.48E-05 3.17E-05      9.393609E+09 6.319052E+10 4.243004E+11 2.838019E+12 1.883194E+13 1.230098E+14 		2.055000e+01 2.069000e+01 2.129000e+01 2.257000e+01 2.265000e+01 2.107000e+01 	73 73 73 73 73 73             !         60
6.99E-07 1.50E-06 3.21E-06 6.89E-06 1.48E-05 3.17E-05      9.378113E+09 6.308273E+10 4.235254E+11 2.832102E+12 1.878223E+13 1.225390E+14 		2.048000e+01 2.062000e+01 2.122000e+01 2.250000e+01 2.258000e+01 2.099000e+01 	73 73 73 73 73 73             !         61
6.99E-07 1.50E-06 3.21E-06 6.89E-06 1.48E-05 3.17E-05      9.360721E+09 6.296308E+10 4.226839E+11 2.825925E+12 1.873346E+13 1.221115E+14 		2.045000e+01 2.059000e+01 2.119000e+01 2.247000e+01 2.255000e+01 2.097000e+01 	73 73 73 73 73 73             !         62
6.99E-07 1.50E-06 3.21E-06 6.89E-06 1.48E-05 3.17E-05      9.342412E+09 6.283816E+10 4.218198E+11 2.819782E+12 1.868755E+13 1.217397E+14 		2.041000e+01 2.056000e+01 2.116000e+01 2.244000e+01 2.251000e+01 2.093000e+01 	73 73 73 73 73 73             !         63
6.99E-07 1.50E-06 3.21E-06 6.89E-06 1.48E-05 3.17E-05      9.323850E+09 6.271243E+10 4.209630E+11 2.813873E+12 1.864579E+13 1.214315E+14 		2.041000e+01 2.055000e+01 2.115000e+01 2.244000e+01 2.251000e+01 2.093000e+01 	73 73 73 73 73 73             !         64
