size1 size2 size3 size4 size5 size6
3.35210E-06 4.84430E-07 6.79044E-08 8.91497E-09 1.01669E-09 8.56059E-11
4.30745E-06 6.23045E-07 8.75009E-08 1.15347E-08 1.32703E-09 1.13854E-10
5.51309E-06 7.98129E-07 1.12300E-07 1.48634E-08 1.72477E-09 1.50739E-10
7.02815E-06 1.01834E-06 1.43549E-07 1.90745E-08 2.23228E-09 1.98672E-10
8.92398E-06 1.29413E-06 1.82755E-07 2.43789E-08 2.87692E-09 2.60665E-10
1.12862E-05 1.63805E-06 2.31736E-07 3.10311E-08 3.69209E-09 3.40457E-10
1.42170E-05 2.06510E-06 2.92664E-07 3.93373E-08 4.71823E-09 4.42667E-10
1.78377E-05 2.59311E-06 3.68127E-07 4.96633E-08 6.00413E-09 5.72962E-10
2.22917E-05 3.24315E-06 4.61187E-07 6.24441E-08 7.60826E-09 7.38259E-10
2.77471E-05 4.03997E-06 5.75452E-07 7.81935E-08 9.60027E-09 9.46947E-10
3.44003E-05 5.01249E-06 7.15144E-07 9.75156E-08 1.20627E-08 1.20914E-09
4.24795E-05 6.19434E-06 8.85177E-07 1.21116E-07 1.50929E-08 1.53696E-09
5.22478E-05 7.62432E-06 1.09124E-06 1.49814E-07 1.88044E-08 1.94483E-09
6.40071E-05 9.34702E-06 1.33986E-06 1.84556E-07 2.33299E-08 2.44983E-09
7.81015E-05 1.14133E-05 1.63852E-06 2.26427E-07 2.88224E-08 3.07203E-09
9.49209E-05 1.38807E-05 1.99571E-06 2.76663E-07 3.54577E-08 3.83484E-09
1.14904E-04 1.68143E-05 2.42100E-06 3.36666E-07 4.34365E-08 4.76546E-09
1.38542E-04 2.02868E-05 2.92512E-06 4.08010E-07 5.29862E-08 5.89516E-09
1.66379E-04 2.43787E-05 3.52002E-06 4.92455E-07 6.43626E-08 7.25973E-09
1.99015E-04 2.91792E-05 4.21889E-06 5.91951E-07 7.78518E-08 8.89980E-09
2.37108E-04 3.47858E-05 5.03621E-06 7.08646E-07 9.37708E-08 1.08611E-08
2.81369E-04 4.13044E-05 5.98773E-06 8.44884E-07 1.12468E-07 1.31948E-08
3.32567E-04 4.88490E-05 7.09042E-06 1.00320E-06 1.34325E-07 1.59575E-08
3.91519E-04 5.75413E-05 8.36246E-06 1.18633E-06 1.59752E-07 1.92115E-08
4.59090E-04 6.75102E-05 9.82309E-06 1.39715E-06 1.89190E-07 2.30246E-08
5.36184E-04 7.88904E-05 1.14925E-05 1.63873E-06 2.23108E-07 2.74698E-08
6.23737E-04 9.18215E-05 1.33916E-05 1.91423E-06 2.61997E-07 3.26254E-08
7.22705E-04 1.06446E-04 1.55419E-05 2.22693E-06 3.06366E-07 3.85735E-08
8.34049E-04 1.22908E-04 1.79650E-05 2.58013E-06 3.56738E-07 4.54000E-08
9.58723E-04 1.41350E-04 2.06824E-05 2.97716E-06 4.13638E-07 5.31934E-08
1.09766E-03 1.61911E-04 2.37153E-05 3.42126E-06 4.77591E-07 6.20432E-08
1.25173E-03 1.84724E-04 2.70837E-05 3.91555E-06 5.49105E-07 7.20385E-08
1.42176E-03 2.09911E-04 3.08063E-05 4.46298E-06 6.28663E-07 8.32662E-08
1.60848E-03 2.37582E-04 3.48998E-05 5.06618E-06 7.16711E-07 9.58093E-08
1.81248E-03 2.67827E-04 3.93785E-05 5.72744E-06 8.13644E-07 1.09744E-07
2.03425E-03 3.00720E-04 4.42534E-05 6.44858E-06 9.19788E-07 1.25138E-07
2.27408E-03 3.36306E-04 4.95321E-05 7.23089E-06 1.03539E-06 1.42046E-07
2.53208E-03 3.74605E-04 5.52178E-05 8.07502E-06 1.16061E-06 1.60511E-07
2.80816E-03 4.15601E-04 6.13088E-05 8.98089E-06 1.29548E-06 1.80557E-07
3.10197E-03 4.59245E-04 6.77984E-05 9.94761E-06 1.43992E-06 2.02190E-07
3.41291E-03 5.05450E-04 7.46738E-05 1.09734E-05 1.59372E-06 2.25392E-07
3.74010E-03 5.54086E-04 8.19160E-05 1.20556E-05 1.75650E-06 2.50121E-07
4.08237E-03 6.04981E-04 8.94997E-05 1.31905E-05 1.92773E-06 2.76310E-07
4.43827E-03 6.57917E-04 9.73927E-05 1.43734E-05 2.10673E-06 3.03863E-07
4.80603E-03 7.12633E-04 1.05556E-04 1.55983E-05 2.29264E-06 3.32655E-07
5.18359E-03 7.68823E-04 1.13944E-04 1.68586E-05 2.48443E-06 3.62529E-07
5.56859E-03 8.26136E-04 1.22505E-04 1.81464E-05 2.68090E-06 3.93303E-07
5.95843E-03 8.84183E-04 1.31180E-04 1.94528E-05 2.88070E-06 4.24761E-07
6.35024E-03 9.42536E-04 1.39905E-04 2.07681E-05 3.08233E-06 4.56664E-07
6.74093E-03 1.00074E-03 1.48611E-04 2.20819E-05 3.28416E-06 4.88747E-07
7.12722E-03 1.05829E-03 1.57225E-04 2.33830E-05 3.48444E-06 5.20720E-07
7.50572E-03 1.11470E-03 1.65670E-04 2.46598E-05 3.68134E-06 5.52280E-07
7.87292E-03 1.16943E-03 1.73867E-04 2.59000E-05 3.87295E-06 5.83107E-07
8.22528E-03 1.22196E-03 1.81737E-04 2.70917E-05 4.05734E-06 6.12875E-07
8.55928E-03 1.27176E-03 1.89201E-04 2.82226E-05 4.23257E-06 6.41253E-07
8.87145E-03 1.31831E-03 1.96180E-04 2.92806E-05 4.39675E-06 6.67916E-07
9.15848E-03 1.36111E-03 2.02599E-04 3.02544E-05 4.54802E-06 6.92545E-07
9.41725E-03 1.39971E-03 2.08387E-04 3.11329E-05 4.68464E-06 7.14839E-07
9.64486E-03 1.43366E-03 2.13481E-04 3.19063E-05 4.80501E-06 7.34518E-07
9.83873E-03 1.46258E-03 2.17820E-04 3.25654E-05 4.90768E-06 7.51331E-07
9.99662E-03 1.48614E-03 2.21355E-04 3.31024E-05 4.99139E-06 7.65058E-07
1.01167E-02 1.50405E-03 2.24044E-04 3.35110E-05 5.05511E-06 7.75518E-07
1.01976E-02 1.51611E-03 2.25854E-04 3.37862E-05 5.09804E-06 7.82570E-07
1.02382E-02 1.52218E-03 2.26765E-04 3.39247E-05 5.11964E-06 7.86121E-07
