! grain-radius [cm]                                         1/abundance of grains                               grain temp                         CR-peak-Temperaturegrain[K]                          spatial point                    

6.9860E-07 1.4984E-06 3.2140E-06 6.8938E-06 1.4787E-05 3.1716E-05 6.8028E-05 1.4591E-04     2.460067E+11 1.676160E+12 1.156731E+13 8.204546E+13 6.172190E+14 5.269480E+15 5.907875E+16 1.193453E+18 	5.357000e+01 5.399000e+01 5.567000e+01 5.917000e+01 5.919000e+01 5.456000e+01 4.842000e+01 4.235000e+01 	73 73 73 73 73 73 73 73             !         1
6.9860E-07 1.4984E-06 3.2140E-06 6.8938E-06 1.4787E-05 3.1716E-05 6.8028E-05 1.4591E-04     2.014774E+11 1.372251E+12 9.462458E+12 6.700134E+13 5.021981E+14 4.253891E+15 4.689433E+16 9.136358E+17 	5.357000e+01 5.399000e+01 5.567000e+01 5.917000e+01 5.919000e+01 5.456000e+01 4.842000e+01 4.235000e+01 	73 73 73 73 73 73 73 73             !         2
6.9860E-07 1.4984E-06 3.2140E-06 6.8938E-06 1.4787E-05 3.1716E-05 6.8028E-05 1.4591E-04     1.658819E+11 1.129399E+12 7.781744E+12 5.500796E+13 4.108178E+14 3.453008E+15 3.743850E+16 7.038814E+17 	5.359000e+01 5.401000e+01 5.569000e+01 5.919000e+01 5.921000e+01 5.458000e+01 4.843000e+01 4.237000e+01 	73 73 73 73 73 73 73 73             !         3
6.9860E-07 1.4984E-06 3.2140E-06 6.8938E-06 1.4787E-05 3.1716E-05 6.8028E-05 1.4591E-04     1.373105E+11 9.345357E+11 6.434135E+12 4.540666E+13 3.379097E+14 2.818645E+15 3.006522E+16 5.457872E+17 	5.359000e+01 5.401000e+01 5.569000e+01 5.919000e+01 5.921000e+01 5.458000e+01 4.843000e+01 4.237000e+01 	73 73 73 73 73 73 73 73             !         4
6.9860E-07 1.4984E-06 3.2140E-06 6.8938E-06 1.4787E-05 3.1716E-05 6.8028E-05 1.4591E-04     1.142821E+11 7.775286E+11 5.349102E+12 3.768798E+13 2.794903E+14 2.313939E+15 2.428821E+16 4.259728E+17 	5.413000e+01 5.454000e+01 5.624000e+01 5.979000e+01 5.982000e+01 5.513000e+01 4.892000e+01 4.281000e+01 	73 73 73 73 73 73 73 73             !         5
6.9860E-07 1.4984E-06 3.2140E-06 6.8938E-06 1.4787E-05 3.1716E-05 6.8028E-05 1.4591E-04     9.564394E+10 6.504959E+11 4.471825E+12 3.145656E+13 2.324786E+14 1.910592E+15 1.974001E+16 3.346653E+17 	5.413000e+01 5.454000e+01 5.624000e+01 5.979000e+01 5.982000e+01 5.513000e+01 4.892000e+01 4.281000e+01 	73 73 73 73 73 73 73 73             !         6
6.9860E-07 1.4984E-06 3.2140E-06 6.8938E-06 1.4787E-05 3.1716E-05 6.8028E-05 1.4591E-04     8.049636E+10 5.472865E+11 3.759552E+12 2.640455E+13 1.944840E+14 1.586803E+15 1.614189E+16 2.646941E+17 	5.414000e+01 5.456000e+01 5.626000e+01 5.981000e+01 5.983000e+01 5.514000e+01 4.893000e+01 4.282000e+01 	73 73 73 73 73 73 73 73             !         7
6.9860E-07 1.4984E-06 3.2140E-06 6.8938E-06 1.4787E-05 3.1716E-05 6.8028E-05 1.4591E-04     6.813455E+10 4.630840E+11 3.178834E+12 2.229146E+13 1.636448E+14 1.325713E+15 1.328157E+16 2.107732E+17 	5.414000e+01 5.456000e+01 5.626000e+01 5.981000e+01 5.983000e+01 5.514000e+01 4.893000e+01 4.282000e+01 	73 73 73 73 73 73 73 73             !         8
6.9860E-07 1.4984E-06 3.2140E-06 6.8938E-06 1.4787E-05 3.1716E-05 6.8028E-05 1.4591E-04     5.800462E+10 3.941046E+11 2.703409E+12 1.892876E+13 1.385064E+14 1.114242E+15 1.099675E+16 1.689881E+17 	5.415000e+01 5.457000e+01 5.627000e+01 5.981000e+01 5.984000e+01 5.515000e+01 4.893000e+01 4.282000e+01 	73 73 73 73 73 73 73 73             !         9
6.9860E-07 1.4984E-06 3.2140E-06 6.8938E-06 1.4787E-05 3.1716E-05 6.8028E-05 1.4591E-04     4.966980E+10 3.373653E+11 2.312588E+12 1.616815E+13 1.179280E+14 9.422012E+14 9.162832E+15 1.364258E+17 	5.415000e+01 5.457000e+01 5.627000e+01 5.981000e+01 5.984000e+01 5.515000e+01 4.893000e+01 4.282000e+01 	73 73 73 73 73 73 73 73             !         10
6.9860E-07 1.4984E-06 3.2140E-06 6.8938E-06 1.4787E-05 3.1716E-05 6.8028E-05 1.4591E-04     4.278448E+10 2.905065E+11 1.990018E+12 1.389256E+13 1.010121E+14 8.016247E+14 7.683776E+15 1.109088E+17 	5.415000e+01 5.456000e+01 5.627000e+01 5.981000e+01 5.983000e+01 5.514000e+01 4.893000e+01 4.282000e+01 	73 73 73 73 73 73 73 73             !         11
6.9860E-07 1.4984E-06 3.2140E-06 6.8938E-06 1.4787E-05 3.1716E-05 6.8028E-05 1.4591E-04     3.707425E+10 2.516553E+11 1.722725E+12 1.200926E+13 8.704969E+13 6.862623E+14 6.485264E+15 9.080154E+16 	5.413000e+01 5.455000e+01 5.625000e+01 5.979000e+01 5.983000e+01 5.514000e+01 4.892000e+01 4.281000e+01 	73 73 73 73 73 73 73 73             !         12
6.9860E-07 1.4984E-06 3.2140E-06 6.8938E-06 1.4787E-05 3.1716E-05 6.8028E-05 1.4591E-04     3.232046E+10 2.193199E+11 1.500383E+12 1.044454E+13 7.547886E+13 5.911908E+14 5.509541E+15 7.486948E+16 	5.413000e+01 5.455000e+01 5.625000e+01 5.979000e+01 5.983000e+01 5.514000e+01 4.892000e+01 4.281000e+01 	73 73 73 73 73 73 73 73             !         13
6.9860E-07 1.4984E-06 3.2140E-06 6.8938E-06 1.4787E-05 3.1716E-05 6.8028E-05 1.4591E-04     2.834834E+10 1.923080E+11 1.314744E+12 9.139598E+12 6.585266E+13 5.125184E+14 4.711549E+15 6.217652E+16 	5.409000e+01 5.451000e+01 5.621000e+01 5.975000e+01 5.979000e+01 5.511000e+01 4.890000e+01 4.279000e+01 	73 73 73 73 73 73 73 73             !         14
6.9860E-07 1.4984E-06 3.2140E-06 6.8938E-06 1.4787E-05 3.1716E-05 6.8028E-05 1.4591E-04     2.501766E+10 1.696634E+11 1.159197E+12 8.047365E+12 5.781433E+13 4.471565E+14 4.055989E+15 5.200946E+16 	5.408000e+01 5.450000e+01 5.619000e+01 5.973000e+01 5.977000e+01 5.509000e+01 4.889000e+01 4.278000e+01 	73 73 73 73 73 73 73 73             !         15
6.9860E-07 1.4984E-06 3.2140E-06 6.8938E-06 1.4787E-05 3.1716E-05 6.8028E-05 1.4591E-04     2.221556E+10 1.506168E+11 1.028425E+12 7.130035E+12 5.107806E+13 3.926455E+14 3.515096E+15 4.382229E+16 	5.408000e+01 5.450000e+01 5.619000e+01 5.973000e+01 5.977000e+01 5.509000e+01 4.889000e+01 4.278000e+01 	73 73 73 73 73 73 73 73             !         16
6.9860E-07 1.4984E-06 3.2140E-06 6.8938E-06 1.4787E-05 3.1716E-05 6.8028E-05 1.4591E-04     1.985090E+10 1.345467E+11 9.181399E+11 6.357141E+12 4.541410E+13 3.470191E+14 3.066942E+15 3.719507E+16 	5.402000e+01 5.443000e+01 5.613000e+01 5.966000e+01 5.971000e+01 5.505000e+01 4.885000e+01 4.275000e+01 	73 73 73 73 73 73 73 73             !         17
6.9860E-07 1.4984E-06 3.2140E-06 6.8938E-06 1.4787E-05 3.1716E-05 6.8028E-05 1.4591E-04     1.784982E+10 1.209502E+11 8.248668E+11 5.704042E+12 4.063713E+13 3.086998E+14 2.694142E+15 3.180327E+16 	5.391000e+01 5.433000e+01 5.602000e+01 5.955000e+01 5.961000e+01 5.496000e+01 4.877000e+01 4.269000e+01 	73 73 73 73 73 73 73 73             !         18
6.9860E-07 1.4984E-06 3.2140E-06 6.8938E-06 1.4787E-05 3.1716E-05 6.8028E-05 1.4591E-04     1.615231E+10 1.094181E+11 7.457853E+11 5.150748E+12 3.659716E+13 2.764176E+14 2.382857E+15 2.739495E+16 	5.379000e+01 5.421000e+01 5.588000e+01 5.940000e+01 5.948000e+01 5.485000e+01 4.868000e+01 4.261000e+01 	73 73 73 73 73 73 73 73             !         19
6.9860E-07 1.4984E-06 3.2140E-06 6.8938E-06 1.4787E-05 3.1716E-05 6.8028E-05 1.4591E-04     1.470941E+10 9.961731E+10 6.785970E+11 4.680992E+12 3.317241E+13 2.491463E+14 2.122030E+15 2.377357E+16 	5.379000e+01 5.421000e+01 5.588000e+01 5.940000e+01 5.948000e+01 5.485000e+01 4.868000e+01 4.261000e+01 	73 73 73 73 73 73 73 73             !         20
6.9860E-07 1.4984E-06 3.2140E-06 6.8938E-06 1.4787E-05 3.1716E-05 6.8028E-05 1.4591E-04     1.348112E+10 9.127515E+10 6.214238E+11 4.281491E+12 3.026367E+13 2.260541E+14 1.902788E+15 2.078516E+16 	5.359000e+01 5.400000e+01 5.567000e+01 5.918000e+01 5.928000e+01 5.468000e+01 4.854000e+01 4.248000e+01 	73 73 73 73 73 73 73 73             !         21
6.9860E-07 1.4984E-06 3.2140E-06 6.8938E-06 1.4787E-05 3.1716E-05 6.8028E-05 1.4591E-04     1.243460E+10 8.416826E+10 5.727265E+11 3.941373E+12 2.778987E+13 2.064644E+14 1.717989E+15 1.830851E+16 	5.332000e+01 5.372000e+01 5.537000e+01 5.887000e+01 5.901000e+01 5.444000e+01 4.834000e+01 4.232000e+01 	73 73 73 73 73 73 73 73             !         22
6.9860E-07 1.4984E-06 3.2140E-06 6.8938E-06 1.4787E-05 3.1716E-05 6.8028E-05 1.4591E-04     1.154288E+10 7.811294E+10 5.312403E+11 3.651709E+12 2.568462E+13 1.898250E+14 1.561861E+15 1.624779E+16 	5.292000e+01 5.332000e+01 5.494000e+01 5.842000e+01 5.859000e+01 5.410000e+01 4.804000e+01 4.207000e+01 	73 73 73 73 73 73 73 73             !         23
6.9860E-07 1.4984E-06 3.2140E-06 6.8938E-06 1.4787E-05 3.1716E-05 6.8028E-05 1.4591E-04     1.078371E+10 7.295782E+10 4.959234E+11 3.405150E+12 2.389332E+13 1.756843E+14 1.429723E+15 1.452689E+16 	5.350000e+01 5.390000e+01 5.554000e+01 5.906000e+01 5.923000e+01 5.467000e+01 4.856000e+01 4.253000e+01 	73 73 73 73 73 73 73 73             !         24
6.9860E-07 1.4984E-06 3.2140E-06 6.8938E-06 1.4787E-05 3.1716E-05 6.8028E-05 1.4591E-04     1.013871E+10 6.857785E+10 4.659150E+11 3.195632E+12 2.237100E+13 1.636712E+14 1.317764E+15 1.308508E+16 	5.296000e+01 5.335000e+01 5.497000e+01 5.844000e+01 5.868000e+01 5.421000e+01 4.816000e+01 4.219000e+01 	73 73 73 73 73 73 73 73             !         25
6.9860E-07 1.4984E-06 3.2140E-06 6.8938E-06 1.4787E-05 3.1716E-05 6.8028E-05 1.4591E-04     9.592660E+09 6.486948E+10 4.405030E+11 3.018139E+12 2.108053E+13 1.534805E+14 1.222872E+15 1.187375E+16 	5.221000e+01 5.259000e+01 5.415000e+01 5.759000e+01 5.791000e+01 5.355000e+01 4.761000e+01 4.172000e+01 	73 73 73 73 73 73 73 73             !         26
6.9860E-07 1.4984E-06 3.2140E-06 6.8938E-06 1.4787E-05 3.1716E-05 6.8028E-05 1.4591E-04     9.132932E+09 6.174677E+10 4.190963E+11 2.868508E+12 1.999114E+13 1.448598E+14 1.142496E+15 1.085373E+16 	5.221000e+01 5.259000e+01 5.415000e+01 5.759000e+01 5.791000e+01 5.355000e+01 4.761000e+01 4.172000e+01 	73 73 73 73 73 73 73 73             !         27
6.9860E-07 1.4984E-06 3.2140E-06 6.8938E-06 1.4787E-05 3.1716E-05 6.8028E-05 1.4591E-04     8.749014E+09 5.913822E+10 4.012033E+11 2.743283E+12 1.907728E+13 1.376004E+14 1.074539E+15 9.993397E+15 	5.121000e+01 5.157000e+01 5.307000e+01 5.644000e+01 5.685000e+01 5.265000e+01 4.684000e+01 4.108000e+01 	73 73 73 73 73 73 73 73             !         28
6.9860E-07 1.4984E-06 3.2140E-06 6.8938E-06 1.4787E-05 3.1716E-05 6.8028E-05 1.4591E-04     8.432130E+09 5.698417E+10 3.864137E+11 2.639576E+12 1.831765E+13 1.315287E+14 1.017266E+15 9.267058E+15 	4.986000e+01 5.020000e+01 5.162000e+01 5.490000e+01 5.543000e+01 5.143000e+01 4.582000e+01 4.021000e+01 	73 73 73 73 73 73 73 73             !         29
6.9860E-07 1.4984E-06 3.2140E-06 6.8938E-06 1.4787E-05 3.1716E-05 6.8028E-05 1.4591E-04     8.174931E+09 5.523461E+10 3.743840E+11 2.554973E+12 1.769443E+13 1.264995E+14 9.692391E+14 8.653753E+15 	4.810000e+01 4.841000e+01 4.973000e+01 5.288000e+01 5.357000e+01 4.983000e+01 4.446000e+01 3.907000e+01 	73 73 73 73 73 73 73 73             !         30
6.9860E-07 1.4984E-06 3.2140E-06 6.8938E-06 1.4787E-05 3.1716E-05 6.8028E-05 1.4591E-04     7.971216E+09 5.384739E+10 3.648243E+11 2.487436E+12 1.719264E+13 1.223913E+14 9.292595E+14 8.136284E+15 	4.810000e+01 4.841000e+01 4.973000e+01 5.288000e+01 5.357000e+01 4.983000e+01 4.446000e+01 3.907000e+01 	73 73 73 73 73 73 73 73             !         31
6.9860E-07 1.4984E-06 3.2140E-06 6.8938E-06 1.4787E-05 3.1716E-05 6.8028E-05 1.4591E-04     7.815718E+09 5.278668E+10 3.574885E+11 2.435236E+12 1.679953E+13 1.191010E+14 8.963188E+14 7.700460E+15 	4.585000e+01 4.613000e+01 4.732000e+01 5.028000e+01 5.114000e+01 4.775000e+01 4.271000e+01 3.760000e+01 	73 73 73 73 73 73 73 73             !         32
6.9860E-07 1.4984E-06 3.2140E-06 6.8938E-06 1.4787E-05 3.1716E-05 6.8028E-05 1.4591E-04     7.703894E+09 5.202161E+10 3.521645E+11 2.396886E+12 1.650419E+13 1.165405E+14 8.695627E+14 7.334487E+15 	4.310000e+01 4.335000e+01 4.438000e+01 4.711000e+01 4.813000e+01 4.517000e+01 4.054000e+01 3.578000e+01 	73 73 73 73 73 73 73 73             !         33
6.9860E-07 1.4984E-06 3.2140E-06 6.8938E-06 1.4787E-05 3.1716E-05 6.8028E-05 1.4591E-04     7.631765E+09 5.152512E+10 3.486667E+11 2.371083E+12 1.629708E+13 1.146333E+14 8.482586E+14 7.028478E+15 	3.993000e+01 4.013000e+01 4.102000e+01 4.342000e+01 4.454000e+01 4.206000e+01 3.795000e+01 3.363000e+01 	73 73 73 73 73 73 73 73             !         34
6.9860E-07 1.4984E-06 3.2140E-06 6.8938E-06 1.4787E-05 3.1716E-05 6.8028E-05 1.4591E-04     7.595752E+09 5.127291E+10 3.468282E+11 2.356661E+12 1.616968E+13 1.133118E+14 8.317685E+14 6.774062E+15 	3.993000e+01 4.013000e+01 4.102000e+01 4.342000e+01 4.454000e+01 4.206000e+01 3.795000e+01 3.363000e+01 	73 73 73 73 73 73 73 73             !         35
6.9860E-07 1.4984E-06 3.2140E-06 6.8938E-06 1.4787E-05 3.1716E-05 6.8028E-05 1.4591E-04     7.592544E+09 5.124249E+10 3.464953E+11 2.352545E+12 1.611421E+13 1.125148E+14 8.195268E+14 6.564069E+15 	3.664000e+01 3.681000e+01 3.756000e+01 3.961000e+01 4.069000e+01 3.868000e+01 3.514000e+01 3.129000e+01 	73 73 73 73 73 73 73 73             !         36
6.9860E-07 1.4984E-06 3.2140E-06 6.8938E-06 1.4787E-05 3.1716E-05 6.8028E-05 1.4591E-04     7.618974E+09 5.141237E+10 3.475208E+11 2.357716E+12 1.612331E+13 1.121854E+14 8.110212E+14 6.392267E+15 	3.375000e+01 3.391000e+01 3.460000e+01 3.637000e+01 3.716000e+01 3.544000e+01 3.242000e+01 2.902000e+01 	73 73 73 73 73 73 73 73             !         37
6.9860E-07 1.4984E-06 3.2140E-06 6.8938E-06 1.4787E-05 3.1716E-05 6.8028E-05 1.4591E-04     7.671909E+09 5.176132E+10 3.497600E+11 2.371169E+12 1.618984E+13 1.122691E+14 8.057767E+14 6.253164E+15 	3.164000e+01 3.181000e+01 3.249000e+01 3.412000e+01 3.458000e+01 3.287000e+01 3.017000e+01 2.707000e+01 	73 73 73 73 73 73 73 73             !         38
6.9860E-07 1.4984E-06 3.2140E-06 6.8938E-06 1.4787E-05 3.1716E-05 6.8028E-05 1.4591E-04     7.748164E+09 5.226779E+10 3.530661E+11 2.391893E+12 1.630663E+13 1.127124E+14 8.033437E+14 6.141838E+15 	3.164000e+01 3.181000e+01 3.249000e+01 3.412000e+01 3.458000e+01 3.287000e+01 3.017000e+01 2.707000e+01 	73 73 73 73 73 73 73 73             !         39
6.9860E-07 1.4984E-06 3.2140E-06 6.8938E-06 1.4787E-05 3.1716E-05 6.8028E-05 1.4591E-04     7.844435E+09 5.290941E+10 3.572871E+11 2.418847E+12 1.646640E+13 1.134619E+14 8.032879E+14 6.053822E+15 	3.026000e+01 3.043000e+01 3.114000e+01 3.278000e+01 3.301000e+01 3.113000e+01 2.850000e+01 2.550000e+01 	73 73 73 73 73 73 73 73             !         40
6.9860E-07 1.4984E-06 3.2140E-06 6.8938E-06 1.4787E-05 3.1716E-05 6.8028E-05 1.4591E-04     7.957257E+09 5.366278E+10 3.622644E+11 2.450946E+12 1.666162E+13 1.144634E+14 8.051851E+14 5.985013E+15 	2.923000e+01 2.940000e+01 3.014000e+01 3.181000e+01 3.200000e+01 3.000000e+01 2.731000e+01 2.428000e+01 	73 73 73 73 73 73 73 73             !         41
6.9860E-07 1.4984E-06 3.2140E-06 6.8938E-06 1.4787E-05 3.1716E-05 6.8028E-05 1.4591E-04     8.082998E+09 5.450336E+10 3.678319E+11 2.487060E+12 1.688450E+13 1.156618E+14 8.086177E+14 5.931617E+15 	2.842000e+01 2.859000e+01 2.933000e+01 3.101000e+01 3.121000e+01 2.917000e+01 2.643000e+01 2.337000e+01 	73 73 73 73 73 73 73 73             !         42
6.9860E-07 1.4984E-06 3.2140E-06 6.8938E-06 1.4787E-05 3.1716E-05 6.8028E-05 1.4591E-04     8.217883E+09 5.540569E+10 3.738174E+11 2.526022E+12 1.712705E+13 1.170015E+14 8.131766E+14 5.890129E+15 	2.842000e+01 2.859000e+01 2.933000e+01 3.101000e+01 3.121000e+01 2.917000e+01 2.643000e+01 2.337000e+01 	73 73 73 73 73 73 73 73             !         43
6.9860E-07 1.4984E-06 3.2140E-06 6.8938E-06 1.4787E-05 3.1716E-05 6.8028E-05 1.4591E-04     8.358058E+09 5.634378E+10 3.800456E+11 2.566644E+12 1.738121E+13 1.184267E+14 8.184651E+14 5.857331E+15 	2.775000e+01 2.793000e+01 2.867000e+01 3.034000e+01 3.054000e+01 2.851000e+01 2.576000e+01 2.268000e+01 	73 73 73 73 73 73 73 73             !         44
6.9860E-07 1.4984E-06 3.2140E-06 6.8938E-06 1.4787E-05 3.1716E-05 6.8028E-05 1.4591E-04     8.499683E+09 5.729175E+10 3.863420E+11 2.607751E+12 1.763903E+13 1.198835E+14 8.241062E+14 5.830313E+15 	2.724000e+01 2.741000e+01 2.814000e+01 2.979000e+01 3.000000e+01 2.799000e+01 2.527000e+01 2.220000e+01 	73 73 73 73 73 73 73 73             !         45
6.9860E-07 1.4984E-06 3.2140E-06 6.8938E-06 1.4787E-05 3.1716E-05 6.8028E-05 1.4591E-04     8.639054E+09 5.822464E+10 3.925385E+11 2.648210E+12 1.789289E+13 1.213207E+14 8.297513E+14 5.806512E+15 	2.679000e+01 2.697000e+01 2.769000e+01 2.931000e+01 2.951000e+01 2.754000e+01 2.485000e+01 2.181000e+01 	73 73 73 73 73 73 73 73             !         46
6.9860E-07 1.4984E-06 3.2140E-06 6.8938E-06 1.4787E-05 3.1716E-05 6.8028E-05 1.4591E-04     8.772732E+09 5.911931E+10 3.984794E+11 2.686976E+12 1.813580E+13 1.226916E+14 8.350907E+14 5.783747E+15 	2.636000e+01 2.653000e+01 2.724000e+01 2.885000e+01 2.905000e+01 2.711000e+01 2.448000e+01 2.148000e+01 	73 73 73 73 73 73 73 73             !         47
6.9860E-07 1.4984E-06 3.2140E-06 6.8938E-06 1.4787E-05 3.1716E-05 6.8028E-05 1.4591E-04     8.897682E+09 5.995534E+10 4.040274E+11 2.723130E+12 1.836164E+13 1.239559E+14 8.398630E+14 5.760257E+15 	2.636000e+01 2.653000e+01 2.724000e+01 2.885000e+01 2.905000e+01 2.711000e+01 2.448000e+01 2.148000e+01 	73 73 73 73 73 73 73 73             !         48
6.9860E-07 1.4984E-06 3.2140E-06 6.8938E-06 1.4787E-05 3.1716E-05 6.8028E-05 1.4591E-04     9.011391E+09 6.071581E+10 4.090693E+11 2.755914E+12 1.856540E+13 1.250812E+14 8.438628E+14 5.734724E+15 	2.595000e+01 2.612000e+01 2.682000e+01 2.840000e+01 2.861000e+01 2.669000e+01 2.410000e+01 2.114000e+01 	73 73 73 73 73 73 73 73             !         49
6.9860E-07 1.4984E-06 3.2140E-06 6.8938E-06 1.4787E-05 3.1716E-05 6.8028E-05 1.4591E-04     9.111955E+09 6.138794E+10 4.135192E+11 2.784760E+12 1.874334E+13 1.260437E+14 8.469462E+14 5.706284E+15 	2.555000e+01 2.572000e+01 2.640000e+01 2.796000e+01 2.818000e+01 2.631000e+01 2.376000e+01 2.085000e+01 	73 73 73 73 73 73 73 73             !         50
6.9860E-07 1.4984E-06 3.2140E-06 6.8938E-06 1.4787E-05 3.1716E-05 6.8028E-05 1.4591E-04     9.198137E+09 6.196344E+10 4.173219E+11 2.809300E+12 1.889310E+13 1.268289E+14 8.490320E+14 5.674505E+15 	2.520000e+01 2.536000e+01 2.603000e+01 2.757000e+01 2.780000e+01 2.596000e+01 2.346000e+01 2.058000e+01 	73 73 73 73 73 73 73 73             !         51
6.9860E-07 1.4984E-06 3.2140E-06 6.8938E-06 1.4787E-05 3.1716E-05 6.8028E-05 1.4591E-04     9.269372E+09 6.243852E+10 4.204524E+11 2.829375E+12 1.901371E+13 1.274315E+14 8.501002E+14 5.639362E+15 	2.520000e+01 2.536000e+01 2.603000e+01 2.757000e+01 2.780000e+01 2.596000e+01 2.346000e+01 2.058000e+01 	73 73 73 73 73 73 73 73             !         52
6.9860E-07 1.4984E-06 3.2140E-06 6.8938E-06 1.4787E-05 3.1716E-05 6.8028E-05 1.4591E-04     9.325732E+09 6.281372E+10 4.229147E+11 2.845017E+12 1.910548E+13 1.278548E+14 8.501863E+14 5.601179E+15 	2.487000e+01 2.503000e+01 2.569000e+01 2.721000e+01 2.743000e+01 2.562000e+01 2.315000e+01 2.031000e+01 	73 73 73 73 73 73 73 73             !         53
6.9860E-07 1.4984E-06 3.2140E-06 6.8938E-06 1.4787E-05 3.1716E-05 6.8028E-05 1.4591E-04     9.367857E+09 6.309336E+10 4.247383E+11 2.856432E+12 1.916985E+13 1.281094E+14 8.493732E+14 5.560565E+15 	2.456000e+01 2.472000e+01 2.536000e+01 2.686000e+01 2.710000e+01 2.532000e+01 2.289000e+01 2.008000e+01 	73 73 73 73 73 73 73 73             !         54
6.9860E-07 1.4984E-06 3.2140E-06 6.8938E-06 1.4787E-05 3.1716E-05 6.8028E-05 1.4591E-04     9.396855E+09 6.328493E+10 4.259740E+11 2.863965E+12 1.920921E+13 1.282123E+14 8.477808E+14 5.518341E+15 	2.429000e+01 2.445000e+01 2.509000e+01 2.657000e+01 2.683000e+01 2.507000e+01 2.267000e+01 1.988000e+01 	73 73 73 73 73 73 73 73             !         55
6.9860E-07 1.4984E-06 3.2140E-06 6.8938E-06 1.4787E-05 3.1716E-05 6.8028E-05 1.4591E-04     9.414182E+09 6.339825E+10 4.266882E+11 2.868066E+12 1.922664E+13 1.281844E+14 8.455556E+14 5.475468E+15 	2.429000e+01 2.445000e+01 2.509000e+01 2.657000e+01 2.683000e+01 2.507000e+01 2.267000e+01 1.988000e+01 	73 73 73 73 73 73 73 73             !         56
6.9860E-07 1.4984E-06 3.2140E-06 6.8938E-06 1.4787E-05 3.1716E-05 6.8028E-05 1.4591E-04     9.421520E+09 6.344468E+10 4.269574E+11 2.869252E+12 1.922564E+13 1.280497E+14 8.428588E+14 5.432973E+15 	2.404000e+01 2.419000e+01 2.482000e+01 2.629000e+01 2.654000e+01 2.481000e+01 2.244000e+01 1.968000e+01 	73 73 73 73 73 73 73 73             !         57
6.9860E-07 1.4984E-06 3.2140E-06 6.8938E-06 1.4787E-05 3.1716E-05 6.8028E-05 1.4591E-04     9.420659E+09 6.343626E+10 4.268629E+11 2.868072E+12 1.920990E+13 1.278331E+14 8.398565E+14 5.391890E+15 	2.383000e+01 2.398000e+01 2.461000e+01 2.607000e+01 2.632000e+01 2.460000e+01 2.226000e+01 1.952000e+01 	73 73 73 73 73 73 73 73             !         58
6.9860E-07 1.4984E-06 3.2140E-06 6.8938E-06 1.4787E-05 3.1716E-05 6.8028E-05 1.4591E-04     9.413381E+09 6.338501E+10 4.264857E+11 2.865071E+12 1.918309E+13 1.275591E+14 8.367104E+14 5.353205E+15 	2.364000e+01 2.379000e+01 2.441000e+01 2.586000e+01 2.613000e+01 2.443000e+01 2.210000e+01 1.938000e+01 	73 73 73 73 73 73 73 73             !         59
6.9860E-07 1.4984E-06 3.2140E-06 6.8938E-06 1.4787E-05 3.1716E-05 6.8028E-05 1.4591E-04     9.401370E+09 6.330226E+10 4.259020E+11 2.860761E+12 1.914866E+13 1.272506E+14 8.335700E+14 5.317813E+15 	2.351000e+01 2.366000e+01 2.428000e+01 2.573000e+01 2.599000e+01 2.430000e+01 2.199000e+01 1.928000e+01 	73 73 73 73 73 73 73 73             !         60
6.9860E-07 1.4984E-06 3.2140E-06 6.8938E-06 1.4787E-05 3.1716E-05 6.8028E-05 1.4591E-04     9.386130E+09 6.319815E+10 4.251800E+11 2.855602E+12 1.910968E+13 1.269281E+14 8.305668E+14 5.286490E+15 	2.351000e+01 2.366000e+01 2.428000e+01 2.573000e+01 2.599000e+01 2.430000e+01 2.199000e+01 1.928000e+01 	73 73 73 73 73 73 73 73             !         61
6.9860E-07 1.4984E-06 3.2140E-06 6.8938E-06 1.4787E-05 3.1716E-05 6.8028E-05 1.4591E-04     9.368924E+09 6.308119E+10 4.243770E+11 2.849976E+12 1.906870E+13 1.266085E+14 8.278099E+14 5.259867E+15 	2.338000e+01 2.352000e+01 2.414000e+01 2.558000e+01 2.584000e+01 2.415000e+01 2.186000e+01 1.916000e+01 	73 73 73 73 73 73 73 73             !         62
6.9860E-07 1.4984E-06 3.2140E-06 6.8938E-06 1.4787E-05 3.1716E-05 6.8028E-05 1.4591E-04     9.350733E+09 6.295796E+10 4.235373E+11 2.844183E+12 1.902772E+13 1.263049E+14 8.253821E+14 5.238418E+15 	2.332000e+01 2.347000e+01 2.408000e+01 2.552000e+01 2.578000e+01 2.410000e+01 2.181000e+01 1.912000e+01 	73 73 73 73 73 73 73 73             !         63
6.9860E-07 1.4984E-06 3.2140E-06 6.8938E-06 1.4787E-05 3.1716E-05 6.8028E-05 1.4591E-04     9.332221E+09 6.283295E+10 4.226909E+11 2.838422E+12 1.898808E+13 1.260260E+14 8.233391E+14 5.222450E+15 	2.331000e+01 2.345000e+01 2.407000e+01 2.550000e+01 2.576000e+01 2.407000e+01 2.179000e+01 1.910000e+01 	73 73 73 73 73 73 73 73             !         64
