size1 size2 size3 size4 size5 size6 size7 size8
7.57638E-06 1.11197E-06 1.61130E-07 2.27172E-08 3.01974E-09 3.53705E-10 3.15484E-11 1.56172E-12
9.73128E-06 1.42877E-06 2.07201E-07 2.92626E-08 3.90410E-09 4.60903E-10 4.18096E-11 2.14597E-12
1.24495E-05 1.82854E-06 2.65384E-07 3.75427E-08 5.02692E-09 5.98072E-10 5.51611E-11 2.93394E-12
1.58639E-05 2.33086E-06 3.38550E-07 4.79726E-08 6.44632E-09 7.72810E-10 7.24517E-11 3.99107E-12
2.01345E-05 2.95939E-06 4.30168E-07 6.10542E-08 8.23288E-09 9.94412E-10 9.47377E-11 5.40178E-12
2.54534E-05 3.74248E-06 5.44401E-07 7.73914E-08 1.04718E-08 1.27419E-09 1.23326E-10 7.27433E-12
3.20499E-05 4.71398E-06 6.86225E-07 9.77066E-08 1.32654E-08 1.62585E-09 1.59826E-10 9.74672E-12
4.01959E-05 5.91410E-06 8.61551E-07 1.22860E-07 1.67358E-08 2.06585E-09 2.06205E-10 1.29937E-11
5.02123E-05 7.39029E-06 1.07736E-06 1.53869E-07 2.10283E-08 2.61393E-09 2.64855E-10 1.72352E-11
6.24761E-05 9.19827E-06 1.34186E-06 1.91932E-07 2.63142E-08 3.29354E-09 3.38670E-10 2.27463E-11
7.74270E-05 1.14031E-05 1.66465E-06 2.38450E-07 3.27948E-08 4.13245E-09 4.31126E-10 2.98684E-11
9.55752E-05 1.40803E-05 2.05684E-06 2.95054E-07 4.07052E-08 5.16330E-09 5.46374E-10 3.90233E-11
1.17509E-04 1.73170E-05 2.53132E-06 3.63631E-07 5.03181E-08 6.42425E-09 6.89341E-10 5.07277E-11
1.43904E-04 2.12131E-05 3.10285E-06 4.46349E-07 6.19481E-08 7.95961E-09 8.65840E-10 6.56108E-11
1.75529E-04 2.58826E-05 3.78826E-06 5.45686E-07 7.59558E-08 9.82058E-09 1.08268E-09 8.44334E-11
2.13256E-04 3.14546E-05 4.60665E-06 6.64456E-07 9.27520E-08 1.20658E-08 1.34779E-09 1.08109E-10
2.58063E-04 3.80744E-05 5.57952E-06 8.05831E-07 1.12802E-07 1.47622E-08 1.67032E-09 1.37727E-10
3.11046E-04 4.59042E-05 6.73093E-06 9.73367E-07 1.36627E-07 1.79855E-08 2.06081E-09 1.74577E-10
3.73421E-04 5.51245E-05 8.08761E-06 1.17102E-06 1.64811E-07 2.18207E-08 2.53125E-09 2.20173E-10
4.46527E-04 6.59338E-05 9.67901E-06 1.40315E-06 1.98000E-07 2.63626E-08 3.09522E-09 2.76280E-10
5.31827E-04 7.85496E-05 1.15374E-05 1.67456E-06 2.36905E-07 3.17164E-08 3.76796E-09 3.44940E-10
6.30911E-04 9.32077E-05 1.36979E-05 1.99046E-06 2.82302E-07 3.79975E-08 4.56646E-09 4.28496E-10
7.45487E-04 1.10162E-04 1.61981E-05 2.35645E-06 3.35028E-07 4.53316E-08 5.50950E-09 5.29615E-10
8.77378E-04 1.29683E-04 1.90783E-05 2.77855E-06 3.95984E-07 5.38545E-08 6.61763E-09 6.51301E-10
1.02851E-03 1.52057E-04 2.23812E-05 3.26312E-06 4.66127E-07 6.37115E-08 7.91321E-09 7.96918E-10
1.20089E-03 1.77583E-04 2.61513E-05 3.81683E-06 5.46462E-07 7.50566E-08 9.42022E-09 9.70184E-10
1.39660E-03 2.06571E-04 3.04347E-05 4.44659E-06 6.38036E-07 8.80511E-08 1.11642E-08 1.17518E-09
1.61777E-03 2.39336E-04 3.52786E-05 5.15947E-06 7.41924E-07 1.02862E-07 1.31721E-08 1.41632E-09
1.86653E-03 2.76197E-04 4.07306E-05 5.96264E-06 8.59218E-07 1.19661E-07 1.54717E-08 1.69837E-09
2.14501E-03 3.17469E-04 4.68377E-05 6.86320E-06 9.91006E-07 1.38619E-07 1.80918E-08 2.02632E-09
2.45526E-03 3.63460E-04 5.36460E-05 7.86809E-06 1.13836E-06 1.59908E-07 2.10613E-08 2.40544E-09
2.79923E-03 4.14461E-04 6.11992E-05 8.98394E-06 1.30230E-06 1.83693E-07 2.44087E-08 2.84113E-09
3.17875E-03 4.70741E-04 6.95377E-05 1.02169E-05 1.48379E-06 2.10131E-07 2.81621E-08 3.33885E-09
3.59540E-03 5.32541E-04 7.86976E-05 1.15724E-05 1.68369E-06 2.39365E-07 3.23477E-08 3.90401E-09
4.05054E-03 6.00061E-04 8.87092E-05 1.30553E-05 1.90275E-06 2.71524E-07 3.69897E-08 4.54186E-09
4.54520E-03 6.73457E-04 9.95962E-05 1.46691E-05 2.14156E-06 3.06712E-07 4.21092E-08 5.25735E-09
5.08004E-03 7.52829E-04 1.11374E-04 1.64162E-05 2.40054E-06 3.45007E-07 4.77234E-08 6.05493E-09
5.65531E-03 8.38213E-04 1.24048E-04 1.82977E-05 2.67989E-06 3.86456E-07 5.38450E-08 6.93841E-09
6.27076E-03 9.29576E-04 1.37614E-04 2.03131E-05 2.97958E-06 4.31069E-07 6.04808E-08 7.91080E-09
6.92561E-03 1.02680E-03 1.52056E-04 2.24601E-05 3.29929E-06 4.78817E-07 6.76314E-08 8.97408E-09
7.61852E-03 1.12969E-03 1.67343E-04 2.47343E-05 3.63845E-06 5.29624E-07 7.52902E-08 1.01291E-08
8.34752E-03 1.23796E-03 1.83434E-04 2.71296E-05 3.99615E-06 5.83364E-07 8.34424E-08 1.13751E-08
9.11002E-03 1.35122E-03 2.00272E-04 2.96375E-05 4.37116E-06 6.39864E-07 9.20649E-08 1.27103E-08
9.90273E-03 1.46898E-03 2.17783E-04 3.22474E-05 4.76190E-06 6.98893E-07 1.01125E-07 1.41306E-08
1.07217E-02 1.59066E-03 2.35883E-04 3.49464E-05 5.16647E-06 7.60166E-07 1.10582E-07 1.56306E-08
1.15625E-02 1.71558E-03 2.54469E-04 3.77194E-05 5.58259E-06 8.23345E-07 1.20384E-07 1.72029E-08
1.24197E-02 1.84296E-03 2.73425E-04 4.05491E-05 6.00770E-06 8.88035E-07 1.30470E-07 1.88380E-08
1.32875E-02 1.97194E-03 2.92624E-04 4.34162E-05 6.43886E-06 9.53791E-07 1.40771E-07 2.05248E-08
1.41596E-02 2.10156E-03 3.11923E-04 4.62997E-05 6.87289E-06 1.02012E-06 1.51207E-07 2.22501E-08
1.50292E-02 2.23081E-03 3.31170E-04 4.91766E-05 7.30634E-06 1.08649E-06 1.61693E-07 2.39990E-08
1.58888E-02 2.35861E-03 3.50204E-04 5.20228E-05 7.73551E-06 1.15232E-06 1.72135E-07 2.57552E-08
1.67311E-02 2.48383E-03 3.68857E-04 5.48130E-05 8.15657E-06 1.21702E-06 1.82433E-07 2.75007E-08
1.75481E-02 2.60531E-03 3.86955E-04 5.75212E-05 8.56555E-06 1.27996E-06 1.92486E-07 2.92169E-08
1.83320E-02 2.72187E-03 4.04324E-04 6.01212E-05 8.95844E-06 1.34051E-06 2.02187E-07 3.08839E-08
1.90751E-02 2.83236E-03 4.20790E-04 6.25866E-05 9.33124E-06 1.39804E-06 2.11429E-07 3.24818E-08
1.97695E-02 2.93563E-03 4.36182E-04 6.48917E-05 9.67999E-06 1.45192E-06 2.20108E-07 3.39905E-08
2.04080E-02 3.03058E-03 4.50336E-04 6.70120E-05 1.00009E-05 1.50156E-06 2.28122E-07 3.53902E-08
2.09835E-02 3.11618E-03 4.63097E-04 6.89239E-05 1.02905E-05 1.54638E-06 2.35372E-07 3.66622E-08
2.14898E-02 3.19147E-03 4.74322E-04 7.06061E-05 1.05453E-05 1.58586E-06 2.41770E-07 3.77889E-08
2.19210E-02 3.25560E-03 4.83884E-04 7.20392E-05 1.07625E-05 1.61954E-06 2.47234E-07 3.87541E-08
2.22721E-02 3.30783E-03 4.91672E-04 7.32067E-05 1.09394E-05 1.64699E-06 2.51694E-07 3.95440E-08
2.25392E-02 3.34756E-03 4.97595E-04 7.40946E-05 1.10741E-05 1.66788E-06 2.55092E-07 4.01470E-08
2.27190E-02 3.37430E-03 5.01584E-04 7.46926E-05 1.11647E-05 1.68196E-06 2.57383E-07 4.05541E-08
2.28094E-02 3.38776E-03 5.03590E-04 7.49934E-05 1.12103E-05 1.68904E-06 2.58536E-07 4.07592E-08
