! grain-radius [cm]                                         1/abundance of grains                               grain temp                         CR-peak-Temperaturegrain[K]                          spatial point                    

6.9860E-07 1.4984E-06 3.2140E-06 6.8938E-06 1.4787E-05 3.1716E-05 6.8028E-05 1.4591E-04     2.471065E+11 1.692277E+12 1.180724E+13 8.574109E+13 6.784658E+14 6.458084E+15 9.156817E+16 3.076922E+18 	4.894000e+01 4.932000e+01 5.085000e+01 5.402000e+01 5.404000e+01 4.984000e+01 4.422000e+01 3.857000e+01 	73 73 73 73 73 73 73 73             !         1
6.9860E-07 1.4984E-06 3.2140E-06 6.8938E-06 1.4787E-05 3.1716E-05 6.8028E-05 1.4591E-04     2.023480E+11 1.385003E+12 9.652125E+12 6.991669E+13 5.502971E+14 5.178347E+15 7.163851E+16 2.283490E+18 	4.896000e+01 4.934000e+01 5.087000e+01 5.404000e+01 5.406000e+01 4.987000e+01 4.424000e+01 3.859000e+01 	73 73 73 73 73 73 73 73             !         2
6.9860E-07 1.4984E-06 3.2140E-06 6.8938E-06 1.4787E-05 3.1716E-05 6.8028E-05 1.4591E-04     1.665744E+11 1.139537E+12 7.932381E+12 5.731864E+13 4.487728E+14 4.175589E+15 5.638419E+16 1.706296E+18 	4.945000e+01 4.984000e+01 5.138000e+01 5.458000e+01 5.461000e+01 5.036000e+01 4.468000e+01 3.898000e+01 	73 73 73 73 73 73 73 73             !         3
6.9860E-07 1.4984E-06 3.2140E-06 6.8938E-06 1.4787E-05 3.1716E-05 6.8028E-05 1.4591E-04     1.378639E+11 9.426333E+11 6.554343E+12 4.724687E+13 3.680059E+14 3.386277E+15 4.464942E+16 1.283870E+18 	4.947000e+01 4.985000e+01 5.140000e+01 5.460000e+01 5.462000e+01 5.037000e+01 4.469000e+01 3.899000e+01 	73 73 73 73 73 73 73 73             !         4
6.9860E-07 1.4984E-06 3.2140E-06 6.8938E-06 1.4787E-05 3.1716E-05 6.8028E-05 1.4591E-04     1.147264E+11 7.840276E+11 5.445491E+12 3.916062E+13 3.034725E+14 2.762120E+15 3.557617E+16 9.728289E+17 	4.947000e+01 4.985000e+01 5.140000e+01 5.460000e+01 5.462000e+01 5.037000e+01 4.469000e+01 3.899000e+01 	73 73 73 73 73 73 73 73             !         5
6.9860E-07 1.4984E-06 3.2140E-06 6.8938E-06 1.4787E-05 3.1716E-05 6.8028E-05 1.4591E-04     9.600241E+10 6.557373E+11 4.549490E+12 3.264083E+13 2.516841E+14 2.266280E+15 2.852484E+16 7.423972E+17 	4.947000e+01 4.986000e+01 5.140000e+01 5.460000e+01 5.462000e+01 5.038000e+01 4.469000e+01 3.899000e+01 	73 73 73 73 73 73 73 73             !         6
6.9860E-07 1.4984E-06 3.2140E-06 6.8938E-06 1.4787E-05 3.1716E-05 6.8028E-05 1.4591E-04     8.078700E+10 5.515343E+11 3.822439E+12 2.736164E+13 2.099416E+14 1.870552E+15 2.301665E+16 5.706304E+17 	4.947000e+01 4.986000e+01 5.140000e+01 5.460000e+01 5.462000e+01 5.038000e+01 4.469000e+01 3.899000e+01 	73 73 73 73 73 73 73 73             !         7
6.9860E-07 1.4984E-06 3.2140E-06 6.8938E-06 1.4787E-05 3.1716E-05 6.8028E-05 1.4591E-04     6.837135E+10 4.665436E+11 3.230008E+12 2.306882E+13 1.761491E+14 1.553261E+15 1.869171E+16 4.417995E+17 	4.948000e+01 4.986000e+01 5.141000e+01 5.461000e+01 5.464000e+01 5.039000e+01 4.470000e+01 3.900000e+01 	73 73 73 73 73 73 73 73             !         8
6.9860E-07 1.4984E-06 3.2140E-06 6.8938E-06 1.4787E-05 3.1716E-05 6.8028E-05 1.4591E-04     5.819853E+10 3.969364E+11 2.745260E+12 1.956333E+13 1.486734E+14 1.297684E+15 1.527831E+16 3.445711E+17 	4.948000e+01 4.986000e+01 5.141000e+01 5.461000e+01 5.464000e+01 5.039000e+01 4.470000e+01 3.900000e+01 	73 73 73 73 73 73 73 73             !         9
6.9860E-07 1.4984E-06 3.2140E-06 6.8938E-06 1.4787E-05 3.1716E-05 6.8028E-05 1.4591E-04     4.982938E+10 3.396948E+11 2.346987E+12 1.668879E+13 1.262373E+14 1.090873E+15 1.257048E+16 2.707363E+17 	4.947000e+01 4.986000e+01 5.140000e+01 5.461000e+01 5.463000e+01 5.039000e+01 4.470000e+01 3.900000e+01 	73 73 73 73 73 73 73 73             !         10
6.9860E-07 1.4984E-06 3.2140E-06 6.8938E-06 1.4787E-05 3.1716E-05 6.8028E-05 1.4591E-04     4.291647E+10 2.924325E+11 2.018435E+12 1.432190E+13 1.078382E+14 9.227609E+14 1.041137E+16 2.143174E+17 	4.947000e+01 4.986000e+01 5.140000e+01 5.461000e+01 5.463000e+01 5.039000e+01 4.470000e+01 3.900000e+01 	73 73 73 73 73 73 73 73             !         11
6.9860E-07 1.4984E-06 3.2140E-06 6.8938E-06 1.4787E-05 3.1716E-05 6.8028E-05 1.4591E-04     3.718397E+10 2.532558E+11 1.746320E+12 1.236513E+13 9.268656E+13 7.854930E+14 8.681041E+15 1.709384E+17 	4.948000e+01 4.987000e+01 5.141000e+01 5.462000e+01 5.464000e+01 5.039000e+01 4.471000e+01 3.901000e+01 	73 73 73 73 73 73 73 73             !         12
6.9860E-07 1.4984E-06 3.2140E-06 6.8938E-06 1.4787E-05 3.1716E-05 6.8028E-05 1.4591E-04     3.241214E+10 2.206567E+11 1.520074E+12 1.074103E+13 8.015801E+13 6.729155E+14 7.287361E+15 1.373791E+17 	4.948000e+01 4.986000e+01 5.141000e+01 5.461000e+01 5.464000e+01 5.039000e+01 4.470000e+01 3.900000e+01 	73 73 73 73 73 73 73 73             !         13
6.9860E-07 1.4984E-06 3.2140E-06 6.8938E-06 1.4787E-05 3.1716E-05 6.8028E-05 1.4591E-04     2.842532E+10 1.934302E+11 1.331261E+12 9.387887E+12 6.975714E+13 5.801889E+14 6.159267E+15 1.112566E+17 	4.948000e+01 4.986000e+01 5.141000e+01 5.461000e+01 5.464000e+01 5.039000e+01 4.470000e+01 3.900000e+01 	73 73 73 73 73 73 73 73             !         14
6.9860E-07 1.4984E-06 3.2140E-06 6.8938E-06 1.4787E-05 3.1716E-05 6.8028E-05 1.4591E-04     2.508264E+10 1.706103E+11 1.173123E+12 8.256363E+12 6.108946E+13 5.034928E+14 5.241702E+15 9.079857E+16 	4.946000e+01 4.985000e+01 5.139000e+01 5.460000e+01 5.462000e+01 5.038000e+01 4.469000e+01 3.899000e+01 	73 73 73 73 73 73 73 73             !         15
6.9860E-07 1.4984E-06 3.2140E-06 6.8938E-06 1.4787E-05 3.1716E-05 6.8028E-05 1.4591E-04     2.227069E+10 1.514198E+11 1.040227E+12 7.306868E+12 5.383965E+13 4.397993E+14 4.491824E+15 7.467982E+16 	4.944000e+01 4.982000e+01 5.136000e+01 5.457000e+01 5.460000e+01 5.036000e+01 4.468000e+01 3.898000e+01 	73 73 73 73 73 73 73 73             !         16
6.9860E-07 1.4984E-06 3.2140E-06 6.8938E-06 1.4787E-05 3.1716E-05 6.8028E-05 1.4591E-04     1.989790E+10 1.352312E+11 9.281925E+11 6.507527E+12 4.775484E+13 3.866999E+14 3.876153E+15 6.190405E+16 	4.939000e+01 4.977000e+01 5.131000e+01 5.452000e+01 5.456000e+01 5.032000e+01 4.465000e+01 3.895000e+01 	73 73 73 73 73 73 73 73             !         17
6.9860E-07 1.4984E-06 3.2140E-06 6.8938E-06 1.4787E-05 3.1716E-05 6.8028E-05 1.4591E-04     1.789011E+10 1.215366E+11 8.334728E+11 5.832591E+12 4.263146E+13 3.422712E+14 3.368415E+15 5.171840E+16 	4.990000e+01 5.028000e+01 5.183000e+01 5.508000e+01 5.512000e+01 5.083000e+01 4.510000e+01 3.936000e+01 	73 73 73 73 73 73 73 73             !         18
6.9860E-07 1.4984E-06 3.2140E-06 6.8938E-06 1.4787E-05 3.1716E-05 6.8028E-05 1.4591E-04     1.618700E+10 1.099230E+11 7.531899E+11 5.261190E+12 3.830512E+13 3.049716E+14 2.947899E+15 4.355092E+16 	4.987000e+01 5.024000e+01 5.180000e+01 5.504000e+01 5.508000e+01 5.080000e+01 4.508000e+01 3.934000e+01 	73 73 73 73 73 73 73 73             !         19
6.9860E-07 1.4984E-06 3.2140E-06 6.8938E-06 1.4787E-05 3.1716E-05 6.8028E-05 1.4591E-04     1.473944E+10 1.000542E+11 6.849998E+11 4.776353E+12 3.464258E+13 2.735612E+14 2.598216E+15 3.696486E+16 	4.978000e+01 5.016000e+01 5.171000e+01 5.495000e+01 5.501000e+01 5.074000e+01 4.502000e+01 3.930000e+01 	73 73 73 73 73 73 73 73             !         20
6.9860E-07 1.4984E-06 3.2140E-06 6.8938E-06 1.4787E-05 3.1716E-05 6.8028E-05 1.4591E-04     1.350724E+10 9.165502E+10 6.269876E+11 4.364240E+12 3.153555E+13 2.470388E+14 2.306339E+15 3.162494E+16 	4.966000e+01 5.004000e+01 5.158000e+01 5.481000e+01 5.489000e+01 5.064000e+01 4.493000e+01 3.923000e+01 	73 73 73 73 73 73 73 73             !         21
6.9860E-07 1.4984E-06 3.2140E-06 6.8938E-06 1.4787E-05 3.1716E-05 6.8028E-05 1.4591E-04     1.245743E+10 8.450015E+10 5.775846E+11 4.013527E+12 2.889566E+13 2.245936E+14 2.061873E+15 2.727252E+16 	4.966000e+01 5.004000e+01 5.158000e+01 5.481000e+01 5.489000e+01 5.064000e+01 4.493000e+01 3.923000e+01 	73 73 73 73 73 73 73 73             !         22
6.9860E-07 1.4984E-06 3.2140E-06 6.8938E-06 1.4787E-05 3.1716E-05 6.8028E-05 1.4591E-04     1.156292E+10 7.840429E+10 5.355023E+11 3.714925E+12 2.665067E+13 2.055662E+14 1.856490E+15 2.370699E+16 	4.951000e+01 4.989000e+01 5.142000e+01 5.464000e+01 5.473000e+01 5.051000e+01 4.482000e+01 3.913000e+01 	73 73 73 73 73 73 73 73             !         23
6.9860E-07 1.4984E-06 3.2140E-06 6.8938E-06 1.4787E-05 3.1716E-05 6.8028E-05 1.4591E-04     1.080139E+10 7.321475E+10 4.996795E+11 3.460793E+12 2.474128E+13 1.894190E+14 1.683490E+15 2.077200E+16 	4.928000e+01 4.965000e+01 5.117000e+01 5.438000e+01 5.450000e+01 5.031000e+01 4.466000e+01 3.899000e+01 	73 73 73 73 73 73 73 73             !         24
6.9860E-07 1.4984E-06 3.2140E-06 6.8938E-06 1.4787E-05 3.1716E-05 6.8028E-05 1.4591E-04     1.015437E+10 6.880542E+10 4.692401E+11 3.244828E+12 2.311870E+13 1.757122E+14 1.537462E+15 1.834511E+16 	4.898000e+01 4.935000e+01 5.084000e+01 5.404000e+01 5.420000e+01 5.005000e+01 4.444000e+01 3.881000e+01 	73 73 73 73 73 73 73 73             !         25
6.9860E-07 1.4984E-06 3.2140E-06 6.8938E-06 1.4787E-05 3.1716E-05 6.8028E-05 1.4591E-04     9.606598E+09 6.507190E+10 4.434589E+11 3.061820E+12 2.174271E+13 1.640847E+14 1.414021E+15 1.632990E+16 	4.856000e+01 4.892000e+01 5.039000e+01 5.356000e+01 5.376000e+01 4.968000e+01 4.413000e+01 3.854000e+01 	73 73 73 73 73 73 73 73             !         26
6.9860E-07 1.4984E-06 3.2140E-06 6.8938E-06 1.4787E-05 3.1716E-05 6.8028E-05 1.4591E-04     9.145383E+09 6.192753E+10 4.217345E+11 2.907450E+12 2.058000E+13 1.542393E+14 1.309596E+15 1.465011E+16 	4.856000e+01 4.892000e+01 5.039000e+01 5.356000e+01 5.376000e+01 4.968000e+01 4.413000e+01 3.854000e+01 	73 73 73 73 73 73 73 73             !         27
6.9860E-07 1.4984E-06 3.2140E-06 6.8938E-06 1.4787E-05 3.1716E-05 6.8028E-05 1.4591E-04     8.760176E+09 5.930024E+10 4.035668E+11 2.778130E+12 1.960296E+13 1.459302E+14 1.221272E+15 1.324510E+16 	4.799000e+01 4.834000e+01 4.978000e+01 5.292000e+01 5.318000e+01 4.919000e+01 4.371000e+01 3.819000e+01 	73 73 73 73 73 73 73 73             !         28
6.9860E-07 1.4984E-06 3.2140E-06 6.8938E-06 1.4787E-05 3.1716E-05 6.8028E-05 1.4591E-04     8.442171E+09 5.712988E+10 3.885382E+11 2.670866E+12 1.878858E+13 1.389540E+14 1.146653E+15 1.206641E+16 	4.723000e+01 4.757000e+01 4.895000e+01 5.205000e+01 5.239000e+01 4.852000e+01 4.314000e+01 3.771000e+01 	73 73 73 73 73 73 73 73             !         29
6.9860E-07 1.4984E-06 3.2140E-06 6.8938E-06 1.4787E-05 3.1716E-05 6.8028E-05 1.4591E-04     8.183989E+09 5.536604E+10 3.762993E+11 2.583153E+12 1.811764E+13 1.331408E+14 1.083767E+15 1.107513E+16 	4.623000e+01 4.655000e+01 4.788000e+01 5.090000e+01 5.134000e+01 4.761000e+01 4.238000e+01 3.708000e+01 	73 73 73 73 73 73 73 73             !         30
6.9860E-07 1.4984E-06 3.2140E-06 6.8938E-06 1.4787E-05 3.1716E-05 6.8028E-05 1.4591E-04     7.979409E+09 5.396623E+10 3.665554E+11 2.512881E+12 1.757398E+13 1.283485E+14 1.030977E+15 1.023983E+16 	4.623000e+01 4.655000e+01 4.788000e+01 5.090000e+01 5.134000e+01 4.761000e+01 4.238000e+01 3.708000e+01 	73 73 73 73 73 73 73 73             !         31
6.9860E-07 1.4984E-06 3.2140E-06 6.8938E-06 1.4787E-05 3.1716E-05 6.8028E-05 1.4591E-04     7.823141E+09 5.289434E+10 3.590561E+11 2.458258E+12 1.714387E+13 1.244573E+14 9.869180E+14 9.534976E+15 	4.491000e+01 4.521000e+01 4.646000e+01 4.939000e+01 4.995000e+01 4.642000e+01 4.138000e+01 3.623000e+01 	73 73 73 73 73 73 73 73             !         32
6.9860E-07 1.4984E-06 3.2140E-06 6.8938E-06 1.4787E-05 3.1716E-05 6.8028E-05 1.4591E-04     7.710629E+09 5.211927E+10 3.535860E+11 2.417743E+12 1.681558E+13 1.213648E+14 9.504429E+14 8.939702E+15 	4.323000e+01 4.350000e+01 4.466000e+01 4.746000e+01 4.816000e+01 4.489000e+01 4.009000e+01 3.515000e+01 	73 73 73 73 73 73 73 73             !         33
6.9860E-07 1.4984E-06 3.2140E-06 6.8938E-06 1.4787E-05 3.1716E-05 6.8028E-05 1.4591E-04     7.637878E+09 5.161375E+10 3.499562E+11 2.389990E+12 1.657887E+13 1.189829E+14 9.205763E+14 8.436824E+15 	4.113000e+01 4.137000e+01 4.240000e+01 4.503000e+01 4.588000e+01 4.294000e+01 3.846000e+01 3.378000e+01 	73 73 73 73 73 73 73 73             !         34
6.9860E-07 1.4984E-06 3.2140E-06 6.8938E-06 1.4787E-05 3.1716E-05 6.8028E-05 1.4591E-04     7.601298E+09 5.135330E+10 3.479976E+11 2.373794E+12 1.642464E+13 1.172339E+14 8.964790E+14 8.012081E+15 	3.862000e+01 3.883000e+01 3.973000e+01 4.213000e+01 4.312000e+01 4.056000e+01 3.647000e+01 3.212000e+01 	73 73 73 73 73 73 73 73             !         35
6.9860E-07 1.4984E-06 3.2140E-06 6.8938E-06 1.4787E-05 3.1716E-05 6.8028E-05 1.4591E-04     7.597568E+09 5.131530E+10 3.475540E+11 2.368049E+12 1.634460E+13 1.160482E+14 8.774185E+14 7.653531E+15 	3.577000e+01 3.595000e+01 3.671000e+01 3.882000e+01 3.987000e+01 3.776000e+01 3.415000e+01 3.020000e+01 	73 73 73 73 73 73 73 73             !         36
6.9860E-07 1.4984E-06 3.2140E-06 6.8938E-06 1.4787E-05 3.1716E-05 6.8028E-05 1.4591E-04     7.623512E+09 5.147813E+10 3.484768E+11 2.371706E+12 1.633098E+13 1.153619E+14 8.627432E+14 7.351064E+15 	3.577000e+01 3.595000e+01 3.671000e+01 3.882000e+01 3.987000e+01 3.776000e+01 3.415000e+01 3.020000e+01 	73 73 73 73 73 73 73 73             !         37
6.9860E-07 1.4984E-06 3.2140E-06 6.8938E-06 1.4787E-05 3.1716E-05 6.8028E-05 1.4591E-04     7.675989E+09 5.182045E+10 3.506193E+11 2.383740E+12 1.637627E+13 1.151144E+14 8.518627E+14 7.096034E+15 	3.289000e+01 3.304000e+01 3.371000e+01 3.551000e+01 3.647000e+01 3.476000e+01 3.166000e+01 2.815000e+01 	73 73 73 73 73 73 73 73             !         38
6.9860E-07 1.4984E-06 3.2140E-06 6.8938E-06 1.4787E-05 3.1716E-05 6.8028E-05 1.4591E-04     7.751809E+09 5.232060E+10 3.538336E+11 2.403118E+12 1.647300E+13 1.152476E+14 8.442316E+14 6.880958E+15 	3.043000e+01 3.057000e+01 3.118000e+01 3.275000e+01 3.343000e+01 3.194000e+01 2.930000e+01 2.619000e+01 	73 73 73 73 73 73 73 73             !         39
6.9860E-07 1.4984E-06 3.2140E-06 6.8938E-06 1.4787E-05 3.1716E-05 6.8028E-05 1.4591E-04     7.847663E+09 5.295617E+10 3.579667E+11 2.428784E+12 1.661364E+13 1.157036E+14 8.393374E+14 6.699292E+15 	2.866000e+01 2.881000e+01 2.943000e+01 3.090000e+01 3.127000e+01 2.974000e+01 2.736000e+01 2.451000e+01 	73 73 73 73 73 73 73 73             !         40
6.9860E-07 1.4984E-06 3.2140E-06 6.8938E-06 1.4787E-05 3.1716E-05 6.8028E-05 1.4591E-04     7.960080E+09 5.370368E+10 3.628589E+11 2.459640E+12 1.679047E+13 1.164252E+14 8.366927E+14 6.545263E+15 	2.779000e+01 2.795000e+01 2.861000e+01 3.011000e+01 3.030000e+01 2.858000e+01 2.621000e+01 2.341000e+01 	73 73 73 73 73 73 73 73             !         41
6.9860E-07 1.4984E-06 3.2140E-06 6.8938E-06 1.4787E-05 3.1716E-05 6.8028E-05 1.4591E-04     8.085427E+09 5.453856E+10 3.683435E+11 2.494546E+12 1.699553E+13 1.173546E+14 8.358305E+14 6.413749E+15 	2.779000e+01 2.795000e+01 2.861000e+01 3.011000e+01 3.030000e+01 2.858000e+01 2.621000e+01 2.341000e+01 	73 73 73 73 73 73 73 73             !         42
6.9860E-07 1.4984E-06 3.2140E-06 6.8938E-06 1.4787E-05 3.1716E-05 6.8028E-05 1.4591E-04     8.219925E+09 5.543530E+10 3.742480E+11 2.532327E+12 1.722075E+13 1.184344E+14 8.363044E+14 6.300203E+15 	2.688000e+01 2.704000e+01 2.772000e+01 2.925000e+01 2.940000e+01 2.757000e+01 2.513000e+01 2.232000e+01 	73 73 73 73 73 73 73 73             !         43
6.9860E-07 1.4984E-06 3.2140E-06 6.8938E-06 1.4787E-05 3.1716E-05 6.8028E-05 1.4591E-04     8.359721E+09 5.636790E+10 3.803966E+11 2.571793E+12 1.745798E+13 1.196077E+14 8.376913E+14 6.200609E+15 	2.619000e+01 2.636000e+01 2.705000e+01 2.859000e+01 2.875000e+01 2.687000e+01 2.437000e+01 2.151000e+01 	73 73 73 73 73 73 73 73             !         44
6.9860E-07 1.4984E-06 3.2140E-06 6.8938E-06 1.4787E-05 3.1716E-05 6.8028E-05 1.4591E-04     8.500973E+09 5.731047E+10 3.866149E+11 2.611766E+12 1.769925E+13 1.208199E+14 8.395974E+14 6.111467E+15 	2.563000e+01 2.580000e+01 2.650000e+01 2.804000e+01 2.819000e+01 2.631000e+01 2.380000e+01 2.091000e+01 	73 73 73 73 73 73 73 73             !         45
6.9860E-07 1.4984E-06 3.2140E-06 6.8938E-06 1.4787E-05 3.1716E-05 6.8028E-05 1.4591E-04     8.639978E+09 5.823807E+10 3.927347E+11 2.651114E+12 1.793695E+13 1.220197E+14 8.416659E+14 6.029787E+15 	2.517000e+01 2.533000e+01 2.602000e+01 2.755000e+01 2.771000e+01 2.585000e+01 2.336000e+01 2.048000e+01 	73 73 73 73 73 73 73 73             !         46
6.9860E-07 1.4984E-06 3.2140E-06 6.8938E-06 1.4787E-05 3.1716E-05 6.8028E-05 1.4591E-04     8.773297E+09 5.912756E+10 3.986007E+11 2.688795E+12 1.816412E+13 1.231607E+14 8.435856E+14 5.953097E+15 	2.517000e+01 2.533000e+01 2.602000e+01 2.755000e+01 2.771000e+01 2.585000e+01 2.336000e+01 2.048000e+01 	73 73 73 73 73 73 73 73             !         47
6.9860E-07 1.4984E-06 3.2140E-06 6.8938E-06 1.4787E-05 3.1716E-05 6.8028E-05 1.4591E-04     8.897899E+09 5.995854E+10 4.040758E+11 2.723895E+12 1.837470E+13 1.242035E+14 8.450987E+14 5.879450E+15 	2.477000e+01 2.494000e+01 2.561000e+01 2.712000e+01 2.728000e+01 2.545000e+01 2.298000e+01 2.013000e+01 	73 73 73 73 73 73 73 73             !         48
6.9860E-07 1.4984E-06 3.2140E-06 6.8938E-06 1.4787E-05 3.1716E-05 6.8028E-05 1.4591E-04     9.011270E+09 6.071413E+10 4.090472E+11 2.755662E+12 1.856376E+13 1.251164E+14 8.460074E+14 5.807411E+15 	2.441000e+01 2.457000e+01 2.524000e+01 2.673000e+01 2.689000e+01 2.508000e+01 2.265000e+01 1.983000e+01 	73 73 73 73 73 73 73 73             !         49
6.9860E-07 1.4984E-06 3.2140E-06 6.8938E-06 1.4787E-05 3.1716E-05 6.8028E-05 1.4591E-04     9.111510E+09 6.138159E+10 4.134296E+11 2.783532E+12 1.872765E+13 1.258768E+14 8.461769E+14 5.736046E+15 	2.407000e+01 2.423000e+01 2.489000e+01 2.635000e+01 2.652000e+01 2.474000e+01 2.235000e+01 1.956000e+01 	73 73 73 73 73 73 73 73             !         50
6.9860E-07 1.4984E-06 3.2140E-06 6.8938E-06 1.4787E-05 3.1716E-05 6.8028E-05 1.4591E-04     9.197384E+09 6.195264E+10 4.171681E+11 2.807147E+12 1.886409E+13 1.264711E+14 8.455364E+14 5.664878E+15 	2.375000e+01 2.391000e+01 2.456000e+01 2.601000e+01 2.618000e+01 2.442000e+01 2.206000e+01 1.930000e+01 	73 73 73 73 73 73 73 73             !         51
6.9860E-07 1.4984E-06 3.2140E-06 6.8938E-06 1.4787E-05 3.1716E-05 6.8028E-05 1.4591E-04     9.268329E+09 6.242353E+10 4.202381E+11 2.826351E+12 1.897219E+13 1.268951E+14 8.440750E+14 5.593838E+15 	2.341000e+01 2.357000e+01 2.420000e+01 2.565000e+01 2.583000e+01 2.409000e+01 2.177000e+01 1.905000e+01 	73 73 73 73 73 73 73 73             !         52
6.9860E-07 1.4984E-06 3.2140E-06 6.8938E-06 1.4787E-05 3.1716E-05 6.8028E-05 1.4591E-04     9.324418E+09 6.279482E+10 4.226440E+11 2.841182E+12 1.905234E+13 1.271530E+14 8.418359E+14 5.523200E+15 	2.341000e+01 2.357000e+01 2.420000e+01 2.565000e+01 2.583000e+01 2.409000e+01 2.177000e+01 1.905000e+01 	73 73 73 73 73 73 73 73             !         53
6.9860E-07 1.4984E-06 3.2140E-06 6.8938E-06 1.4787E-05 3.1716E-05 6.8028E-05 1.4591E-04     9.366295E+09 6.307086E+10 4.244158E+11 2.851851E+12 1.910603E+13 1.272562E+14 8.389076E+14 5.453504E+15 	2.318000e+01 2.334000e+01 2.397000e+01 2.540000e+01 2.557000e+01 2.385000e+01 2.155000e+01 1.884000e+01 	73 73 73 73 73 73 73 73             !         54
6.9860E-07 1.4984E-06 3.2140E-06 6.8938E-06 1.4787E-05 3.1716E-05 6.8028E-05 1.4591E-04     9.395066E+09 6.325916E+10 4.256044E+11 2.858706E+12 1.913570E+13 1.272220E+14 8.354131E+14 5.385484E+15 	2.294000e+01 2.309000e+01 2.372000e+01 2.512000e+01 2.530000e+01 2.360000e+01 2.133000e+01 1.865000e+01 	73 73 73 73 73 73 73 73             !         55
6.9860E-07 1.4984E-06 3.2140E-06 6.8938E-06 1.4787E-05 3.1716E-05 6.8028E-05 1.4591E-04     9.412190E+09 6.336955E+10 4.262763E+11 2.862199E+12 1.914446E+13 1.270718E+14 8.314989E+14 5.319992E+15 	2.270000e+01 2.285000e+01 2.347000e+01 2.487000e+01 2.504000e+01 2.336000e+01 2.111000e+01 1.845000e+01 	73 73 73 73 73 73 73 73             !         56
6.9860E-07 1.4984E-06 3.2140E-06 6.8938E-06 1.4787E-05 3.1716E-05 6.8028E-05 1.4591E-04     9.419349E+09 6.341339E+10 4.265082E+11 2.862850E+12 1.913581E+13 1.268295E+14 8.273247E+14 5.257931E+15 	2.249000e+01 2.263000e+01 2.324000e+01 2.463000e+01 2.482000e+01 2.316000e+01 2.093000e+01 1.829000e+01 	73 73 73 73 73 73 73 73             !         57
6.9860E-07 1.4984E-06 3.2140E-06 6.8938E-06 1.4787E-05 3.1716E-05 6.8028E-05 1.4591E-04     9.418332E+09 6.340273E+10 4.263814E+11 2.861206E+12 1.911346E+13 1.265200E+14 8.230528E+14 5.200199E+15 	2.232000e+01 2.247000e+01 2.308000e+01 2.446000e+01 2.465000e+01 2.300000e+01 2.079000e+01 1.816000e+01 	73 73 73 73 73 73 73 73             !         58
6.9860E-07 1.4984E-06 3.2140E-06 6.8938E-06 1.4787E-05 3.1716E-05 6.8028E-05 1.4591E-04     9.410923E+09 6.334958E+10 4.259768E+11 2.857813E+12 1.908107E+13 1.261677E+14 8.188398E+14 5.147644E+15 	2.232000e+01 2.247000e+01 2.308000e+01 2.446000e+01 2.465000e+01 2.300000e+01 2.079000e+01 1.816000e+01 	73 73 73 73 73 73 73 73             !         59
6.9860E-07 1.4984E-06 3.2140E-06 6.8938E-06 1.4787E-05 3.1716E-05 6.8028E-05 1.4591E-04     9.398804E+09 6.326528E+10 4.253708E+11 2.853182E+12 1.904207E+13 1.257953E+14 8.148298E+14 5.101025E+15 	2.216000e+01 2.230000e+01 2.291000e+01 2.428000e+01 2.447000e+01 2.283000e+01 2.064000e+01 1.803000e+01 	73 73 73 73 73 73 73 73             !         60
6.9860E-07 1.4984E-06 3.2140E-06 6.8938E-06 1.4787E-05 3.1716E-05 6.8028E-05 1.4591E-04     9.383480E+09 6.315996E+10 4.246312E+11 2.847771E+12 1.899950E+13 1.254227E+14 8.111483E+14 5.060991E+15 	2.200000e+01 2.215000e+01 2.275000e+01 2.411000e+01 2.430000e+01 2.268000e+01 2.050000e+01 1.791000e+01 	73 73 73 73 73 73 73 73             !         61
6.9860E-07 1.4984E-06 3.2140E-06 6.8938E-06 1.4787E-05 3.1716E-05 6.8028E-05 1.4591E-04     9.366212E+09 6.304210E+10 4.238154E+11 2.841962E+12 1.895592E+13 1.250666E+14 8.078986E+14 5.028064E+15 	2.193000e+01 2.208000e+01 2.268000e+01 2.404000e+01 2.423000e+01 2.260000e+01 2.043000e+01 1.784000e+01 	73 73 73 73 73 73 73 73             !         62
6.9860E-07 1.4984E-06 3.2140E-06 6.8938E-06 1.4787E-05 3.1716E-05 6.8028E-05 1.4591E-04     9.347982E+09 6.291832E+10 4.229676E+11 2.836053E+12 1.891329E+13 1.247400E+14 8.051592E+14 5.002627E+15 	2.187000e+01 2.201000e+01 2.261000e+01 2.397000e+01 2.416000e+01 2.254000e+01 2.037000e+01 1.778000e+01 	73 73 73 73 73 73 73 73             !         63
6.9860E-07 1.4984E-06 3.2140E-06 6.8938E-06 1.4787E-05 3.1716E-05 6.8028E-05 1.4591E-04     9.329454E+09 6.279307E+10 4.221179E+11 2.830243E+12 1.887294E+13 1.244512E+14 8.029816E+14 4.984919E+15 	2.184000e+01 2.198000e+01 2.258000e+01 2.395000e+01 2.414000e+01 2.252000e+01 2.035000e+01 1.776000e+01 	73 73 73 73 73 73 73 73             !         64
