size1 size2 size3 size4 size5 size6 size7 size8
3.73182E-06 5.44920E-07 7.81009E-08 1.07551E-08 1.35918E-09 1.42791E-10 1.00707E-11 2.99701E-13
4.79394E-06 7.00391E-07 1.00501E-07 1.38743E-08 1.76277E-09 1.87327E-10 1.35408E-11 4.24808E-13
6.13393E-06 8.96641E-07 1.28808E-07 1.78259E-08 2.27678E-09 2.44697E-10 1.81213E-11 5.98815E-13
7.81732E-06 1.14331E-06 1.64429E-07 2.28105E-08 2.92856E-09 3.18263E-10 2.41375E-11 8.39436E-13
9.92318E-06 1.45205E-06 2.09063E-07 2.90713E-08 3.75141E-09 4.12165E-10 3.20004E-11 1.17025E-12
1.25463E-05 1.83683E-06 2.64750E-07 3.69010E-08 4.78568E-09 5.31478E-10 4.22256E-11 1.62242E-12
1.58000E-05 2.31433E-06 3.33932E-07 4.66505E-08 6.07995E-09 6.82383E-10 5.54570E-11 2.23688E-12
1.98185E-05 2.90437E-06 4.19508E-07 5.87379E-08 7.69243E-09 8.72368E-10 7.24928E-11 3.06704E-12
2.47603E-05 3.63034E-06 5.24910E-07 7.36590E-08 9.69249E-09 1.11045E-09 9.43177E-11 4.18206E-12
3.08118E-05 4.51974E-06 6.54171E-07 9.19978E-08 1.21623E-08 1.40743E-09 1.22138E-10 5.67095E-12
3.81900E-05 5.60465E-06 8.12006E-07 1.14439E-07 1.51985E-08 1.77617E-09 1.57422E-10 7.64745E-12
4.71473E-05 6.92235E-06 1.00390E-06 1.41780E-07 1.89146E-08 2.23188E-09 2.01949E-10 1.02559E-11
5.79746E-05 8.51586E-06 1.23618E-06 1.74944E-07 2.34422E-08 2.79245E-09 2.57855E-10 1.36781E-11
7.10054E-05 1.04345E-05 1.51612E-06 2.14995E-07 2.89340E-08 3.47878E-09 3.27694E-10 1.81414E-11
8.66201E-05 1.27346E-05 1.85203E-06 2.63150E-07 3.55652E-08 4.31518E-09 4.14495E-10 2.39284E-11
1.05249E-04 1.54800E-05 2.25333E-06 3.20791E-07 4.35363E-08 5.32965E-09 5.21832E-10 3.13870E-11
1.27378E-04 1.87424E-05 2.73063E-06 3.89480E-07 5.30743E-08 6.55431E-09 6.53883E-10 4.09432E-11
1.53547E-04 2.26020E-05 3.29582E-06 4.70970E-07 6.44354E-08 8.02572E-09 8.15510E-10 5.31141E-11
1.84358E-04 2.71482E-05 3.96209E-06 5.67212E-07 7.79063E-08 9.78520E-09 1.01232E-09 6.85223E-11
2.20474E-04 3.24791E-05 4.74404E-06 6.80365E-07 9.38055E-08 1.18791E-08 1.25073E-09 8.79123E-11
2.62619E-04 3.87022E-05 5.65761E-06 8.12800E-07 1.12484E-07 1.43591E-08 1.53804E-09 1.12166E-10
3.11578E-04 4.59344E-05 6.72016E-06 9.67095E-07 1.34327E-07 1.72822E-08 1.88249E-09 1.42321E-10
3.68199E-04 5.43013E-05 7.95039E-06 1.14604E-06 1.59750E-07 2.07109E-08 2.29328E-09 1.79586E-10
4.33382E-04 6.39369E-05 9.36825E-06 1.35262E-06 1.89203E-07 2.47131E-08 2.78061E-09 2.25357E-10
5.08080E-04 7.49830E-05 1.09949E-05 1.58999E-06 2.23163E-07 2.93619E-08 3.35568E-09 2.81232E-10
5.93291E-04 8.75878E-05 1.28524E-05 1.86148E-06 2.62134E-07 3.47352E-08 4.03071E-09 3.49023E-10
6.90043E-04 1.01905E-04 1.49637E-05 2.17053E-06 3.06643E-07 4.09151E-08 4.81882E-09 4.30762E-10
7.99390E-04 1.18091E-04 1.73523E-05 2.52069E-06 3.57232E-07 4.79873E-08 5.73402E-09 5.28709E-10
9.22390E-04 1.36303E-04 2.00417E-05 2.91552E-06 4.14452E-07 5.60399E-08 6.79104E-09 6.45343E-10
1.06009E-03 1.56699E-04 2.30555E-05 3.35860E-06 4.78858E-07 6.51625E-08 8.00521E-09 7.83357E-10
1.21352E-03 1.79430E-04 2.64166E-05 3.85341E-06 5.50994E-07 7.54442E-08 9.39222E-09 9.45636E-10
1.38364E-03 2.04642E-04 3.01468E-05 4.40328E-06 6.31385E-07 8.69727E-08 1.09679E-08 1.13523E-09
1.57135E-03 2.32468E-04 3.42662E-05 5.01131E-06 7.20526E-07 9.98318E-08 1.27478E-08 1.35531E-09
1.77744E-03 2.63028E-04 3.87930E-05 5.68030E-06 8.18865E-07 1.14099E-07 1.47471E-08 1.60912E-09
2.00259E-03 2.96422E-04 4.37424E-05 6.41263E-06 9.26794E-07 1.29845E-07 1.69800E-08 1.89991E-09
2.24730E-03 3.32727E-04 4.91262E-05 7.21016E-06 1.04463E-06 1.47129E-07 1.94594E-08 2.23087E-09
2.51191E-03 3.71995E-04 5.49523E-05 8.07418E-06 1.17259E-06 1.65996E-07 2.21962E-08 2.60501E-09
2.79654E-03 4.14242E-04 6.12237E-05 9.00527E-06 1.31081E-06 1.86477E-07 2.51991E-08 3.02510E-09
3.10107E-03 4.59454E-04 6.79384E-05 1.00032E-05 1.45929E-06 2.08585E-07 2.84743E-08 3.49354E-09
3.42511E-03 5.07573E-04 7.50884E-05 1.10669E-05 1.61790E-06 2.32310E-07 3.20242E-08 4.01223E-09
3.76801E-03 5.58503E-04 8.26593E-05 1.21943E-05 1.78635E-06 2.57622E-07 3.58479E-08 4.58250E-09
4.12879E-03 6.12099E-04 9.06301E-05 1.33824E-05 1.96422E-06 2.84463E-07 3.99399E-08 5.20491E-09
4.50616E-03 6.68172E-04 9.89726E-05 1.46270E-05 2.15091E-06 3.12750E-07 4.42905E-08 5.87922E-09
4.89851E-03 7.26481E-04 1.07651E-04 1.59228E-05 2.34564E-06 3.42371E-07 4.88846E-08 6.60422E-09
5.30390E-03 7.86737E-04 1.16623E-04 1.72635E-05 2.54747E-06 3.73186E-07 5.37023E-08 7.37765E-09
5.72005E-03 8.48604E-04 1.25838E-04 1.86416E-05 2.75527E-06 4.05025E-07 5.87182E-08 8.19616E-09
6.14437E-03 9.11696E-04 1.35239E-04 2.00485E-05 2.96774E-06 4.37691E-07 6.39015E-08 9.05518E-09
6.57398E-03 9.75585E-04 1.44762E-04 2.14746E-05 3.18343E-06 4.70958E-07 6.92163E-08 9.94900E-09
7.00573E-03 1.03980E-03 1.54336E-04 2.29094E-05 3.40074E-06 5.04574E-07 7.46217E-08 1.08707E-08
7.43621E-03 1.10383E-03 1.63885E-04 2.43414E-05 3.61792E-06 5.38265E-07 8.00720E-08 1.18122E-08
7.86182E-03 1.16715E-03 1.73331E-04 2.57586E-05 3.83311E-06 5.71737E-07 8.55176E-08 1.27643E-08
8.27882E-03 1.22920E-03 1.82589E-04 2.71484E-05 4.04438E-06 6.04679E-07 9.09052E-08 1.37170E-08
8.68334E-03 1.28939E-03 1.91573E-04 2.84977E-05 4.24972E-06 6.36769E-07 9.61792E-08 1.46595E-08
9.07150E-03 1.34716E-03 2.00196E-04 2.97934E-05 4.44709E-06 6.67679E-07 1.01282E-07 1.55801E-08
9.43940E-03 1.40191E-03 2.08371E-04 3.10224E-05 4.63447E-06 6.97079E-07 1.06156E-07 1.64672E-08
9.78325E-03 1.45309E-03 2.16014E-04 3.21717E-05 4.80984E-06 7.24644E-07 1.10742E-07 1.73086E-08
1.00994E-02 1.50015E-03 2.23043E-04 3.32291E-05 4.97130E-06 7.50060E-07 1.14985E-07 1.80926E-08
1.03844E-02 1.54258E-03 2.29381E-04 3.41827E-05 5.11701E-06 7.73030E-07 1.18830E-07 1.88077E-08
1.06351E-02 1.57990E-03 2.34956E-04 3.50219E-05 5.24530E-06 7.93277E-07 1.22229E-07 1.94431E-08
1.08486E-02 1.61169E-03 2.39706E-04 3.57369E-05 5.35466E-06 8.10554E-07 1.25135E-07 1.99889E-08
1.10225E-02 1.63758E-03 2.43574E-04 3.63194E-05 5.44379E-06 8.24646E-07 1.27510E-07 2.04366E-08
1.11547E-02 1.65727E-03 2.46517E-04 3.67625E-05 5.51161E-06 8.35376E-07 1.29320E-07 2.07789E-08
1.12438E-02 1.67053E-03 2.48498E-04 3.70609E-05 5.55729E-06 8.42606E-07 1.30542E-07 2.10103E-08
1.12886E-02 1.67719E-03 2.49495E-04 3.72110E-05 5.58027E-06 8.46245E-07 1.31156E-07 2.11270E-08
