! grain-radius [cm]                                         1/abundance of grains                               grain temp                         CR-peak-Temperaturegrain[K]                          spatial point                    

6.99E-07 1.50E-06 3.21E-06 6.89E-06 1.48E-05 3.17E-05      2.483423E+11 1.710484E+12 1.208150E+13 9.007320E+13 7.542494E+14 8.110513E+15 		4.564000e+01 4.599000e+01 4.741000e+01 5.035000e+01 5.037000e+01 4.648000e+01 	73 73 73 73 73 73             !         1
6.99E-07 1.50E-06 3.21E-06 6.89E-06 1.48E-05 3.17E-05      2.033262E+11 1.399406E+12 9.868777E+12 7.332886E+13 6.096155E+14 6.454430E+15 		4.564000e+01 4.599000e+01 4.741000e+01 5.035000e+01 5.038000e+01 4.649000e+01 	73 73 73 73 73 73             !         2
6.99E-07 1.50E-06 3.21E-06 6.89E-06 1.48E-05 3.17E-05      1.673522E+11 1.150983E+12 8.104330E+12 6.001900E+13 4.954289E+14 5.166050E+15 		4.564000e+01 4.599000e+01 4.741000e+01 5.035000e+01 5.038000e+01 4.649000e+01 	73 73 73 73 73 73             !         3
6.99E-07 1.50E-06 3.21E-06 6.89E-06 1.48E-05 3.17E-05      1.384853E+11 9.517728E+11 6.691463E+12 4.939421E+13 4.048833E+14 4.159005E+15 		4.611000e+01 4.647000e+01 4.790000e+01 5.087000e+01 5.089000e+01 4.696000e+01 	73 73 73 73 73 73             !         4
6.99E-07 1.50E-06 3.21E-06 6.89E-06 1.48E-05 3.17E-05      1.152253E+11 7.913606E+11 5.555364E+12 4.087653E+13 3.327660E+14 3.368121E+15 		4.611000e+01 4.647000e+01 4.790000e+01 5.087000e+01 5.089000e+01 4.696000e+01 	73 73 73 73 73 73             !         5
6.99E-07 1.50E-06 3.21E-06 6.89E-06 1.48E-05 3.17E-05      9.640490E+10 6.616493E+11 4.637962E+12 3.401875E+13 2.750707E+14 2.744030E+15 		4.612000e+01 4.648000e+01 4.791000e+01 5.089000e+01 5.091000e+01 4.697000e+01 	73 73 73 73 73 73             !         6
6.99E-07 1.50E-06 3.21E-06 6.89E-06 1.48E-05 3.17E-05      8.111328E+10 5.563242E+11 3.894029E+12 2.847367E+13 2.287073E+14 2.249197E+15 		4.612000e+01 4.648000e+01 4.791000e+01 5.089000e+01 5.091000e+01 4.697000e+01 	73 73 73 73 73 73             !         7
6.99E-07 1.50E-06 3.21E-06 6.89E-06 1.48E-05 3.17E-05      6.863717E+10 4.704436E+11 3.288226E+12 2.397078E+13 1.912843E+14 1.854968E+15 		4.614000e+01 4.650000e+01 4.793000e+01 5.090000e+01 5.092000e+01 4.698000e+01 	73 73 73 73 73 73             !         8
6.99E-07 1.50E-06 3.21E-06 6.89E-06 1.48E-05 3.17E-05      5.841616E+10 4.001276E+11 2.792842E+12 2.029860E+13 1.609436E+14 1.539385E+15 		4.614000e+01 4.650000e+01 4.793000e+01 5.090000e+01 5.092000e+01 4.698000e+01 	73 73 73 73 73 73             !         9
6.99E-07 1.50E-06 3.21E-06 6.89E-06 1.48E-05 3.17E-05      5.000846E+10 3.423193E+11 2.386072E+12 1.729124E+13 1.362366E+14 1.285555E+15 		4.613000e+01 4.649000e+01 4.792000e+01 5.090000e+01 5.092000e+01 4.698000e+01 	73 73 73 73 73 73             !         10
6.99E-07 1.50E-06 3.21E-06 6.89E-06 1.48E-05 3.17E-05      4.306457E+10 2.946018E+11 2.050704E+12 1.481806E+13 1.160297E+14 1.080429E+15 		4.614000e+01 4.650000e+01 4.793000e+01 5.091000e+01 5.093000e+01 4.699000e+01 	73 73 73 73 73 73             !         11
6.99E-07 1.50E-06 3.21E-06 6.89E-06 1.48E-05 3.17E-05      3.730706E+10 2.550579E+11 1.773097E+12 1.277585E+13 9.943230E+13 9.138852E+14 		4.614000e+01 4.650000e+01 4.793000e+01 5.091000e+01 5.093000e+01 4.699000e+01 	73 73 73 73 73 73             !         12
6.99E-07 1.50E-06 3.21E-06 6.89E-06 1.48E-05 3.17E-05      3.251497E+10 2.221614E+11 1.542408E+12 1.108279E+13 8.574252E+13 7.780442E+14 		4.613000e+01 4.649000e+01 4.792000e+01 5.089000e+01 5.092000e+01 4.699000e+01 	73 73 73 73 73 73             !         13
6.99E-07 1.50E-06 3.21E-06 6.89E-06 1.48E-05 3.17E-05      2.851167E+10 1.946931E+11 1.349985E+12 9.673735E+12 7.440478E+13 6.667448E+14 		4.613000e+01 4.649000e+01 4.792000e+01 5.089000e+01 5.092000e+01 4.699000e+01 	73 73 73 73 73 73             !         14
6.99E-07 1.50E-06 3.21E-06 6.89E-06 1.48E-05 3.17E-05      2.515551E+10 1.716756E+11 1.188901E+12 8.496688E+12 6.497789E+13 5.751511E+14 		4.613000e+01 4.649000e+01 4.792000e+01 5.090000e+01 5.092000e+01 4.699000e+01 	73 73 73 73 73 73             !         15
6.99E-07 1.50E-06 3.21E-06 6.89E-06 1.48E-05 3.17E-05      2.233250E+10 1.523230E+11 1.053591E+12 7.509966E+12 5.711011E+13 4.994520E+14 		4.612000e+01 4.648000e+01 4.791000e+01 5.088000e+01 5.091000e+01 4.698000e+01 	73 73 73 73 73 73             !         16
6.99E-07 1.50E-06 3.21E-06 6.89E-06 1.48E-05 3.17E-05      1.995061E+10 1.360009E+11 9.395687E+11 6.680052E+12 5.052005E+13 4.366322E+14 		4.612000e+01 4.648000e+01 4.791000e+01 5.088000e+01 5.091000e+01 4.698000e+01 	73 73 73 73 73 73             !         17
6.99E-07 1.50E-06 3.21E-06 6.89E-06 1.48E-05 3.17E-05      1.793527E+10 1.221958E+11 8.432068E+11 5.979899E+12 4.498176E+13 3.842967E+14 		4.657000e+01 4.693000e+01 4.838000e+01 5.138000e+01 5.141000e+01 4.743000e+01 	73 73 73 73 73 73             !         18
6.99E-07 1.50E-06 3.21E-06 6.89E-06 1.48E-05 3.17E-05      1.622590E+10 1.104905E+11 7.615610E+11 5.387609E+12 4.031319E+13 3.405355E+14 		4.654000e+01 4.689000e+01 4.834000e+01 5.135000e+01 5.138000e+01 4.741000e+01 	73 73 73 73 73 73             !         19
6.99E-07 1.50E-06 3.21E-06 6.89E-06 1.48E-05 3.17E-05      1.477310E+10 1.005451E+11 6.922347E+11 4.885394E+12 3.636713E+13 3.038198E+14 		4.649000e+01 4.684000e+01 4.828000e+01 5.129000e+01 5.133000e+01 4.736000e+01 	73 73 73 73 73 73             !         20
6.99E-07 1.50E-06 3.21E-06 6.89E-06 1.48E-05 3.17E-05      1.353651E+10 9.208179E+10 6.332713E+11 4.458761E+12 3.302416E+13 2.729214E+14 		4.644000e+01 4.679000e+01 4.823000e+01 5.123000e+01 5.129000e+01 4.732000e+01 	73 73 73 73 73 73             !         21
6.99E-07 1.50E-06 3.21E-06 6.89E-06 1.48E-05 3.17E-05      1.248301E+10 8.487295E+10 5.830687E+11 4.095864E+12 3.018708E+13 2.468495E+14 		4.644000e+01 4.679000e+01 4.823000e+01 5.123000e+01 5.129000e+01 4.732000e+01 	73 73 73 73 73 73             !         22
6.99E-07 1.50E-06 3.21E-06 6.89E-06 1.48E-05 3.17E-05      1.158539E+10 7.873147E+10 5.403113E+11 3.786992E+12 2.777651E+13 2.248026E+14 		4.636000e+01 4.671000e+01 4.814000e+01 5.114000e+01 5.121000e+01 4.726000e+01 	73 73 73 73 73 73             !         23
6.99E-07 1.50E-06 3.21E-06 6.89E-06 1.48E-05 3.17E-05      1.082120E+10 7.350321E+10 5.039160E+11 3.524165E+12 2.572748E+13 2.061294E+14 		4.623000e+01 4.658000e+01 4.800000e+01 5.099000e+01 5.107000e+01 4.715000e+01 	73 73 73 73 73 73             !         24
6.99E-07 1.50E-06 3.21E-06 6.89E-06 1.48E-05 3.17E-05      1.017192E+10 6.906088E+10 4.729887E+11 3.300805E+12 2.398657E+13 1.902993E+14 		4.607000e+01 4.642000e+01 4.783000e+01 5.081000e+01 5.091000e+01 4.701000e+01 	73 73 73 73 73 73             !         25
6.99E-07 1.50E-06 3.21E-06 6.89E-06 1.48E-05 3.17E-05      9.622212E+09 6.529907E+10 4.467900E+11 3.111478E+12 2.250984E+13 1.768781E+14 		4.584000e+01 4.618000e+01 4.757000e+01 5.055000e+01 5.068000e+01 4.681000e+01 	73 73 73 73 73 73             !         26
6.99E-07 1.50E-06 3.21E-06 6.89E-06 1.48E-05 3.17E-05      9.159328E+09 6.213036E+10 4.247064E+11 2.951683E+12 2.126093E+13 1.655098E+14 		4.584000e+01 4.618000e+01 4.757000e+01 5.055000e+01 5.068000e+01 4.681000e+01 	73 73 73 73 73 73             !         27
6.99E-07 1.50E-06 3.21E-06 6.89E-06 1.48E-05 3.17E-05      8.772677E+09 5.948201E+10 4.062281E+11 2.817679E+12 2.020975E+13 1.559011E+14 		4.552000e+01 4.587000e+01 4.724000e+01 5.020000e+01 5.036000e+01 4.655000e+01 	73 73 73 73 73 73             !         28
6.99E-07 1.50E-06 3.21E-06 6.89E-06 1.48E-05 3.17E-05      8.453416E+09 5.729332E+10 3.909295E+11 2.706350E+12 1.933126E+13 1.478093E+14 		4.511000e+01 4.543000e+01 4.678000e+01 4.972000e+01 4.993000e+01 4.617000e+01 	73 73 73 73 73 73             !         29
6.99E-07 1.50E-06 3.21E-06 6.89E-06 1.48E-05 3.17E-05      8.194133E+09 5.551343E+10 3.784544E+11 2.615087E+12 1.860454E+13 1.410330E+14 		4.455000e+01 4.486000e+01 4.618000e+01 4.908000e+01 4.935000e+01 4.569000e+01 	73 73 73 73 73 73             !         30
6.99E-07 1.50E-06 3.21E-06 6.89E-06 1.48E-05 3.17E-05      7.988582E+09 5.409949E+10 3.685026E+11 2.541695E+12 1.801202E+13 1.354040E+14 		4.380000e+01 4.411000e+01 4.538000e+01 4.823000e+01 4.858000e+01 4.503000e+01 	73 73 73 73 73 73             !         31
6.99E-07 1.50E-06 3.21E-06 6.89E-06 1.48E-05 3.17E-05      7.831453E+09 5.301505E+10 3.608189E+11 2.484310E+12 1.753884E+13 1.307808E+14 		4.283000e+01 4.312000e+01 4.433000e+01 4.713000e+01 4.757000e+01 4.416000e+01 	73 73 73 73 73 73             !         32
6.99E-07 1.50E-06 3.21E-06 6.89E-06 1.48E-05 3.17E-05      7.718170E+09 5.222875E+10 3.551839E+11 2.441330E+12 1.717226E+13 1.270432E+14 		4.157000e+01 4.184000e+01 4.298000e+01 4.568000e+01 4.623000e+01 4.302000e+01 	73 73 73 73 73 73             !         33
6.99E-07 1.50E-06 3.21E-06 6.89E-06 1.48E-05 3.17E-05      7.644722E+09 5.171309E+10 3.514054E+11 2.411359E+12 1.690124E+13 1.240881E+14 		4.157000e+01 4.184000e+01 4.298000e+01 4.568000e+01 4.623000e+01 4.302000e+01 	73 73 73 73 73 73             !         34
6.99E-07 1.50E-06 3.21E-06 6.89E-06 1.48E-05 3.17E-05      7.607507E+09 5.144341E+10 3.493115E+11 2.393148E+12 1.671598E+13 1.218254E+14 		3.998000e+01 4.022000e+01 4.127000e+01 4.385000e+01 4.454000e+01 4.157000e+01 	73 73 73 73 73 73             !         35
6.99E-07 1.50E-06 3.21E-06 6.89E-06 1.48E-05 3.17E-05      7.603192E+09 5.139690E+10 3.487434E+11 2.385554E+12 1.660760E+13 1.201751E+14 		3.799000e+01 3.821000e+01 3.915000e+01 4.156000e+01 4.238000e+01 3.973000e+01 	73 73 73 73 73 73             !         36
6.99E-07 1.50E-06 3.21E-06 6.89E-06 1.48E-05 3.17E-05      7.628591E+09 5.155182E+10 3.495505E+11 2.387496E+12 1.656783E+13 1.190643E+14 		3.564000e+01 3.582000e+01 3.664000e+01 3.883000e+01 3.978000e+01 3.749000e+01 	73 73 73 73 73 73             !         37
6.99E-07 1.50E-06 3.21E-06 6.89E-06 1.48E-05 3.17E-05      7.680556E+09 5.188669E+10 3.515844E+11 2.397924E+12 1.658873E+13 1.184252E+14 		3.333000e+01 3.350000e+01 3.420000e+01 3.614000e+01 3.715000e+01 3.524000e+01 	73 73 73 73 73 73             !         38
6.99E-07 1.50E-06 3.21E-06 6.89E-06 1.48E-05 3.17E-05      7.755889E+09 5.237978E+10 3.546955E+11 2.415782E+12 1.666251E+13 1.181934E+14 		3.064000e+01 3.078000e+01 3.138000e+01 3.303000e+01 3.395000e+01 3.242000e+01 	73 73 73 73 73 73             !         39
6.99E-07 1.50E-06 3.21E-06 6.89E-06 1.48E-05 3.17E-05      7.851275E+09 5.300857E+10 3.587298E+11 2.439994E+12 1.678132E+13 1.183063E+14 		2.834000e+01 2.847000e+01 2.903000e+01 3.045000e+01 3.109000e+01 2.977000e+01 	73 73 73 73 73 73             !         40
6.99E-07 1.50E-06 3.21E-06 6.89E-06 1.48E-05 3.17E-05      7.963240E+09 5.374951E+10 3.635265E+11 2.469448E+12 1.693720E+13 1.187023E+14 		2.834000e+01 2.847000e+01 2.903000e+01 3.045000e+01 3.109000e+01 2.977000e+01 	73 73 73 73 73 73             !         41
6.99E-07 1.50E-06 3.21E-06 6.89E-06 1.48E-05 3.17E-05      8.088145E+09 5.457800E+10 3.689181E+11 2.502994E+12 1.712205E+13 1.193206E+14 		2.669000e+01 2.683000e+01 2.740000e+01 2.875000e+01 2.909000e+01 2.771000e+01 	73 73 73 73 73 73             !         42
6.99E-07 1.50E-06 3.21E-06 6.89E-06 1.48E-05 3.17E-05      8.222212E+09 5.546848E+10 3.747317E+11 2.539448E+12 1.732764E+13 1.201015E+14 		2.559000e+01 2.574000e+01 2.634000e+01 2.771000e+01 2.788000e+01 2.633000e+01 	73 73 73 73 73 73             !         43
6.99E-07 1.50E-06 3.21E-06 6.89E-06 1.48E-05 3.17E-05      8.361583E+09 5.639493E+10 3.807912E+11 2.577615E+12 1.754575E+13 1.209866E+14 		2.481000e+01 2.496000e+01 2.559000e+01 2.699000e+01 2.712000e+01 2.545000e+01 	73 73 73 73 73 73             !         44
6.99E-07 1.50E-06 3.21E-06 6.89E-06 1.48E-05 3.17E-05      8.502418E+09 5.733147E+10 3.869219E+11 2.616315E+12 1.776837E+13 1.219203E+14 		2.426000e+01 2.442000e+01 2.507000e+01 2.649000e+01 2.660000e+01 2.486000e+01 	73 73 73 73 73 73             !         45
6.99E-07 1.50E-06 3.21E-06 6.89E-06 1.48E-05 3.17E-05      8.641013E+09 5.825314E+10 3.929560E+11 2.654418E+12 1.798790E+13 1.228510E+14 		2.378000e+01 2.394000e+01 2.459000e+01 2.602000e+01 2.613000e+01 2.438000e+01 	73 73 73 73 73 73             !         46
6.99E-07 1.50E-06 3.21E-06 6.89E-06 1.48E-05 3.17E-05      8.773932E+09 5.913683E+10 3.987381E+11 2.690884E+12 1.819741E+13 1.237327E+14 		2.341000e+01 2.357000e+01 2.422000e+01 2.564000e+01 2.576000e+01 2.402000e+01 	73 73 73 73 73 73             !         47
6.99E-07 1.50E-06 3.21E-06 6.89E-06 1.48E-05 3.17E-05      8.898143E+09 5.996217E+10 4.041317E+11 2.724805E+12 1.839091E+13 1.245265E+14 		2.341000e+01 2.357000e+01 2.422000e+01 2.564000e+01 2.576000e+01 2.402000e+01 	73 73 73 73 73 73             !         48
6.99E-07 1.50E-06 3.21E-06 6.89E-06 1.48E-05 3.17E-05      9.011137E+09 6.071232E+10 4.090243E+11 2.755434E+12 1.856353E+13 1.252015E+14 		2.307000e+01 2.322000e+01 2.386000e+01 2.528000e+01 2.540000e+01 2.367000e+01 	73 73 73 73 73 73             !         49
6.99E-07 1.50E-06 3.21E-06 6.89E-06 1.48E-05 3.17E-05      9.111015E+09 6.137454E+10 4.133312E+11 2.782215E+12 1.871174E+13 1.257362E+14 		2.278000e+01 2.293000e+01 2.357000e+01 2.497000e+01 2.507000e+01 2.336000e+01 	73 73 73 73 73 73             !         50
6.99E-07 1.50E-06 3.21E-06 6.89E-06 1.48E-05 3.17E-05      9.196545E+09 6.194062E+10 4.169979E+11 2.804796E+12 1.883334E+13 1.261182E+14 		2.252000e+01 2.267000e+01 2.331000e+01 2.468000e+01 2.478000e+01 2.309000e+01 	73 73 73 73 73 73             !         51
6.99E-07 1.50E-06 3.21E-06 6.89E-06 1.48E-05 3.17E-05      9.267165E+09 6.240682E+10 4.200004E+11 2.823028E+12 1.892751E+13 1.263441E+14 		2.228000e+01 2.243000e+01 2.306000e+01 2.443000e+01 2.452000e+01 2.284000e+01 	73 73 73 73 73 73             !         52
6.99E-07 1.50E-06 3.21E-06 6.89E-06 1.48E-05 3.17E-05      9.322952E+09 6.277375E+10 4.223434E+11 2.836955E+12 1.899473E+13 1.264190E+14 		2.204000e+01 2.219000e+01 2.282000e+01 2.418000e+01 2.428000e+01 2.261000e+01 	73 73 73 73 73 73             !         53
6.99E-07 1.50E-06 3.21E-06 6.89E-06 1.48E-05 3.17E-05      9.364550E+09 6.304578E+10 4.240573E+11 2.846793E+12 1.903656E+13 1.263550E+14 		2.181000e+01 2.196000e+01 2.258000e+01 2.392000e+01 2.402000e+01 2.237000e+01 	73 73 73 73 73 73             !         54
6.99E-07 1.50E-06 3.21E-06 6.89E-06 1.48E-05 3.17E-05      9.393068E+09 6.323042E+10 4.251932E+11 2.852892E+12 1.905548E+13 1.261698E+14 		2.160000e+01 2.175000e+01 2.236000e+01 2.370000e+01 2.380000e+01 2.217000e+01 	73 73 73 73 73 73             !         55
6.99E-07 1.50E-06 3.21E-06 6.89E-06 1.48E-05 3.17E-05      9.409964E+09 6.333754E+10 4.258180E+11 2.855709E+12 1.905462E+13 1.258850E+14 		2.160000e+01 2.175000e+01 2.236000e+01 2.370000e+01 2.380000e+01 2.217000e+01 	73 73 73 73 73 73             !         56
6.99E-07 1.50E-06 3.21E-06 6.89E-06 1.48E-05 3.17E-05      9.416923E+09 6.337848E+10 4.260083E+11 2.855764E+12 1.903750E+13 1.255246E+14 		2.146000e+01 2.160000e+01 2.221000e+01 2.354000e+01 2.365000e+01 2.203000e+01 	73 73 73 73 73 73             !         57
6.99E-07 1.50E-06 3.21E-06 6.89E-06 1.48E-05 3.17E-05      9.415733E+09 6.336531E+10 4.258454E+11 2.853604E+12 1.900783E+13 1.251133E+14 		2.133000e+01 2.148000e+01 2.209000e+01 2.342000e+01 2.351000e+01 2.189000e+01 	73 73 73 73 73 73             !         58
6.99E-07 1.50E-06 3.21E-06 6.89E-06 1.48E-05 3.17E-05      9.408177E+09 6.331005E+10 4.254104E+11 2.849774E+12 1.896926E+13 1.246753E+14 		2.114000e+01 2.128000e+01 2.189000e+01 2.320000e+01 2.332000e+01 2.172000e+01 	73 73 73 73 73 73             !         59
6.99E-07 1.50E-06 3.21E-06 6.89E-06 1.48E-05 3.17E-05      9.395938E+09 6.322401E+10 4.247793E+11 2.844786E+12 1.892520E+13 1.242328E+14 		2.102000e+01 2.116000e+01 2.176000e+01 2.308000e+01 2.319000e+01 2.160000e+01 	73 73 73 73 73 73             !         60
6.99E-07 1.50E-06 3.21E-06 6.89E-06 1.48E-05 3.17E-05      9.380518E+09 6.311733E+10 4.240202E+11 2.839095E+12 1.887868E+13 1.238055E+14 		2.092000e+01 2.106000e+01 2.165000e+01 2.296000e+01 2.309000e+01 2.150000e+01 	73 73 73 73 73 73             !         61
6.99E-07 1.50E-06 3.21E-06 6.89E-06 1.48E-05 3.17E-05      9.363183E+09 6.299848E+10 4.231902E+11 2.833082E+12 1.883222E+13 1.234097E+14 		2.090000e+01 2.104000e+01 2.164000e+01 2.295000e+01 2.307000e+01 2.147000e+01 	73 73 73 73 73 73             !         62
6.99E-07 1.50E-06 3.21E-06 6.89E-06 1.48E-05 3.17E-05      9.344909E+09 6.287407E+10 4.223334E+11 2.827044E+12 1.878777E+13 1.230578E+14 		2.085000e+01 2.099000e+01 2.159000e+01 2.290000e+01 2.301000e+01 2.142000e+01 	73 73 73 73 73 73             !         63
6.99E-07 1.50E-06 3.21E-06 6.89E-06 1.48E-05 3.17E-05      9.326362E+09 6.274855E+10 4.214798E+11 2.821179E+12 1.874664E+13 1.227583E+14 		2.084000e+01 2.099000e+01 2.158000e+01 2.289000e+01 2.302000e+01 2.143000e+01 	73 73 73 73 73 73             !         64
