size1 size2 size3 size4 size5 size6
4.81424E-06 6.98971E-07 9.89594E-08 1.32734E-08 1.58512E-09 1.47411E-10
6.18546E-06 8.98714E-07 1.27439E-07 1.71510E-08 2.06305E-09 1.94853E-10
7.91569E-06 1.15094E-06 1.63457E-07 2.20715E-08 2.67386E-09 2.56426E-10
1.00897E-05 1.46808E-06 2.08815E-07 2.82882E-08 3.45106E-09 3.35964E-10
1.28097E-05 1.86515E-06 2.65690E-07 3.61088E-08 4.43556E-09 4.38228E-10
1.61985E-05 2.36018E-06 3.36702E-07 4.59044E-08 5.67713E-09 5.69094E-10
2.04023E-05 2.97471E-06 4.24984E-07 5.81204E-08 7.23589E-09 7.35774E-10
2.55952E-05 3.73431E-06 5.34264E-07 7.32885E-08 9.18414E-09 9.47069E-10
3.19823E-05 4.66921E-06 6.68954E-07 9.20399E-08 1.16083E-08 1.21365E-09
3.98045E-05 5.81493E-06 8.34242E-07 1.15120E-07 1.46111E-08 1.54841E-09
4.93433E-05 7.21294E-06 1.03620E-06 1.43402E-07 1.83138E-08 1.96676E-09
6.09250E-05 8.91144E-06 1.28190E-06 1.77909E-07 2.28591E-08 2.48711E-09
7.49265E-05 1.09661E-05 1.57950E-06 2.19821E-07 2.84134E-08 3.13123E-09
9.17800E-05 1.34406E-05 1.93839E-06 2.70506E-07 3.51698E-08 3.92474E-09
1.11978E-04 1.64081E-05 2.36930E-06 3.31525E-07 4.33511E-08 4.89761E-09
1.36079E-04 1.99509E-05 2.88440E-06 4.04659E-07 5.32125E-08 6.08462E-09
1.64710E-04 2.41620E-05 3.49741E-06 4.91921E-07 6.50446E-08 7.52591E-09
1.98573E-04 2.91455E-05 4.22371E-06 5.95572E-07 7.91757E-08 9.26748E-09
2.38448E-04 3.50169E-05 5.08040E-06 7.18136E-07 9.59745E-08 1.13616E-08
2.85194E-04 4.19036E-05 6.08638E-06 8.62408E-07 1.15852E-07 1.38674E-08
3.39750E-04 4.99450E-05 7.26233E-06 1.03146E-06 1.39262E-07 1.68511E-08
4.03134E-04 5.92925E-05 8.63077E-06 1.22864E-06 1.66705E-07 2.03862E-08
4.76445E-04 7.01092E-05 1.02160E-05 1.45757E-06 1.98722E-07 2.45540E-08
5.60852E-04 8.25691E-05 1.20439E-05 1.72214E-06 2.35899E-07 2.94431E-08
6.57591E-04 9.68561E-05 1.41419E-05 2.02647E-06 2.78863E-07 3.51497E-08
7.67956E-04 1.13163E-04 1.65389E-05 2.37489E-06 3.28276E-07 4.17770E-08
8.93282E-04 1.31689E-04 1.92647E-05 2.77193E-06 3.84831E-07 4.94343E-08
1.03493E-03 1.52637E-04 2.23499E-05 3.22221E-06 4.49246E-07 5.82366E-08
1.19429E-03 1.76213E-04 2.58252E-05 3.73042E-06 5.22254E-07 6.83031E-08
1.37271E-03 2.02621E-04 2.97214E-05 4.30126E-06 6.04593E-07 7.97557E-08
1.57152E-03 2.32058E-04 3.40683E-05 4.93932E-06 6.96993E-07 9.27169E-08
1.79199E-03 2.64715E-04 3.88945E-05 5.64900E-06 8.00159E-07 1.07308E-07
2.03526E-03 3.00764E-04 4.42264E-05 6.43441E-06 9.14761E-07 1.23647E-07
2.30239E-03 3.40362E-04 5.00879E-05 7.29927E-06 1.04141E-06 1.41844E-07
2.59424E-03 3.83639E-04 5.64989E-05 8.24675E-06 1.18065E-06 1.62000E-07
2.91148E-03 4.30697E-04 6.34751E-05 9.27940E-06 1.33291E-06 1.84202E-07
3.25453E-03 4.81603E-04 7.10269E-05 1.03990E-05 1.49854E-06 2.08522E-07
3.62357E-03 5.36381E-04 7.91589E-05 1.16063E-05 1.67771E-06 2.35009E-07
4.01843E-03 5.95010E-04 8.78683E-05 1.29012E-05 1.87046E-06 2.63691E-07
4.43863E-03 6.57420E-04 9.71452E-05 1.42824E-05 2.07665E-06 2.94565E-07
4.88330E-03 7.23484E-04 1.06971E-04 1.57472E-05 2.29595E-06 3.27600E-07
5.35119E-03 7.93016E-04 1.17319E-04 1.72918E-05 2.52780E-06 3.62730E-07
5.84063E-03 8.65769E-04 1.28153E-04 1.89108E-05 2.77146E-06 3.99852E-07
6.34952E-03 9.41433E-04 1.39426E-04 2.05974E-05 3.02592E-06 4.38826E-07
6.87535E-03 1.01963E-03 1.51082E-04 2.23433E-05 3.28995E-06 4.79470E-07
7.41517E-03 1.09993E-03 1.63058E-04 2.41388E-05 3.56209E-06 5.21563E-07
7.96562E-03 1.18183E-03 1.75277E-04 2.59728E-05 3.84065E-06 5.64845E-07
8.52296E-03 1.26477E-03 1.87658E-04 2.78326E-05 4.12370E-06 6.09015E-07
9.08309E-03 1.34814E-03 2.00108E-04 2.97046E-05 4.40912E-06 6.53738E-07
9.64160E-03 1.43129E-03 2.12529E-04 3.15737E-05 4.69463E-06 6.98643E-07
1.01938E-02 1.51351E-03 2.24816E-04 3.34241E-05 4.97776E-06 7.43333E-07
1.07349E-02 1.59408E-03 2.36861E-04 3.52394E-05 5.25593E-06 7.87388E-07
1.12598E-02 1.67226E-03 2.48552E-04 3.70024E-05 5.52649E-06 8.30367E-07
1.17634E-02 1.74729E-03 2.59774E-04 3.86959E-05 5.78671E-06 8.71823E-07
1.22408E-02 1.81841E-03 2.70416E-04 4.03026E-05 6.03390E-06 9.11303E-07
1.26870E-02 1.88489E-03 2.80365E-04 4.18055E-05 6.26538E-06 9.48361E-07
1.30973E-02 1.94603E-03 2.89516E-04 4.31885E-05 6.47859E-06 9.82565E-07
1.34671E-02 2.00114E-03 2.97767E-04 4.44361E-05 6.67109E-06 1.01350E-06
1.37924E-02 2.04962E-03 3.05027E-04 4.55341E-05 6.84063E-06 1.04080E-06
1.40695E-02 2.09092E-03 3.11212E-04 4.64697E-05 6.98521E-06 1.06410E-06
1.42952E-02 2.12456E-03 3.16250E-04 4.72321E-05 7.10306E-06 1.08312E-06
1.44668E-02 2.15014E-03 3.20082E-04 4.78121E-05 7.19276E-06 1.09761E-06
1.45824E-02 2.16737E-03 3.22663E-04 4.82027E-05 7.25319E-06 1.10738E-06
1.46405E-02 2.17603E-03 3.23961E-04 4.83992E-05 7.28359E-06 1.11229E-06
