! grain-radius [cm]                                         1/abundance of grains                               grain temp                         CR-peak-Temperaturegrain[K]                          spatial point                    

6.9860E-07 1.4984E-06 3.2140E-06 6.8938E-06 1.4787E-05 3.1716E-05 6.8028E-05 1.4591E-04     2.441288E+11 1.648835E+12 1.116655E+13 7.606772E+13 5.247220E+14 3.718335E+15 2.791692E+16 2.373198E+17 	7.714000e+01 7.776000e+01 8.028000e+01 8.553000e+01 8.558000e+01 7.865000e+01 6.987000e+01 6.156000e+01 	73 73 73 73 73 73 73 73             !         1
6.9860E-07 1.4984E-06 3.2140E-06 6.8938E-06 1.4787E-05 3.1716E-05 6.8028E-05 1.4591E-04     1.999905E+11 1.350620E+12 9.145368E+12 6.227645E+13 4.292524E+14 3.036705E+15 2.271733E+16 1.916321E+17 	7.793000e+01 7.856000e+01 8.111000e+01 8.643000e+01 8.648000e+01 7.947000e+01 7.059000e+01 6.220000e+01 	73 73 73 73 73 73 73 73             !         2
6.9860E-07 1.4984E-06 3.2140E-06 6.8938E-06 1.4787E-05 3.1716E-05 6.8028E-05 1.4591E-04     1.646991E+11 1.112195E+12 7.529677E+12 5.125580E+13 3.530183E+14 2.493270E+15 1.858594E+16 1.555942E+17 	7.796000e+01 7.858000e+01 8.113000e+01 8.645000e+01 8.650000e+01 7.948000e+01 7.061000e+01 6.221000e+01 	73 73 73 73 73 73 73 73             !         3
6.9860E-07 1.4984E-06 3.2140E-06 6.8938E-06 1.4787E-05 3.1716E-05 6.8028E-05 1.4591E-04     1.363652E+11 9.207886E+11 6.232807E+12 4.241279E+13 2.918917E+14 2.058201E+15 1.528932E+16 1.270422E+17 	7.796000e+01 7.858000e+01 8.113000e+01 8.645000e+01 8.650000e+01 7.948000e+01 7.061000e+01 6.221000e+01 	73 73 73 73 73 73 73 73             !         4
6.9860E-07 1.4984E-06 3.2140E-06 6.8938E-06 1.4787E-05 3.1716E-05 6.8028E-05 1.4591E-04     1.135229E+11 7.664909E+11 5.187527E+12 3.528763E+13 2.426742E+14 1.708421E+15 1.264752E+16 1.043205E+17 	7.792000e+01 7.854000e+01 8.109000e+01 8.642000e+01 8.647000e+01 7.946000e+01 7.059000e+01 6.219000e+01 	73 73 73 73 73 73 73 73             !         5
6.9860E-07 1.4984E-06 3.2140E-06 6.8938E-06 1.4787E-05 3.1716E-05 6.8028E-05 1.4591E-04     9.503129E+10 6.415906E+11 4.341523E+12 2.952268E+13 2.028797E+14 1.426024E+15 1.052137E+16 8.615771E+16 	7.792000e+01 7.854000e+01 8.109000e+01 8.642000e+01 8.647000e+01 7.946000e+01 7.059000e+01 6.219000e+01 	73 73 73 73 73 73 73 73             !         6
6.9860E-07 1.4984E-06 3.2140E-06 6.8938E-06 1.4787E-05 3.1716E-05 6.8028E-05 1.4591E-04     7.999954E+10 5.400664E+11 3.653955E+12 2.483882E+13 1.705692E+14 1.197064E+15 8.802839E+15 7.157403E+16 	7.786000e+01 7.849000e+01 8.103000e+01 8.635000e+01 8.642000e+01 7.942000e+01 7.055000e+01 6.216000e+01 	73 73 73 73 73 73 73 73             !         7
6.9860E-07 1.4984E-06 3.2140E-06 6.8938E-06 1.4787E-05 3.1716E-05 6.8028E-05 1.4591E-04     6.772967E+10 4.572013E+11 3.092834E+12 2.101750E+13 1.442258E+14 1.010648E+15 7.407810E+15 5.981178E+16 	7.776000e+01 7.838000e+01 8.091000e+01 8.624000e+01 8.631000e+01 7.933000e+01 7.047000e+01 6.210000e+01 	73 73 73 73 73 73 73 73             !         8
6.9860E-07 1.4984E-06 3.2140E-06 6.8938E-06 1.4787E-05 3.1716E-05 6.8028E-05 1.4591E-04     5.767303E+10 3.892877E+11 2.633020E+12 1.788700E+13 1.226584E+14 8.582345E+14 6.270545E+15 5.028282E+16 	7.776000e+01 7.838000e+01 8.091000e+01 8.624000e+01 8.631000e+01 7.933000e+01 7.047000e+01 6.210000e+01 	73 73 73 73 73 73 73 73             !         9
6.9860E-07 1.4984E-06 3.2140E-06 6.8938E-06 1.4787E-05 3.1716E-05 6.8028E-05 1.4591E-04     4.939687E+10 3.334013E+11 2.254687E+12 1.531198E+13 1.049287E+14 7.331048E+14 5.339489E+15 4.252895E+16 	7.757000e+01 7.820000e+01 8.071000e+01 8.602000e+01 8.612000e+01 7.917000e+01 7.033000e+01 6.198000e+01 	73 73 73 73 73 73 73 73             !         10
6.9860E-07 1.4984E-06 3.2140E-06 6.8938E-06 1.4787E-05 3.1716E-05 6.8028E-05 1.4591E-04     4.255870E+10 2.872279E+11 1.942148E+12 1.318534E+13 9.029482E+13 6.299552E+14 4.574065E+15 3.619188E+16 	7.757000e+01 7.820000e+01 8.071000e+01 8.602000e+01 8.612000e+01 7.917000e+01 7.033000e+01 6.198000e+01 	73 73 73 73 73 73 73 73             !         11
6.9860E-07 1.4984E-06 3.2140E-06 6.8938E-06 1.4787E-05 3.1716E-05 6.8028E-05 1.4591E-04     3.688653E+10 2.489299E+11 1.682947E+12 1.142211E+13 7.816847E+13 5.445839E+14 3.942226E+15 3.099042E+16 	7.723000e+01 7.784000e+01 8.034000e+01 8.562000e+01 8.576000e+01 7.886000e+01 7.008000e+01 6.178000e+01 	73 73 73 73 73 73 73 73             !         12
6.9860E-07 1.4984E-06 3.2140E-06 6.8938E-06 1.4787E-05 3.1716E-05 6.8028E-05 1.4591E-04     3.216359E+10 2.170428E+11 1.467161E+12 9.954574E+12 6.808123E+13 4.736512E+14 3.418567E+15 2.670303E+16 	7.723000e+01 7.784000e+01 8.034000e+01 8.562000e+01 8.576000e+01 7.886000e+01 7.008000e+01 6.178000e+01 	73 73 73 73 73 73 73 73             !         13
6.9860E-07 1.4984E-06 3.2140E-06 6.8938E-06 1.4787E-05 3.1716E-05 6.8028E-05 1.4591E-04     2.821658E+10 1.903957E+11 1.286856E+12 8.728637E+12 5.965899E+13 4.144925E+14 2.982880E+15 2.315453E+16 	7.667000e+01 7.728000e+01 7.974000e+01 8.500000e+01 8.518000e+01 7.837000e+01 6.967000e+01 6.143000e+01 	73 73 73 73 73 73 73 73             !         14
6.9860E-07 1.4984E-06 3.2140E-06 6.8938E-06 1.4787E-05 3.1716E-05 6.8028E-05 1.4591E-04     2.490642E+10 1.680494E+11 1.135667E+12 7.700903E+12 5.260188E+13 3.649751E+14 2.619032E+15 2.020588E+16 	7.667000e+01 7.728000e+01 7.974000e+01 8.500000e+01 8.518000e+01 7.837000e+01 6.967000e+01 6.143000e+01 	73 73 73 73 73 73 73 73             !         15
6.9860E-07 1.4984E-06 3.2140E-06 6.8938E-06 1.4787E-05 3.1716E-05 6.8028E-05 1.4591E-04     2.212118E+10 1.492475E+11 1.008471E+12 6.836455E+12 4.666874E+13 3.233857E+14 2.314097E+15 1.774634E+16 	7.578000e+01 7.637000e+01 7.877000e+01 8.396000e+01 8.424000e+01 7.756000e+01 6.898000e+01 6.086000e+01 	73 73 73 73 73 73 73 73             !         16
6.9860E-07 1.4984E-06 3.2140E-06 6.8938E-06 1.4787E-05 3.1716E-05 6.8028E-05 1.4591E-04     1.977041E+10 1.333792E+11 9.011318E+11 6.107100E+12 4.166497E+13 2.883434E+14 2.057685E+15 1.568736E+16 	7.578000e+01 7.637000e+01 7.877000e+01 8.396000e+01 8.424000e+01 7.756000e+01 6.898000e+01 6.086000e+01 	73 73 73 73 73 73 73 73             !         17
6.9860E-07 1.4984E-06 3.2140E-06 6.8938E-06 1.4787E-05 3.1716E-05 6.8028E-05 1.4591E-04     1.778084E+10 1.199496E+11 8.102966E+11 5.490001E+12 3.743301E+13 2.587317E+14 1.841414E+15 1.395787E+16 	7.440000e+01 7.497000e+01 7.729000e+01 8.238000e+01 8.280000e+01 7.633000e+01 6.794000e+01 5.999000e+01 	73 73 73 73 73 73 73 73             !         18
6.9860E-07 1.4984E-06 3.2140E-06 6.8938E-06 1.4787E-05 3.1716E-05 6.8028E-05 1.4591E-04     1.609288E+10 1.085564E+11 7.332407E+11 4.966600E+12 3.384491E+13 2.336446E+14 1.658499E+15 1.250066E+16 	7.231000e+01 7.285000e+01 7.503000e+01 7.997000e+01 8.058000e+01 7.444000e+01 6.633000e+01 5.864000e+01 	73 73 73 73 73 73 73 73             !         19
6.9860E-07 1.4984E-06 3.2140E-06 6.8938E-06 1.4787E-05 3.1716E-05 6.8028E-05 1.4591E-04     1.465797E+10 9.887144E+10 6.677427E+11 4.521771E+12 3.079639E+13 2.123446E+14 1.503431E+15 1.126949E+16 	7.231000e+01 7.285000e+01 7.503000e+01 7.997000e+01 8.058000e+01 7.444000e+01 6.633000e+01 5.864000e+01 	73 73 73 73 73 73 73 73             !         20
6.9860E-07 1.4984E-06 3.2140E-06 6.8938E-06 1.4787E-05 3.1716E-05 6.8028E-05 1.4591E-04     1.343637E+10 9.062642E+10 6.119860E+11 4.143145E+12 2.820226E+13 1.942298E+14 1.371720E+15 1.022687E+16 	6.931000e+01 6.979000e+01 7.180000e+01 7.650000e+01 7.736000e+01 7.169000e+01 6.400000e+01 5.669000e+01 	73 73 73 73 73 73 73 73             !         21
6.9860E-07 1.4984E-06 3.2140E-06 6.8938E-06 1.4787E-05 3.1716E-05 6.8028E-05 1.4591E-04     1.239548E+10 8.360128E+10 5.644808E+11 3.820583E+12 2.599269E+13 1.788074E+14 1.259701E+15 9.342315E+15 	6.931000e+01 6.979000e+01 7.180000e+01 7.650000e+01 7.736000e+01 7.169000e+01 6.400000e+01 5.669000e+01 	73 73 73 73 73 73 73 73             !         22
6.9860E-07 1.4984E-06 3.2140E-06 6.8938E-06 1.4787E-05 3.1716E-05 6.8028E-05 1.4591E-04     1.150853E+10 7.761510E+10 5.240022E+11 3.545749E+12 2.411032E+13 1.656727E+14 1.164367E+15 8.590926E+15 	6.512000e+01 6.553000e+01 6.729000e+01 7.164000e+01 7.282000e+01 6.779000e+01 6.069000e+01 5.393000e+01 	73 73 73 73 73 73 73 73             !         23
6.9860E-07 1.4984E-06 3.2140E-06 6.8938E-06 1.4787E-05 3.1716E-05 6.8028E-05 1.4591E-04     1.075340E+10 7.251868E+10 4.895406E+11 3.311772E+12 2.250785E+13 1.544925E+14 1.083249E+15 7.952336E+15 	6.512000e+01 6.553000e+01 6.729000e+01 7.164000e+01 7.282000e+01 6.779000e+01 6.069000e+01 5.393000e+01 	73 73 73 73 73 73 73 73             !         24
6.9860E-07 1.4984E-06 3.2140E-06 6.8938E-06 1.4787E-05 3.1716E-05 6.8028E-05 1.4591E-04     1.011185E+10 6.818879E+10 4.602617E+11 3.112977E+12 2.114626E+13 1.449920E+14 1.014312E+15 7.409818E+15 	5.982000e+01 6.016000e+01 6.164000e+01 6.549000e+01 6.693000e+01 6.271000e+01 5.639000e+01 5.035000e+01 	73 73 73 73 73 73 73 73             !         25
6.9860E-07 1.4984E-06 3.2140E-06 6.8938E-06 1.4787E-05 3.1716E-05 6.8028E-05 1.4591E-04     9.568766E+09 6.452333E+10 4.354747E+11 2.944664E+12 1.999323E+13 1.369436E+14 9.558748E+14 6.949601E+15 	5.982000e+01 6.016000e+01 6.164000e+01 6.549000e+01 6.693000e+01 6.271000e+01 5.639000e+01 5.035000e+01 	73 73 73 73 73 73 73 73             !         26
6.9860E-07 1.4984E-06 3.2140E-06 6.8938E-06 1.4787E-05 3.1716E-05 6.8028E-05 1.4591E-04     9.111587E+09 6.143758E+10 4.146061E+11 2.802934E+12 1.902195E+13 1.301589E+14 9.065454E+14 6.560312E+15 	5.381000e+01 5.409000e+01 5.528000e+01 5.850000e+01 6.004000e+01 5.672000e+01 5.134000e+01 4.614000e+01 	73 73 73 73 73 73 73 73             !         27
6.9860E-07 1.4984E-06 3.2140E-06 6.8938E-06 1.4787E-05 3.1716E-05 6.8028E-05 1.4591E-04     8.729875E+09 5.886103E+10 3.971788E+11 2.684542E+12 1.821011E+13 1.244810E+14 8.651671E+14 6.232529E+15 	5.381000e+01 5.409000e+01 5.528000e+01 5.850000e+01 6.004000e+01 5.672000e+01 5.134000e+01 4.614000e+01 	73 73 73 73 73 73 73 73             !         28
6.9860E-07 1.4984E-06 3.2140E-06 6.8938E-06 1.4787E-05 3.1716E-05 6.8028E-05 1.4591E-04     8.414913E+09 5.673483E+10 3.827945E+11 2.586778E+12 1.753910E+13 1.197791E+14 8.307763E+14 5.958418E+15 	4.834000e+01 4.857000e+01 4.958000e+01 5.223000e+01 5.343000e+01 5.076000e+01 4.630000e+01 4.191000e+01 	73 73 73 73 73 73 73 73             !         29
6.9860E-07 1.4984E-06 3.2140E-06 6.8938E-06 1.4787E-05 3.1716E-05 6.8028E-05 1.4591E-04     8.159396E+09 5.500966E+10 3.711196E+11 2.507375E+12 1.699333E+13 1.159437E+14 8.025664E+14 5.731440E+15 	4.446000e+01 4.469000e+01 4.566000e+01 4.803000e+01 4.870000e+01 4.614000e+01 4.223000e+01 3.835000e+01 	73 73 73 73 73 73 73 73             !         30
6.9860E-07 1.4984E-06 3.2140E-06 6.8938E-06 1.4787E-05 3.1716E-05 6.8028E-05 1.4591E-04     7.957165E+09 5.364395E+10 3.618726E+11 2.444419E+12 1.655966E+13 1.128824E+14 7.798588E+14 5.546102E+15 	4.446000e+01 4.469000e+01 4.566000e+01 4.803000e+01 4.870000e+01 4.614000e+01 4.223000e+01 3.835000e+01 	73 73 73 73 73 73 73 73             !         31
6.9860E-07 1.4984E-06 3.2140E-06 6.8938E-06 1.4787E-05 3.1716E-05 6.8028E-05 1.4591E-04     7.802984E+09 5.260234E+10 3.548145E+11 2.396284E+12 1.622691E+13 1.105169E+14 7.620771E+14 5.397756E+15 	4.201000e+01 4.225000e+01 4.323000e+01 4.555000e+01 4.597000e+01 4.326000e+01 3.946000e+01 3.572000e+01 	73 73 73 73 73 73 73 73             !         32
6.9860E-07 1.4984E-06 3.2140E-06 6.8938E-06 1.4787E-05 3.1716E-05 6.8028E-05 1.4591E-04     7.692341E+09 5.185437E+10 3.497390E+11 2.361568E+12 1.598547E+13 1.087797E+14 7.487268E+14 5.282425E+15 	4.201000e+01 4.225000e+01 4.323000e+01 4.555000e+01 4.597000e+01 4.326000e+01 3.946000e+01 3.572000e+01 	73 73 73 73 73 73 73 73             !         33
6.9860E-07 1.4984E-06 3.2140E-06 6.8938E-06 1.4787E-05 3.1716E-05 6.8028E-05 1.4591E-04     7.621277E+09 5.137332E+10 3.464655E+11 2.339044E+12 1.582690E+13 1.076117E+14 7.393760E+14 5.196659E+15 	4.018000e+01 4.042000e+01 4.139000e+01 4.368000e+01 4.408000e+01 4.131000e+01 3.750000e+01 3.375000e+01 	73 73 73 73 73 73 73 73             !         34
6.9860E-07 1.4984E-06 3.2140E-06 6.8938E-06 1.4787E-05 3.1716E-05 6.8028E-05 1.4591E-04     7.586236E+09 5.113519E+10 3.448316E+11 2.327608E+12 1.574366E+13 1.069601E+14 7.336395E+14 5.137404E+15 	4.018000e+01 4.042000e+01 4.139000e+01 4.368000e+01 4.408000e+01 4.131000e+01 3.750000e+01 3.375000e+01 	73 73 73 73 73 73 73 73             !         35
6.9860E-07 1.4984E-06 3.2140E-06 6.8938E-06 1.4787E-05 3.1716E-05 6.8028E-05 1.4591E-04     7.583924E+09 5.111774E+10 3.446869E+11 2.326241E+12 1.572874E+13 1.067762E+14 7.311645E+14 5.101895E+15 	3.870000e+01 3.893000e+01 3.989000e+01 4.214000e+01 4.256000e+01 3.984000e+01 3.605000e+01 3.230000e+01 	73 73 73 73 73 73 73 73             !         36
6.9860E-07 1.4984E-06 3.2140E-06 6.8938E-06 1.4787E-05 3.1716E-05 6.8028E-05 1.4591E-04     7.611188E+09 5.129969E+10 3.458876E+11 2.333966E+12 1.577548E+13 1.070136E+14 7.316180E+14 5.087560E+15 	3.870000e+01 3.893000e+01 3.989000e+01 4.214000e+01 4.256000e+01 3.984000e+01 3.605000e+01 3.230000e+01 	73 73 73 73 73 73 73 73             !         37
6.9860E-07 1.4984E-06 3.2140E-06 6.8938E-06 1.4787E-05 3.1716E-05 6.8028E-05 1.4591E-04     7.664908E+09 5.166001E+10 3.482917E+11 2.349820E+12 1.587731E+13 1.076269E+14 7.346758E+14 5.091935E+15 	3.744000e+01 3.766000e+01 3.858000e+01 4.077000e+01 4.121000e+01 3.857000e+01 3.489000e+01 3.120000e+01 	73 73 73 73 73 73 73 73             !         38
6.9860E-07 1.4984E-06 3.2140E-06 6.8938E-06 1.4787E-05 3.1716E-05 6.8028E-05 1.4591E-04     7.741909E+09 5.217728E+10 3.517544E+11 2.372824E+12 1.602757E+13 1.085701E+14 7.400138E+14 5.112604E+15 	3.631000e+01 3.652000e+01 3.740000e+01 3.952000e+01 3.998000e+01 3.745000e+01 3.390000e+01 3.031000e+01 	73 73 73 73 73 73 73 73             !         39
6.9860E-07 1.4984E-06 3.2140E-06 6.8938E-06 1.4787E-05 3.1716E-05 6.8028E-05 1.4591E-04     7.838897E+09 5.282927E+10 3.561258E+11 2.401964E+12 1.621936E+13 1.097961E+14 7.473011E+14 5.147145E+15 	3.631000e+01 3.652000e+01 3.740000e+01 3.952000e+01 3.998000e+01 3.745000e+01 3.390000e+01 3.031000e+01 	73 73 73 73 73 73 73 73             !         40
6.9860E-07 1.4984E-06 3.2140E-06 6.8938E-06 1.4787E-05 3.1716E-05 6.8028E-05 1.4591E-04     7.952413E+09 5.359268E+10 3.612485E+11 2.436177E+12 1.644547E+13 1.112556E+14 7.561964E+14 5.193106E+15 	3.526000e+01 3.546000e+01 3.630000e+01 3.835000e+01 3.883000e+01 3.641000e+01 3.300000e+01 2.953000e+01 	73 73 73 73 73 73 73 73             !         41
6.9860E-07 1.4984E-06 3.2140E-06 6.8938E-06 1.4787E-05 3.1716E-05 6.8028E-05 1.4591E-04     8.078830E+09 5.444305E+10 3.669578E+11 2.474349E+12 1.669838E+13 1.128973E+14 7.663465E+14 5.247987E+15 	3.555000e+01 3.575000e+01 3.661000e+01 3.865000e+01 3.912000e+01 3.669000e+01 3.326000e+01 2.978000e+01 	73 73 73 73 73 73 73 73             !         42
6.9860E-07 1.4984E-06 3.2140E-06 6.8938E-06 1.4787E-05 3.1716E-05 6.8028E-05 1.4591E-04     8.214378E+09 5.535497E+10 3.730821E+11 2.515324E+12 1.697026E+13 1.146683E+14 7.773892E+14 5.309264E+15 	3.449000e+01 3.468000e+01 3.549000e+01 3.746000e+01 3.794000e+01 3.563000e+01 3.235000e+01 2.902000e+01 	73 73 73 73 73 73 73 73             !         43
6.9860E-07 1.4984E-06 3.2140E-06 6.8938E-06 1.4787E-05 3.1716E-05 6.8028E-05 1.4591E-04     8.355205E+09 5.630248E+10 3.794467E+11 2.557923E+12 1.725316E+13 1.165146E+14 7.889582E+14 5.374417E+15 	3.449000e+01 3.468000e+01 3.549000e+01 3.746000e+01 3.794000e+01 3.563000e+01 3.235000e+01 2.902000e+01 	73 73 73 73 73 73 73 73             !         44
6.9860E-07 1.4984E-06 3.2140E-06 6.8938E-06 1.4787E-05 3.1716E-05 6.8028E-05 1.4591E-04     8.497471E+09 5.725971E+10 3.858770E+11 2.600969E+12 1.753915E+13 1.183828E+14 8.006925E+14 5.440989E+15 	3.346000e+01 3.364000e+01 3.439000e+01 3.628000e+01 3.679000e+01 3.462000e+01 3.150000e+01 2.830000e+01 	73 73 73 73 73 73 73 73             !         45
6.9860E-07 1.4984E-06 3.2140E-06 6.8938E-06 1.4787E-05 3.1716E-05 6.8028E-05 1.4591E-04     8.637470E+09 5.820170E+10 3.922050E+11 2.643332E+12 1.782061E+13 1.202216E+14 8.122465E+14 5.506657E+15 	3.247000e+01 3.264000e+01 3.336000e+01 3.515000e+01 3.568000e+01 3.364000e+01 3.068000e+01 2.763000e+01 	73 73 73 73 73 73 73 73             !         46
6.9860E-07 1.4984E-06 3.2140E-06 6.8938E-06 1.4787E-05 3.1716E-05 6.8028E-05 1.4591E-04     8.771764E+09 5.910527E+10 3.982745E+11 2.683958E+12 1.809045E+13 1.219835E+14 8.233025E+14 5.569304E+15 	3.247000e+01 3.264000e+01 3.336000e+01 3.515000e+01 3.568000e+01 3.364000e+01 3.068000e+01 2.763000e+01 	73 73 73 73 73 73 73 73             !         47
6.9860E-07 1.4984E-06 3.2140E-06 6.8938E-06 1.4787E-05 3.1716E-05 6.8028E-05 1.4591E-04     8.897314E+09 5.994995E+10 4.039478E+11 2.721922E+12 1.834246E+13 1.236267E+14 8.335827E+14 5.627101E+15 	3.152000e+01 3.168000e+01 3.234000e+01 3.406000e+01 3.461000e+01 3.269000e+01 2.989000e+01 2.698000e+01 	73 73 73 73 73 73 73 73             !         48
6.9860E-07 1.4984E-06 3.2140E-06 6.8938E-06 1.4787E-05 3.1716E-05 6.8028E-05 1.4591E-04     9.011602E+09 6.071880E+10 4.091107E+11 2.756456E+12 1.857148E+13 1.251170E+14 8.428594E+14 5.678570E+15 	3.152000e+01 3.168000e+01 3.234000e+01 3.406000e+01 3.461000e+01 3.269000e+01 2.989000e+01 2.698000e+01 	73 73 73 73 73 73 73 73             !         49
6.9860E-07 1.4984E-06 3.2140E-06 6.8938E-06 1.4787E-05 3.1716E-05 6.8028E-05 1.4591E-04     9.112723E+09 6.139898E+10 4.136768E+11 2.786979E+12 1.877363E+13 1.264283E+14 8.509630E+14 5.722629E+15 	3.063000e+01 3.078000e+01 3.139000e+01 3.303000e+01 3.362000e+01 3.183000e+01 2.918000e+01 2.640000e+01 	73 73 73 73 73 73 73 73             !         50
6.9860E-07 1.4984E-06 3.2140E-06 6.8938E-06 1.4787E-05 3.1716E-05 6.8028E-05 1.4591E-04     9.199434E+09 6.198212E+10 4.175900E+11 2.813114E+12 1.894638E+13 1.275440E+14 8.577862E+14 5.758619E+15 	3.063000e+01 3.078000e+01 3.139000e+01 3.303000e+01 3.362000e+01 3.183000e+01 2.918000e+01 2.640000e+01 	73 73 73 73 73 73 73 73             !         51
6.9860E-07 1.4984E-06 3.2140E-06 6.8938E-06 1.4787E-05 3.1716E-05 6.8028E-05 1.4591E-04     9.271167E+09 6.246441E+10 4.208245E+11 2.834690E+12 1.908861E+13 1.284570E+14 8.632842E+14 5.786297E+15 	2.977000e+01 2.990000e+01 3.047000e+01 3.202000e+01 3.264000e+01 3.096000e+01 2.847000e+01 2.583000e+01 	73 73 73 73 73 73 73 73             !         52
6.9860E-07 1.4984E-06 3.2140E-06 6.8938E-06 1.4787E-05 3.1716E-05 6.8028E-05 1.4591E-04     9.327992E+09 6.284632E+10 4.233837E+11 2.851730E+12 1.920050E+13 1.291686E+14 8.674712E+14 5.805810E+15 	2.977000e+01 2.990000e+01 3.047000e+01 3.202000e+01 3.264000e+01 3.096000e+01 2.847000e+01 2.583000e+01 	73 73 73 73 73 73 73 73             !         53
6.9860E-07 1.4984E-06 3.2140E-06 6.8938E-06 1.4787E-05 3.1716E-05 6.8028E-05 1.4591E-04     9.370545E+09 6.313214E+10 4.252966E+11 2.864432E+12 1.928338E+13 1.296882E+14 8.704128E+14 5.817645E+15 	2.896000e+01 2.908000e+01 2.960000e+01 3.108000e+01 3.172000e+01 3.017000e+01 2.783000e+01 2.532000e+01 	73 73 73 73 73 73 73 73             !         54
6.9860E-07 1.4984E-06 3.2140E-06 6.8938E-06 1.4787E-05 3.1716E-05 6.8028E-05 1.4591E-04     9.399933E+09 6.332933E+10 4.266134E+11 2.873135E+12 1.933957E+13 1.300314E+14 8.722174E+14 5.822561E+15 	2.819000e+01 2.830000e+01 2.878000e+01 3.016000e+01 3.082000e+01 2.939000e+01 2.721000e+01 2.484000e+01 	73 73 73 73 73 73 73 73             !         55
6.9860E-07 1.4984E-06 3.2140E-06 6.8938E-06 1.4787E-05 3.1716E-05 6.8028E-05 1.4591E-04     9.417609E+09 6.344770E+10 4.274004E+11 2.878285E+12 1.937207E+13 1.302186E+14 8.730242E+14 5.821518E+15 	2.819000e+01 2.830000e+01 2.878000e+01 3.016000e+01 3.082000e+01 2.939000e+01 2.721000e+01 2.484000e+01 	73 73 73 73 73 73 73 73             !         56
6.9860E-07 1.4984E-06 3.2140E-06 6.8938E-06 1.4787E-05 3.1716E-05 6.8028E-05 1.4591E-04     9.425256E+09 6.349858E+10 4.277339E+11 2.880397E+12 1.938436E+13 1.302735E+14 8.729923E+14 5.815597E+15 	2.756000e+01 2.766000e+01 2.810000e+01 2.940000e+01 3.009000e+01 2.875000e+01 2.669000e+01 2.444000e+01 	73 73 73 73 73 73 73 73             !         57
6.9860E-07 1.4984E-06 3.2140E-06 6.8938E-06 1.4787E-05 3.1716E-05 6.8028E-05 1.4591E-04     9.424662E+09 6.349402E+10 4.276951E+11 2.880019E+12 1.938013E+13 1.302207E+14 8.722897E+14 5.805930E+15 	2.756000e+01 2.766000e+01 2.810000e+01 2.940000e+01 3.009000e+01 2.875000e+01 2.669000e+01 2.444000e+01 	73 73 73 73 73 73 73 73             !         58
6.9860E-07 1.4984E-06 3.2140E-06 6.8938E-06 1.4787E-05 3.1716E-05 6.8028E-05 1.4591E-04     9.417610E+09 6.344603E+10 4.273649E+11 2.877696E+12 1.936305E+13 1.300852E+14 8.710828E+14 5.793632E+15 	2.698000e+01 2.707000e+01 2.748000e+01 2.871000e+01 2.941000e+01 2.819000e+01 2.625000e+01 2.410000e+01 	73 73 73 73 73 73 73 73             !         59
6.9860E-07 1.4984E-06 3.2140E-06 6.8938E-06 1.4787E-05 3.1716E-05 6.8028E-05 1.4591E-04     9.405784E+09 6.336596E+10 4.268198E+11 2.873942E+12 1.933659E+13 1.298901E+14 8.695280E+14 5.779746E+15 	2.698000e+01 2.707000e+01 2.748000e+01 2.871000e+01 2.941000e+01 2.819000e+01 2.625000e+01 2.410000e+01 	73 73 73 73 73 73 73 73             !         60
6.9860E-07 1.4984E-06 3.2140E-06 6.8938E-06 1.4787E-05 3.1716E-05 6.8028E-05 1.4591E-04     9.390689E+09 6.326395E+10 4.261281E+11 2.869218E+12 1.930384E+13 1.296563E+14 8.677644E+14 5.765194E+15 	2.652000e+01 2.660000e+01 2.698000e+01 2.815000e+01 2.888000e+01 2.773000e+01 2.588000e+01 2.381000e+01 	73 73 73 73 73 73 73 73             !         61
6.9860E-07 1.4984E-06 3.2140E-06 6.8938E-06 1.4787E-05 3.1716E-05 6.8028E-05 1.4591E-04     9.373589E+09 6.314851E+10 4.253471E+11 2.863909E+12 1.926741E+13 1.294012E+14 8.659088E+14 5.750750E+15 	2.619000e+01 2.626000e+01 2.662000e+01 2.773000e+01 2.848000e+01 2.739000e+01 2.563000e+01 2.362000e+01 	73 73 73 73 73 73 73 73             !         62
6.9860E-07 1.4984E-06 3.2140E-06 6.8938E-06 1.4787E-05 3.1716E-05 6.8028E-05 1.4591E-04     9.355464E+09 6.302625E+10 4.245213E+11 2.858316E+12 1.922930E+13 1.291384E+14 8.640512E+14 5.737006E+15 	2.619000e+01 2.626000e+01 2.662000e+01 2.773000e+01 2.848000e+01 2.739000e+01 2.563000e+01 2.362000e+01 	73 73 73 73 73 73 73 73             !         63
6.9860E-07 1.4984E-06 3.2140E-06 6.8938E-06 1.4787E-05 3.1716E-05 6.8028E-05 1.4591E-04     9.336981E+09 6.290165E+10 4.236809E+11 2.852641E+12 1.919088E+13 1.288770E+14 8.622527E+14 5.724363E+15 	2.607000e+01 2.614000e+01 2.649000e+01 2.759000e+01 2.833000e+01 2.728000e+01 2.554000e+01 2.355000e+01 	73 73 73 73 73 73 73 73             !         64
