size1 size2 size3 size4 size5 size6 size7 size8
1.36406E-04 2.01964E-05 2.98217E-06 4.37775E-07 6.34632E-08 8.95577E-09 1.19284E-09 1.40319E-10
1.75158E-04 2.59361E-05 3.83034E-06 5.62490E-07 8.16067E-08 1.15355E-08 1.54199E-09 1.82798E-10
2.24028E-04 3.31751E-05 4.90024E-06 7.19864E-07 1.04519E-07 1.47987E-08 1.98522E-09 2.37138E-10
2.85399E-04 4.22664E-05 6.24413E-06 9.17611E-07 1.33332E-07 1.89090E-08 2.54547E-09 3.06343E-10
3.62141E-04 5.36357E-05 7.92502E-06 1.16503E-06 1.69409E-07 2.40639E-08 3.25054E-09 3.94086E-10
4.57699E-04 6.77935E-05 1.00185E-05 1.47330E-06 2.14392E-07 3.05014E-08 4.13403E-09 5.04838E-10
5.76179E-04 8.53489E-05 1.26148E-05 1.85573E-06 2.70237E-07 3.85059E-08 5.23628E-09 6.44006E-10
7.22457E-04 1.07025E-04 1.58210E-05 2.32815E-06 3.39272E-07 4.84163E-08 6.60543E-09 8.18096E-10
9.02283E-04 1.33673E-04 1.97634E-05 2.90923E-06 4.24247E-07 6.06331E-08 8.29870E-09 1.03489E-09
1.12241E-03 1.66296E-04 2.45902E-05 3.62091E-06 5.28391E-07 7.56281E-08 1.03836E-08 1.30366E-09
1.39070E-03 2.06060E-04 3.04747E-05 4.48880E-06 6.55478E-07 9.39532E-08 1.29395E-08 1.63535E-09
1.71630E-03 2.54321E-04 3.76175E-05 5.54260E-06 8.09894E-07 1.16251E-07 1.60590E-08 2.04283E-09
2.10973E-03 3.12642E-04 4.62503E-05 6.81663E-06 9.96701E-07 1.43263E-07 1.98494E-08 2.54116E-09
2.58309E-03 3.82813E-04 5.66388E-05 8.35021E-06 1.22171E-06 1.75844E-07 2.44348E-08 3.14781E-09
3.15012E-03 4.66877E-04 6.90857E-05 1.01882E-05 1.49155E-06 2.14969E-07 2.99570E-08 3.88295E-09
3.82641E-03 5.67144E-04 8.39338E-05 1.23814E-05 1.81374E-06 2.61746E-07 3.65779E-08 4.76970E-09
4.62948E-03 6.86215E-04 1.01569E-04 1.49869E-05 2.19673E-06 3.17423E-07 4.44805E-08 5.83443E-09
5.57891E-03 8.26994E-04 1.22421E-04 1.80688E-05 2.65001E-06 3.83400E-07 5.38704E-08 7.10694E-09
6.69642E-03 9.92706E-04 1.46970E-04 2.16979E-05 3.18407E-06 4.61233E-07 6.49772E-08 8.62072E-09
8.00593E-03 1.18690E-03 1.75742E-04 2.59524E-05 3.81053E-06 5.52643E-07 7.80553E-08 1.04131E-08
9.53361E-03 1.41346E-03 2.09314E-04 3.09178E-05 4.54208E-06 6.59513E-07 9.33842E-08 1.25255E-08
1.13078E-02 1.67660E-03 2.48310E-04 3.66871E-05 5.39251E-06 7.83893E-07 1.11269E-07 1.50033E-08
1.33591E-02 1.98085E-03 2.93402E-04 4.33599E-05 6.37667E-06 9.27995E-07 1.32040E-07 1.78960E-08
1.57200E-02 2.33103E-03 3.45309E-04 5.10431E-05 7.51040E-06 1.09418E-06 1.56052E-07 2.12570E-08
1.84248E-02 2.73224E-03 4.04788E-04 5.98490E-05 8.81046E-06 1.28496E-06 1.83680E-07 2.51435E-08
2.15094E-02 3.18983E-03 4.72630E-04 6.98954E-05 1.02944E-05 1.50294E-06 2.15319E-07 2.96159E-08
2.50110E-02 3.70929E-03 5.49654E-04 8.13041E-05 1.19804E-05 1.75086E-06 2.51383E-07 3.47377E-08
2.89675E-02 4.29626E-03 6.36697E-04 9.41995E-05 1.38869E-05 2.03149E-06 2.92293E-07 4.05746E-08
3.34169E-02 4.95639E-03 7.34598E-04 1.08707E-04 1.60328E-05 2.34766E-06 3.38479E-07 4.71938E-08
3.83970E-02 5.69530E-03 8.44193E-04 1.24950E-04 1.84364E-05 2.70214E-06 3.90368E-07 5.46628E-08
4.39446E-02 6.51843E-03 9.66291E-04 1.43050E-04 2.11160E-05 3.09769E-06 4.48382E-07 6.30487E-08
5.00945E-02 7.43097E-03 1.10166E-03 1.63122E-04 2.40888E-05 3.53689E-06 5.12922E-07 7.24164E-08
5.68787E-02 8.43768E-03 1.25102E-03 1.85271E-04 2.73705E-05 4.02217E-06 5.84366E-07 8.28276E-08
6.43260E-02 9.54282E-03 1.41499E-03 2.09593E-04 3.09755E-05 4.55570E-06 6.63054E-07 9.43388E-08
7.24602E-02 1.07499E-02 1.59411E-03 2.36165E-04 3.49157E-05 5.13930E-06 7.49278E-07 1.07000E-07
8.12996E-02 1.20618E-02 1.78878E-03 2.65050E-04 3.92002E-05 5.77442E-06 8.43272E-07 1.20851E-07
9.08561E-02 1.34801E-02 1.99927E-03 2.96286E-04 4.38353E-05 6.46201E-06 9.45196E-07 1.35924E-07
1.01134E-01 1.50054E-02 2.22566E-03 3.29889E-04 4.88231E-05 7.20247E-06 1.05513E-06 1.52237E-07
1.12128E-01 1.66372E-02 2.46787E-03 3.65844E-04 5.41619E-05 7.99560E-06 1.17306E-06 1.69793E-07
1.23825E-01 1.83733E-02 2.72558E-03 4.04106E-04 5.98451E-05 8.84047E-06 1.29887E-06 1.88580E-07
1.36200E-01 2.02102E-02 2.99827E-03 4.44598E-04 6.58613E-05 9.73542E-06 1.43233E-06 2.08569E-07
1.49219E-01 2.21427E-02 3.28516E-03 4.87205E-04 7.21935E-05 1.06780E-05 1.57307E-06 2.29710E-07
1.62835E-01 2.41638E-02 3.58523E-03 5.31775E-04 7.88194E-05 1.16648E-05 1.72061E-06 2.51934E-07
1.76989E-01 2.62649E-02 3.89720E-03 5.78117E-04 8.57105E-05 1.26918E-05 1.87434E-06 2.75151E-07
1.91611E-01 2.84355E-02 4.21951E-03 6.26002E-04 9.28329E-05 1.37538E-05 2.03350E-06 2.99249E-07
2.06620E-01 3.06636E-02 4.55036E-03 6.75161E-04 1.00147E-04 1.48449E-05 2.19721E-06 3.24094E-07
2.21922E-01 3.29353E-02 4.88770E-03 7.25290E-04 1.07606E-04 1.59583E-05 2.36444E-06 3.49531E-07
2.37413E-01 3.52350E-02 5.22923E-03 7.76046E-04 1.15161E-04 1.70864E-05 2.53405E-06 3.75386E-07
2.52979E-01 3.75460E-02 5.57244E-03 8.27057E-04 1.22755E-04 1.82209E-05 2.70478E-06 4.01465E-07
2.68498E-01 3.98500E-02 5.91463E-03 8.77921E-04 1.30329E-04 1.93528E-05 2.87527E-06 4.27556E-07
2.83840E-01 4.21277E-02 6.25294E-03 9.28212E-04 1.37819E-04 2.04727E-05 3.04408E-06 4.53436E-07
2.98870E-01 4.43592E-02 6.58439E-03 9.77488E-04 1.45158E-04 2.15704E-05 3.20969E-06 4.78868E-07
3.13449E-01 4.65239E-02 6.90592E-03 1.02529E-03 1.52280E-04 2.26359E-05 3.37055E-06 5.03608E-07
3.27438E-01 4.86008E-02 7.21443E-03 1.07116E-03 1.59115E-04 2.36588E-05 3.52508E-06 5.27408E-07
3.40696E-01 5.05692E-02 7.50683E-03 1.11464E-03 1.65594E-04 2.46288E-05 3.67169E-06 5.50018E-07
3.53086E-01 5.24089E-02 7.78012E-03 1.15528E-03 1.71650E-04 2.55357E-05 3.80886E-06 5.71196E-07
3.64477E-01 5.41003E-02 8.03138E-03 1.19265E-03 1.77220E-04 2.63699E-05 3.93508E-06 5.90703E-07
3.74746E-01 5.56250E-02 8.25787E-03 1.22633E-03 1.82241E-04 2.71220E-05 4.04894E-06 6.08318E-07
3.83777E-01 5.69660E-02 8.45709E-03 1.25596E-03 1.86658E-04 2.77838E-05 4.14916E-06 6.23834E-07
3.91470E-01 5.81082E-02 8.62678E-03 1.28119E-03 1.90420E-04 2.83477E-05 4.23457E-06 6.37066E-07
3.97734E-01 5.90384E-02 8.76497E-03 1.30175E-03 1.93485E-04 2.88069E-05 4.30416E-06 6.47853E-07
4.02499E-01 5.97458E-02 8.87007E-03 1.31738E-03 1.95816E-04 2.91563E-05 4.35711E-06 6.56064E-07
4.05707E-01 6.02221E-02 8.94083E-03 1.32791E-03 1.97385E-04 2.93915E-05 4.39276E-06 6.61595E-07
4.07320E-01 6.04617E-02 8.97642E-03 1.33320E-03 1.98174E-04 2.95098E-05 4.41070E-06 6.64378E-07
