8.375e+01 8.442e+01 8.719e+01 9.298e+01 9.303e+01 8.541e+01 7.586e+01 6.686e+01 5.781e+01 4.831e+01 4.203e+01 4.066e+01 4.189e+01 4.337e+01 4.454e+01 4.536e+01 
8.375e+01 8.442e+01 8.719e+01 9.298e+01 9.303e+01 8.541e+01 7.586e+01 6.686e+01 5.781e+01 4.831e+01 4.203e+01 4.066e+01 4.189e+01 4.337e+01 4.454e+01 4.536e+01 
8.373e+01 8.440e+01 8.717e+01 9.296e+01 9.301e+01 8.540e+01 7.585e+01 6.685e+01 5.780e+01 4.831e+01 4.203e+01 4.065e+01 4.189e+01 4.336e+01 4.453e+01 4.536e+01 
8.373e+01 8.440e+01 8.717e+01 9.296e+01 9.301e+01 8.540e+01 7.585e+01 6.685e+01 5.780e+01 4.831e+01 4.203e+01 4.065e+01 4.189e+01 4.336e+01 4.453e+01 4.536e+01 
8.367e+01 8.435e+01 8.711e+01 9.289e+01 9.296e+01 8.535e+01 7.581e+01 6.682e+01 5.778e+01 4.829e+01 4.200e+01 4.063e+01 4.186e+01 4.333e+01 4.450e+01 4.533e+01 
8.357e+01 8.424e+01 8.700e+01 9.277e+01 9.285e+01 8.526e+01 7.573e+01 6.675e+01 5.773e+01 4.825e+01 4.197e+01 4.058e+01 4.181e+01 4.328e+01 4.445e+01 4.528e+01 
8.445e+01 8.514e+01 8.793e+01 9.378e+01 9.385e+01 8.617e+01 7.653e+01 6.746e+01 5.832e+01 4.877e+01 4.250e+01 4.118e+01 4.244e+01 4.393e+01 4.511e+01 4.595e+01 
8.423e+01 8.492e+01 8.768e+01 9.352e+01 9.363e+01 8.598e+01 7.637e+01 6.733e+01 5.823e+01 4.869e+01 4.242e+01 4.108e+01 4.234e+01 4.383e+01 4.500e+01 4.584e+01 
8.423e+01 8.492e+01 8.768e+01 9.352e+01 9.363e+01 8.598e+01 7.637e+01 6.733e+01 5.823e+01 4.869e+01 4.242e+01 4.108e+01 4.234e+01 4.383e+01 4.500e+01 4.584e+01 
8.385e+01 8.452e+01 8.727e+01 9.308e+01 9.322e+01 8.564e+01 7.609e+01 6.710e+01 5.804e+01 4.854e+01 4.227e+01 4.091e+01 4.216e+01 4.363e+01 4.480e+01 4.563e+01 
8.385e+01 8.452e+01 8.727e+01 9.308e+01 9.322e+01 8.564e+01 7.609e+01 6.710e+01 5.804e+01 4.854e+01 4.227e+01 4.091e+01 4.216e+01 4.363e+01 4.480e+01 4.563e+01 
8.318e+01 8.385e+01 8.654e+01 9.231e+01 9.252e+01 8.504e+01 7.558e+01 6.667e+01 5.770e+01 4.826e+01 4.198e+01 4.059e+01 4.181e+01 4.327e+01 4.443e+01 4.525e+01 
8.318e+01 8.385e+01 8.654e+01 9.231e+01 9.252e+01 8.504e+01 7.558e+01 6.667e+01 5.770e+01 4.826e+01 4.198e+01 4.059e+01 4.181e+01 4.327e+01 4.443e+01 4.525e+01 
8.209e+01 8.274e+01 8.537e+01 9.107e+01 9.138e+01 8.407e+01 7.476e+01 6.600e+01 5.717e+01 4.782e+01 4.153e+01 4.009e+01 4.126e+01 4.270e+01 4.384e+01 4.466e+01 
8.209e+01 8.274e+01 8.537e+01 9.107e+01 9.138e+01 8.407e+01 7.476e+01 6.600e+01 5.717e+01 4.782e+01 4.153e+01 4.009e+01 4.126e+01 4.270e+01 4.384e+01 4.466e+01 
8.032e+01 8.092e+01 8.344e+01 8.901e+01 8.950e+01 8.247e+01 7.341e+01 6.487e+01 5.628e+01 4.708e+01 4.079e+01 3.926e+01 4.037e+01 4.175e+01 4.287e+01 4.367e+01 
8.032e+01 8.092e+01 8.344e+01 8.901e+01 8.950e+01 8.247e+01 7.341e+01 6.487e+01 5.628e+01 4.708e+01 4.079e+01 3.926e+01 4.037e+01 4.175e+01 4.287e+01 4.367e+01 
7.760e+01 7.817e+01 8.052e+01 8.588e+01 8.660e+01 8.000e+01 7.132e+01 6.313e+01 5.492e+01 4.594e+01 3.965e+01 3.799e+01 3.898e+01 4.031e+01 4.138e+01 4.216e+01 
7.760e+01 7.817e+01 8.052e+01 8.588e+01 8.660e+01 8.000e+01 7.132e+01 6.313e+01 5.492e+01 4.594e+01 3.965e+01 3.799e+01 3.898e+01 4.031e+01 4.138e+01 4.216e+01 
7.358e+01 7.408e+01 7.619e+01 8.122e+01 8.227e+01 7.629e+01 6.818e+01 6.053e+01 5.289e+01 4.427e+01 3.801e+01 3.615e+01 3.697e+01 3.819e+01 3.920e+01 3.994e+01 
7.358e+01 7.408e+01 7.619e+01 8.122e+01 8.227e+01 7.629e+01 6.818e+01 6.053e+01 5.289e+01 4.427e+01 3.801e+01 3.615e+01 3.697e+01 3.819e+01 3.920e+01 3.994e+01 
6.814e+01 6.856e+01 7.036e+01 7.490e+01 7.629e+01 7.116e+01 6.383e+01 5.691e+01 5.007e+01 4.200e+01 3.580e+01 3.369e+01 3.427e+01 3.533e+01 3.625e+01 3.694e+01 
6.814e+01 6.856e+01 7.036e+01 7.490e+01 7.629e+01 7.116e+01 6.383e+01 5.691e+01 5.007e+01 4.200e+01 3.580e+01 3.369e+01 3.427e+01 3.533e+01 3.625e+01 3.694e+01 
6.142e+01 6.175e+01 6.320e+01 6.706e+01 6.871e+01 6.461e+01 5.830e+01 5.232e+01 4.656e+01 3.924e+01 3.318e+01 3.079e+01 3.105e+01 3.191e+01 3.271e+01 3.331e+01 
6.142e+01 6.175e+01 6.320e+01 6.706e+01 6.871e+01 6.461e+01 5.830e+01 5.232e+01 4.656e+01 3.924e+01 3.318e+01 3.079e+01 3.105e+01 3.191e+01 3.271e+01 3.331e+01 
5.454e+01 5.481e+01 5.596e+01 5.909e+01 6.060e+01 5.745e+01 5.225e+01 4.728e+01 4.273e+01 3.635e+01 3.054e+01 2.787e+01 2.779e+01 2.843e+01 2.906e+01 2.957e+01 
5.454e+01 5.481e+01 5.596e+01 5.909e+01 6.060e+01 5.745e+01 5.225e+01 4.728e+01 4.273e+01 3.635e+01 3.054e+01 2.787e+01 2.779e+01 2.843e+01 2.906e+01 2.957e+01 
4.925e+01 4.950e+01 5.056e+01 5.319e+01 5.412e+01 5.135e+01 4.700e+01 4.279e+01 3.929e+01 3.387e+01 2.837e+01 2.555e+01 2.517e+01 2.559e+01 2.609e+01 2.651e+01 
4.925e+01 4.950e+01 5.056e+01 5.319e+01 5.412e+01 5.135e+01 4.700e+01 4.279e+01 3.929e+01 3.387e+01 2.837e+01 2.555e+01 2.517e+01 2.559e+01 2.609e+01 2.651e+01 
4.602e+01 4.627e+01 4.732e+01 4.983e+01 5.035e+01 4.746e+01 4.338e+01 3.947e+01 3.661e+01 3.199e+01 2.684e+01 2.395e+01 2.338e+01 2.366e+01 2.405e+01 2.440e+01 
4.602e+01 4.627e+01 4.732e+01 4.983e+01 5.035e+01 4.746e+01 4.338e+01 3.947e+01 3.661e+01 3.199e+01 2.684e+01 2.395e+01 2.338e+01 2.366e+01 2.405e+01 2.440e+01 
4.372e+01 4.397e+01 4.501e+01 4.748e+01 4.795e+01 4.498e+01 4.091e+01 3.703e+01 3.451e+01 3.056e+01 2.573e+01 2.284e+01 2.215e+01 2.233e+01 2.265e+01 2.296e+01 
4.372e+01 4.397e+01 4.501e+01 4.748e+01 4.795e+01 4.498e+01 4.091e+01 3.703e+01 3.451e+01 3.056e+01 2.573e+01 2.284e+01 2.215e+01 2.233e+01 2.265e+01 2.296e+01 
4.190e+01 4.214e+01 4.317e+01 4.558e+01 4.603e+01 4.311e+01 3.907e+01 3.520e+01 3.288e+01 2.945e+01 2.491e+01 2.205e+01 2.128e+01 2.139e+01 2.167e+01 2.193e+01 
4.190e+01 4.214e+01 4.317e+01 4.558e+01 4.603e+01 4.311e+01 3.907e+01 3.520e+01 3.288e+01 2.945e+01 2.491e+01 2.205e+01 2.128e+01 2.139e+01 2.167e+01 2.193e+01 
4.038e+01 4.060e+01 4.158e+01 4.393e+01 4.443e+01 4.162e+01 3.769e+01 3.387e+01 3.169e+01 2.861e+01 2.430e+01 2.147e+01 2.065e+01 2.071e+01 2.095e+01 2.119e+01 
4.038e+01 4.060e+01 4.158e+01 4.393e+01 4.443e+01 4.162e+01 3.769e+01 3.387e+01 3.169e+01 2.861e+01 2.430e+01 2.147e+01 2.065e+01 2.071e+01 2.095e+01 2.119e+01 
3.896e+01 3.918e+01 4.011e+01 4.237e+01 4.288e+01 4.020e+01 3.644e+01 3.277e+01 3.074e+01 2.795e+01 2.381e+01 2.100e+01 2.014e+01 2.017e+01 2.038e+01 2.060e+01 
3.769e+01 3.789e+01 3.876e+01 4.092e+01 4.147e+01 3.894e+01 3.535e+01 3.182e+01 2.994e+01 2.738e+01 2.339e+01 2.062e+01 1.972e+01 1.972e+01 1.990e+01 2.010e+01 
3.769e+01 3.789e+01 3.876e+01 4.092e+01 4.147e+01 3.894e+01 3.535e+01 3.182e+01 2.994e+01 2.738e+01 2.339e+01 2.062e+01 1.972e+01 1.972e+01 1.990e+01 2.010e+01 
3.641e+01 3.661e+01 3.742e+01 3.947e+01 4.003e+01 3.766e+01 3.427e+01 3.091e+01 2.917e+01 2.685e+01 2.302e+01 2.027e+01 1.935e+01 1.931e+01 1.947e+01 1.966e+01 
3.641e+01 3.661e+01 3.742e+01 3.947e+01 4.003e+01 3.766e+01 3.427e+01 3.091e+01 2.917e+01 2.685e+01 2.302e+01 2.027e+01 1.935e+01 1.931e+01 1.947e+01 1.966e+01 
3.519e+01 3.537e+01 3.613e+01 3.808e+01 3.867e+01 3.643e+01 3.323e+01 3.003e+01 2.845e+01 2.634e+01 2.266e+01 1.995e+01 1.899e+01 1.893e+01 1.907e+01 1.924e+01 
3.519e+01 3.537e+01 3.613e+01 3.808e+01 3.867e+01 3.643e+01 3.323e+01 3.003e+01 2.845e+01 2.634e+01 2.266e+01 1.995e+01 1.899e+01 1.893e+01 1.907e+01 1.924e+01 
3.399e+01 3.416e+01 3.486e+01 3.670e+01 3.731e+01 3.524e+01 3.224e+01 2.921e+01 2.776e+01 2.587e+01 2.234e+01 1.966e+01 1.868e+01 1.859e+01 1.871e+01 1.886e+01 
3.399e+01 3.416e+01 3.486e+01 3.670e+01 3.731e+01 3.524e+01 3.224e+01 2.921e+01 2.776e+01 2.587e+01 2.234e+01 1.966e+01 1.868e+01 1.859e+01 1.871e+01 1.886e+01 
3.283e+01 3.298e+01 3.362e+01 3.535e+01 3.600e+01 3.408e+01 3.128e+01 2.843e+01 2.711e+01 2.542e+01 2.203e+01 1.940e+01 1.839e+01 1.828e+01 1.838e+01 1.852e+01 
3.283e+01 3.298e+01 3.362e+01 3.535e+01 3.600e+01 3.408e+01 3.128e+01 2.843e+01 2.711e+01 2.542e+01 2.203e+01 1.940e+01 1.839e+01 1.828e+01 1.838e+01 1.852e+01 
3.163e+01 3.176e+01 3.234e+01 3.394e+01 3.463e+01 3.290e+01 3.031e+01 2.766e+01 2.649e+01 2.499e+01 2.174e+01 1.915e+01 1.813e+01 1.800e+01 1.808e+01 1.821e+01 
3.163e+01 3.176e+01 3.234e+01 3.394e+01 3.463e+01 3.290e+01 3.031e+01 2.766e+01 2.649e+01 2.499e+01 2.174e+01 1.915e+01 1.813e+01 1.800e+01 1.808e+01 1.821e+01 
3.054e+01 3.065e+01 3.117e+01 3.264e+01 3.334e+01 3.180e+01 2.943e+01 2.697e+01 2.592e+01 2.460e+01 2.148e+01 1.894e+01 1.791e+01 1.776e+01 1.782e+01 1.794e+01 
3.054e+01 3.065e+01 3.117e+01 3.264e+01 3.334e+01 3.180e+01 2.943e+01 2.697e+01 2.592e+01 2.460e+01 2.148e+01 1.894e+01 1.791e+01 1.776e+01 1.782e+01 1.794e+01 
2.954e+01 2.965e+01 3.010e+01 3.144e+01 3.219e+01 3.079e+01 2.863e+01 2.633e+01 2.541e+01 2.423e+01 2.124e+01 1.875e+01 1.771e+01 1.755e+01 1.760e+01 1.770e+01 
2.954e+01 2.965e+01 3.010e+01 3.144e+01 3.219e+01 3.079e+01 2.863e+01 2.633e+01 2.541e+01 2.423e+01 2.124e+01 1.875e+01 1.771e+01 1.755e+01 1.760e+01 1.770e+01 
2.869e+01 2.878e+01 2.918e+01 3.042e+01 3.117e+01 2.993e+01 2.795e+01 2.581e+01 2.498e+01 2.393e+01 2.105e+01 1.861e+01 1.758e+01 1.740e+01 1.744e+01 1.754e+01 
2.869e+01 2.878e+01 2.918e+01 3.042e+01 3.117e+01 2.993e+01 2.795e+01 2.581e+01 2.498e+01 2.393e+01 2.105e+01 1.861e+01 1.758e+01 1.740e+01 1.744e+01 1.754e+01 
2.783e+01 2.791e+01 2.826e+01 2.936e+01 3.011e+01 2.903e+01 2.725e+01 2.528e+01 2.455e+01 2.363e+01 2.085e+01 1.845e+01 1.741e+01 1.722e+01 1.725e+01 1.734e+01 
2.706e+01 2.712e+01 2.741e+01 2.840e+01 2.917e+01 2.826e+01 2.666e+01 2.484e+01 2.419e+01 2.337e+01 2.067e+01 1.832e+01 1.729e+01 1.710e+01 1.712e+01 1.720e+01 
2.706e+01 2.712e+01 2.741e+01 2.840e+01 2.917e+01 2.826e+01 2.666e+01 2.484e+01 2.419e+01 2.337e+01 2.067e+01 1.832e+01 1.729e+01 1.710e+01 1.712e+01 1.720e+01 
2.649e+01 2.654e+01 2.680e+01 2.769e+01 2.846e+01 2.766e+01 2.619e+01 2.447e+01 2.388e+01 2.314e+01 2.052e+01 1.821e+01 1.719e+01 1.699e+01 1.700e+01 1.708e+01 
2.649e+01 2.654e+01 2.680e+01 2.769e+01 2.846e+01 2.766e+01 2.619e+01 2.447e+01 2.388e+01 2.314e+01 2.052e+01 1.821e+01 1.719e+01 1.699e+01 1.700e+01 1.708e+01 
2.612e+01 2.617e+01 2.640e+01 2.722e+01 2.797e+01 2.726e+01 2.589e+01 2.426e+01 2.372e+01 2.303e+01 2.043e+01 1.814e+01 1.712e+01 1.692e+01 1.693e+01 1.700e+01 
2.612e+01 2.617e+01 2.640e+01 2.722e+01 2.797e+01 2.726e+01 2.589e+01 2.426e+01 2.372e+01 2.303e+01 2.043e+01 1.814e+01 1.712e+01 1.692e+01 1.693e+01 1.700e+01 
2.602e+01 2.607e+01 2.629e+01 2.710e+01 2.785e+01 2.716e+01 2.581e+01 2.419e+01 2.366e+01 2.298e+01 2.041e+01 1.812e+01 1.711e+01 1.690e+01 1.691e+01 1.698e+01 
