7.714e+01 7.776e+01 8.028e+01 8.553e+01 8.558e+01 7.865e+01 6.987e+01 6.156e+01 5.336e+01 4.441e+01 3.807e+01 3.629e+01 3.723e+01 3.854e+01 3.961e+01 4.039e+01 
7.793e+01 7.856e+01 8.111e+01 8.643e+01 8.648e+01 7.947e+01 7.059e+01 6.220e+01 5.389e+01 4.488e+01 3.854e+01 3.681e+01 3.778e+01 3.911e+01 4.020e+01 4.098e+01 
7.796e+01 7.858e+01 8.113e+01 8.645e+01 8.650e+01 7.948e+01 7.061e+01 6.221e+01 5.390e+01 4.489e+01 3.855e+01 3.681e+01 3.779e+01 3.912e+01 4.021e+01 4.099e+01 
7.796e+01 7.858e+01 8.113e+01 8.645e+01 8.650e+01 7.948e+01 7.061e+01 6.221e+01 5.390e+01 4.489e+01 3.855e+01 3.681e+01 3.779e+01 3.912e+01 4.021e+01 4.099e+01 
7.792e+01 7.854e+01 8.109e+01 8.642e+01 8.647e+01 7.946e+01 7.059e+01 6.219e+01 5.389e+01 4.488e+01 3.854e+01 3.680e+01 3.778e+01 3.911e+01 4.019e+01 4.098e+01 
7.792e+01 7.854e+01 8.109e+01 8.642e+01 8.647e+01 7.946e+01 7.059e+01 6.219e+01 5.389e+01 4.488e+01 3.854e+01 3.680e+01 3.778e+01 3.911e+01 4.019e+01 4.098e+01 
7.786e+01 7.849e+01 8.103e+01 8.635e+01 8.642e+01 7.942e+01 7.055e+01 6.216e+01 5.386e+01 4.486e+01 3.852e+01 3.678e+01 3.776e+01 3.908e+01 4.017e+01 4.095e+01 
7.776e+01 7.838e+01 8.091e+01 8.624e+01 8.631e+01 7.933e+01 7.047e+01 6.210e+01 5.382e+01 4.482e+01 3.848e+01 3.674e+01 3.771e+01 3.903e+01 4.011e+01 4.090e+01 
7.776e+01 7.838e+01 8.091e+01 8.624e+01 8.631e+01 7.933e+01 7.047e+01 6.210e+01 5.382e+01 4.482e+01 3.848e+01 3.674e+01 3.771e+01 3.903e+01 4.011e+01 4.090e+01 
7.757e+01 7.820e+01 8.071e+01 8.602e+01 8.612e+01 7.917e+01 7.033e+01 6.198e+01 5.373e+01 4.474e+01 3.841e+01 3.666e+01 3.762e+01 3.894e+01 4.002e+01 4.080e+01 
7.757e+01 7.820e+01 8.071e+01 8.602e+01 8.612e+01 7.917e+01 7.033e+01 6.198e+01 5.373e+01 4.474e+01 3.841e+01 3.666e+01 3.762e+01 3.894e+01 4.002e+01 4.080e+01 
7.723e+01 7.784e+01 8.034e+01 8.562e+01 8.576e+01 7.886e+01 7.008e+01 6.178e+01 5.357e+01 4.462e+01 3.828e+01 3.651e+01 3.746e+01 3.877e+01 3.985e+01 4.062e+01 
7.723e+01 7.784e+01 8.034e+01 8.562e+01 8.576e+01 7.886e+01 7.008e+01 6.178e+01 5.357e+01 4.462e+01 3.828e+01 3.651e+01 3.746e+01 3.877e+01 3.985e+01 4.062e+01 
7.667e+01 7.728e+01 7.974e+01 8.500e+01 8.518e+01 7.837e+01 6.967e+01 6.143e+01 5.329e+01 4.439e+01 3.806e+01 3.626e+01 3.719e+01 3.849e+01 3.955e+01 4.033e+01 
7.667e+01 7.728e+01 7.974e+01 8.500e+01 8.518e+01 7.837e+01 6.967e+01 6.143e+01 5.329e+01 4.439e+01 3.806e+01 3.626e+01 3.719e+01 3.849e+01 3.955e+01 4.033e+01 
7.578e+01 7.637e+01 7.877e+01 8.396e+01 8.424e+01 7.756e+01 6.898e+01 6.086e+01 5.284e+01 4.402e+01 3.770e+01 3.586e+01 3.674e+01 3.802e+01 3.907e+01 3.984e+01 
7.578e+01 7.637e+01 7.877e+01 8.396e+01 8.424e+01 7.756e+01 6.898e+01 6.086e+01 5.284e+01 4.402e+01 3.770e+01 3.586e+01 3.674e+01 3.802e+01 3.907e+01 3.984e+01 
7.440e+01 7.497e+01 7.729e+01 8.238e+01 8.280e+01 7.633e+01 6.794e+01 5.999e+01 5.216e+01 4.346e+01 3.714e+01 3.524e+01 3.607e+01 3.731e+01 3.835e+01 3.910e+01 
7.231e+01 7.285e+01 7.503e+01 7.997e+01 8.058e+01 7.444e+01 6.633e+01 5.864e+01 5.111e+01 4.260e+01 3.630e+01 3.430e+01 3.505e+01 3.623e+01 3.723e+01 3.796e+01 
7.231e+01 7.285e+01 7.503e+01 7.997e+01 8.058e+01 7.444e+01 6.633e+01 5.864e+01 5.111e+01 4.260e+01 3.630e+01 3.430e+01 3.505e+01 3.623e+01 3.723e+01 3.796e+01 
6.931e+01 6.979e+01 7.180e+01 7.650e+01 7.736e+01 7.169e+01 6.400e+01 5.669e+01 4.957e+01 4.137e+01 3.511e+01 3.297e+01 3.358e+01 3.468e+01 3.564e+01 3.634e+01 
6.931e+01 6.979e+01 7.180e+01 7.650e+01 7.736e+01 7.169e+01 6.400e+01 5.669e+01 4.957e+01 4.137e+01 3.511e+01 3.297e+01 3.358e+01 3.468e+01 3.564e+01 3.634e+01 
6.512e+01 6.553e+01 6.729e+01 7.164e+01 7.282e+01 6.779e+01 6.069e+01 5.393e+01 4.743e+01 3.966e+01 3.347e+01 3.115e+01 3.157e+01 3.256e+01 3.344e+01 3.410e+01 
6.512e+01 6.553e+01 6.729e+01 7.164e+01 7.282e+01 6.779e+01 6.069e+01 5.393e+01 4.743e+01 3.966e+01 3.347e+01 3.115e+01 3.157e+01 3.256e+01 3.344e+01 3.410e+01 
5.982e+01 6.016e+01 6.164e+01 6.549e+01 6.693e+01 6.271e+01 5.639e+01 5.035e+01 4.465e+01 3.750e+01 3.144e+01 2.891e+01 2.908e+01 2.991e+01 3.069e+01 3.128e+01 
5.982e+01 6.016e+01 6.164e+01 6.549e+01 6.693e+01 6.271e+01 5.639e+01 5.035e+01 4.465e+01 3.750e+01 3.144e+01 2.891e+01 2.908e+01 2.991e+01 3.069e+01 3.128e+01 
5.381e+01 5.409e+01 5.528e+01 5.850e+01 6.004e+01 5.672e+01 5.134e+01 4.614e+01 4.143e+01 3.506e+01 2.922e+01 2.647e+01 2.634e+01 2.698e+01 2.763e+01 2.815e+01 
5.381e+01 5.409e+01 5.528e+01 5.850e+01 6.004e+01 5.672e+01 5.134e+01 4.614e+01 4.143e+01 3.506e+01 2.922e+01 2.647e+01 2.634e+01 2.698e+01 2.763e+01 2.815e+01 
4.834e+01 4.857e+01 4.958e+01 5.223e+01 5.343e+01 5.076e+01 4.630e+01 4.191e+01 3.819e+01 3.270e+01 2.714e+01 2.423e+01 2.382e+01 2.425e+01 2.477e+01 2.520e+01 
4.446e+01 4.469e+01 4.566e+01 4.803e+01 4.870e+01 4.614e+01 4.223e+01 3.835e+01 3.540e+01 3.074e+01 2.552e+01 2.252e+01 2.188e+01 2.215e+01 2.255e+01 2.291e+01 
4.446e+01 4.469e+01 4.566e+01 4.803e+01 4.870e+01 4.614e+01 4.223e+01 3.835e+01 3.540e+01 3.074e+01 2.552e+01 2.252e+01 2.188e+01 2.215e+01 2.255e+01 2.291e+01 
4.201e+01 4.225e+01 4.323e+01 4.555e+01 4.597e+01 4.326e+01 3.946e+01 3.572e+01 3.320e+01 2.924e+01 2.434e+01 2.132e+01 2.053e+01 2.069e+01 2.101e+01 2.132e+01 
4.201e+01 4.225e+01 4.323e+01 4.555e+01 4.597e+01 4.326e+01 3.946e+01 3.572e+01 3.320e+01 2.924e+01 2.434e+01 2.132e+01 2.053e+01 2.069e+01 2.101e+01 2.132e+01 
4.018e+01 4.042e+01 4.139e+01 4.368e+01 4.408e+01 4.131e+01 3.750e+01 3.375e+01 3.146e+01 2.805e+01 2.345e+01 2.045e+01 1.958e+01 1.966e+01 1.993e+01 2.019e+01 
4.018e+01 4.042e+01 4.139e+01 4.368e+01 4.408e+01 4.131e+01 3.750e+01 3.375e+01 3.146e+01 2.805e+01 2.345e+01 2.045e+01 1.958e+01 1.966e+01 1.993e+01 2.019e+01 
3.870e+01 3.893e+01 3.989e+01 4.214e+01 4.256e+01 3.984e+01 3.605e+01 3.230e+01 3.012e+01 2.714e+01 2.280e+01 1.983e+01 1.889e+01 1.892e+01 1.915e+01 1.938e+01 
3.870e+01 3.893e+01 3.989e+01 4.214e+01 4.256e+01 3.984e+01 3.605e+01 3.230e+01 3.012e+01 2.714e+01 2.280e+01 1.983e+01 1.889e+01 1.892e+01 1.915e+01 1.938e+01 
3.744e+01 3.766e+01 3.858e+01 4.077e+01 4.121e+01 3.857e+01 3.489e+01 3.120e+01 2.912e+01 2.644e+01 2.230e+01 1.936e+01 1.838e+01 1.837e+01 1.856e+01 1.878e+01 
3.631e+01 3.652e+01 3.740e+01 3.952e+01 3.998e+01 3.745e+01 3.390e+01 3.031e+01 2.833e+01 2.588e+01 2.189e+01 1.899e+01 1.797e+01 1.793e+01 1.810e+01 1.830e+01 
3.631e+01 3.652e+01 3.740e+01 3.952e+01 3.998e+01 3.745e+01 3.390e+01 3.031e+01 2.833e+01 2.588e+01 2.189e+01 1.899e+01 1.797e+01 1.793e+01 1.810e+01 1.830e+01 
3.526e+01 3.546e+01 3.630e+01 3.835e+01 3.883e+01 3.641e+01 3.300e+01 2.953e+01 2.766e+01 2.541e+01 2.156e+01 1.868e+01 1.763e+01 1.756e+01 1.771e+01 1.790e+01 
3.555e+01 3.575e+01 3.661e+01 3.865e+01 3.912e+01 3.669e+01 3.326e+01 2.978e+01 2.792e+01 2.563e+01 2.177e+01 1.890e+01 1.788e+01 1.781e+01 1.797e+01 1.815e+01 
3.449e+01 3.468e+01 3.549e+01 3.746e+01 3.794e+01 3.563e+01 3.235e+01 2.902e+01 2.728e+01 2.519e+01 2.145e+01 1.860e+01 1.755e+01 1.746e+01 1.759e+01 1.776e+01 
3.449e+01 3.468e+01 3.549e+01 3.746e+01 3.794e+01 3.563e+01 3.235e+01 2.902e+01 2.728e+01 2.519e+01 2.145e+01 1.860e+01 1.755e+01 1.746e+01 1.759e+01 1.776e+01 
3.346e+01 3.364e+01 3.439e+01 3.628e+01 3.679e+01 3.462e+01 3.150e+01 2.830e+01 2.667e+01 2.477e+01 2.115e+01 1.834e+01 1.726e+01 1.715e+01 1.726e+01 1.742e+01 
3.247e+01 3.264e+01 3.336e+01 3.515e+01 3.568e+01 3.364e+01 3.068e+01 2.763e+01 2.610e+01 2.437e+01 2.088e+01 1.810e+01 1.700e+01 1.687e+01 1.696e+01 1.711e+01 
3.247e+01 3.264e+01 3.336e+01 3.515e+01 3.568e+01 3.364e+01 3.068e+01 2.763e+01 2.610e+01 2.437e+01 2.088e+01 1.810e+01 1.700e+01 1.687e+01 1.696e+01 1.711e+01 
3.152e+01 3.168e+01 3.234e+01 3.406e+01 3.461e+01 3.269e+01 2.989e+01 2.698e+01 2.556e+01 2.398e+01 2.061e+01 1.786e+01 1.674e+01 1.659e+01 1.667e+01 1.680e+01 
3.152e+01 3.168e+01 3.234e+01 3.406e+01 3.461e+01 3.269e+01 2.989e+01 2.698e+01 2.556e+01 2.398e+01 2.061e+01 1.786e+01 1.674e+01 1.659e+01 1.667e+01 1.680e+01 
3.063e+01 3.078e+01 3.139e+01 3.303e+01 3.362e+01 3.183e+01 2.918e+01 2.640e+01 2.508e+01 2.363e+01 2.038e+01 1.767e+01 1.654e+01 1.637e+01 1.644e+01 1.656e+01 
3.063e+01 3.078e+01 3.139e+01 3.303e+01 3.362e+01 3.183e+01 2.918e+01 2.640e+01 2.508e+01 2.363e+01 2.038e+01 1.767e+01 1.654e+01 1.637e+01 1.644e+01 1.656e+01 
2.977e+01 2.990e+01 3.047e+01 3.202e+01 3.264e+01 3.096e+01 2.847e+01 2.583e+01 2.460e+01 2.330e+01 2.015e+01 1.747e+01 1.633e+01 1.614e+01 1.619e+01 1.631e+01 
2.977e+01 2.990e+01 3.047e+01 3.202e+01 3.264e+01 3.096e+01 2.847e+01 2.583e+01 2.460e+01 2.330e+01 2.015e+01 1.747e+01 1.633e+01 1.614e+01 1.619e+01 1.631e+01 
2.896e+01 2.908e+01 2.960e+01 3.108e+01 3.172e+01 3.017e+01 2.783e+01 2.532e+01 2.418e+01 2.301e+01 1.995e+01 1.730e+01 1.616e+01 1.596e+01 1.600e+01 1.610e+01 
2.819e+01 2.830e+01 2.878e+01 3.016e+01 3.082e+01 2.939e+01 2.721e+01 2.484e+01 2.380e+01 2.273e+01 1.976e+01 1.715e+01 1.600e+01 1.578e+01 1.581e+01 1.591e+01 
2.819e+01 2.830e+01 2.878e+01 3.016e+01 3.082e+01 2.939e+01 2.721e+01 2.484e+01 2.380e+01 2.273e+01 1.976e+01 1.715e+01 1.600e+01 1.578e+01 1.581e+01 1.591e+01 
2.756e+01 2.766e+01 2.810e+01 2.940e+01 3.009e+01 2.875e+01 2.669e+01 2.444e+01 2.347e+01 2.249e+01 1.960e+01 1.702e+01 1.587e+01 1.565e+01 1.567e+01 1.576e+01 
2.756e+01 2.766e+01 2.810e+01 2.940e+01 3.009e+01 2.875e+01 2.669e+01 2.444e+01 2.347e+01 2.249e+01 1.960e+01 1.702e+01 1.587e+01 1.565e+01 1.567e+01 1.576e+01 
2.698e+01 2.707e+01 2.748e+01 2.871e+01 2.941e+01 2.819e+01 2.625e+01 2.410e+01 2.319e+01 2.230e+01 1.947e+01 1.692e+01 1.578e+01 1.555e+01 1.557e+01 1.565e+01 
2.698e+01 2.707e+01 2.748e+01 2.871e+01 2.941e+01 2.819e+01 2.625e+01 2.410e+01 2.319e+01 2.230e+01 1.947e+01 1.692e+01 1.578e+01 1.555e+01 1.557e+01 1.565e+01 
2.652e+01 2.660e+01 2.698e+01 2.815e+01 2.888e+01 2.773e+01 2.588e+01 2.381e+01 2.295e+01 2.212e+01 1.934e+01 1.682e+01 1.567e+01 1.544e+01 1.545e+01 1.553e+01 
2.619e+01 2.626e+01 2.662e+01 2.773e+01 2.848e+01 2.739e+01 2.563e+01 2.362e+01 2.280e+01 2.201e+01 1.926e+01 1.676e+01 1.562e+01 1.538e+01 1.539e+01 1.546e+01 
2.619e+01 2.626e+01 2.662e+01 2.773e+01 2.848e+01 2.739e+01 2.563e+01 2.362e+01 2.280e+01 2.201e+01 1.926e+01 1.676e+01 1.562e+01 1.538e+01 1.539e+01 1.546e+01 
2.607e+01 2.614e+01 2.649e+01 2.759e+01 2.833e+01 2.728e+01 2.554e+01 2.355e+01 2.275e+01 2.198e+01 1.924e+01 1.675e+01 1.560e+01 1.537e+01 1.537e+01 1.544e+01 
