7.257e+01 7.315e+01 7.550e+01 8.040e+01 8.044e+01 7.397e+01 6.571e+01 5.786e+01 5.025e+01 4.174e+01 3.541e+01 3.336e+01 3.408e+01 3.527e+01 3.627e+01 3.701e+01 
7.257e+01 7.315e+01 7.550e+01 8.040e+01 8.044e+01 7.397e+01 6.571e+01 5.786e+01 5.025e+01 4.174e+01 3.541e+01 3.336e+01 3.408e+01 3.527e+01 3.627e+01 3.701e+01 
7.258e+01 7.315e+01 7.550e+01 8.041e+01 8.045e+01 7.399e+01 6.572e+01 5.787e+01 5.026e+01 4.175e+01 3.542e+01 3.337e+01 3.409e+01 3.528e+01 3.628e+01 3.702e+01 
7.255e+01 7.313e+01 7.548e+01 8.039e+01 8.043e+01 7.397e+01 6.570e+01 5.785e+01 5.025e+01 4.174e+01 3.541e+01 3.336e+01 3.408e+01 3.526e+01 3.627e+01 3.701e+01 
7.255e+01 7.313e+01 7.548e+01 8.039e+01 8.043e+01 7.397e+01 6.570e+01 5.785e+01 5.025e+01 4.174e+01 3.541e+01 3.336e+01 3.408e+01 3.526e+01 3.627e+01 3.701e+01 
7.255e+01 7.313e+01 7.547e+01 8.038e+01 8.043e+01 7.396e+01 6.570e+01 5.785e+01 5.025e+01 4.174e+01 3.541e+01 3.336e+01 3.408e+01 3.526e+01 3.627e+01 3.700e+01 
7.255e+01 7.313e+01 7.547e+01 8.038e+01 8.043e+01 7.396e+01 6.570e+01 5.785e+01 5.025e+01 4.174e+01 3.541e+01 3.336e+01 3.408e+01 3.526e+01 3.627e+01 3.700e+01 
7.249e+01 7.307e+01 7.541e+01 8.032e+01 8.037e+01 7.392e+01 6.566e+01 5.782e+01 5.022e+01 4.172e+01 3.539e+01 3.333e+01 3.405e+01 3.524e+01 3.624e+01 3.698e+01 
7.249e+01 7.307e+01 7.541e+01 8.032e+01 8.037e+01 7.392e+01 6.566e+01 5.782e+01 5.022e+01 4.172e+01 3.539e+01 3.333e+01 3.405e+01 3.524e+01 3.624e+01 3.698e+01 
7.239e+01 7.297e+01 7.530e+01 8.021e+01 8.028e+01 7.384e+01 6.559e+01 5.776e+01 5.018e+01 4.169e+01 3.536e+01 3.330e+01 3.401e+01 3.519e+01 3.620e+01 3.693e+01 
7.222e+01 7.280e+01 7.512e+01 8.001e+01 8.010e+01 7.369e+01 6.546e+01 5.765e+01 5.009e+01 4.162e+01 3.529e+01 3.322e+01 3.393e+01 3.511e+01 3.611e+01 3.684e+01 
7.222e+01 7.280e+01 7.512e+01 8.001e+01 8.010e+01 7.369e+01 6.546e+01 5.765e+01 5.009e+01 4.162e+01 3.529e+01 3.322e+01 3.393e+01 3.511e+01 3.611e+01 3.684e+01 
7.273e+01 7.330e+01 7.564e+01 8.057e+01 8.068e+01 7.424e+01 6.597e+01 5.812e+01 5.049e+01 4.196e+01 3.563e+01 3.360e+01 3.432e+01 3.552e+01 3.653e+01 3.726e+01 
7.273e+01 7.330e+01 7.564e+01 8.057e+01 8.068e+01 7.424e+01 6.597e+01 5.812e+01 5.049e+01 4.196e+01 3.563e+01 3.360e+01 3.432e+01 3.552e+01 3.653e+01 3.726e+01 
7.229e+01 7.286e+01 7.516e+01 8.006e+01 8.023e+01 7.386e+01 6.564e+01 5.784e+01 5.027e+01 4.179e+01 3.546e+01 3.341e+01 3.412e+01 3.530e+01 3.630e+01 3.704e+01 
7.229e+01 7.286e+01 7.516e+01 8.006e+01 8.023e+01 7.386e+01 6.564e+01 5.784e+01 5.027e+01 4.179e+01 3.546e+01 3.341e+01 3.412e+01 3.530e+01 3.630e+01 3.704e+01 
7.162e+01 7.217e+01 7.444e+01 7.930e+01 7.953e+01 7.325e+01 6.514e+01 5.742e+01 4.994e+01 4.152e+01 3.520e+01 3.312e+01 3.380e+01 3.496e+01 3.596e+01 3.668e+01 
7.057e+01 7.111e+01 7.331e+01 7.810e+01 7.843e+01 7.231e+01 6.433e+01 5.675e+01 4.941e+01 4.109e+01 3.479e+01 3.266e+01 3.329e+01 3.443e+01 3.541e+01 3.612e+01 
7.057e+01 7.111e+01 7.331e+01 7.810e+01 7.843e+01 7.231e+01 6.433e+01 5.675e+01 4.941e+01 4.109e+01 3.479e+01 3.266e+01 3.329e+01 3.443e+01 3.541e+01 3.612e+01 
6.902e+01 6.953e+01 7.164e+01 7.632e+01 7.680e+01 7.092e+01 6.315e+01 5.576e+01 4.863e+01 4.047e+01 3.419e+01 3.198e+01 3.255e+01 3.365e+01 3.460e+01 3.530e+01 
6.902e+01 6.953e+01 7.164e+01 7.632e+01 7.680e+01 7.092e+01 6.315e+01 5.576e+01 4.863e+01 4.047e+01 3.419e+01 3.198e+01 3.255e+01 3.365e+01 3.460e+01 3.530e+01 
6.677e+01 6.723e+01 6.920e+01 7.372e+01 7.440e+01 6.888e+01 6.141e+01 5.430e+01 4.749e+01 3.955e+01 3.331e+01 3.101e+01 3.148e+01 3.252e+01 3.343e+01 3.411e+01 
6.677e+01 6.723e+01 6.920e+01 7.372e+01 7.440e+01 6.888e+01 6.141e+01 5.430e+01 4.749e+01 3.955e+01 3.331e+01 3.101e+01 3.148e+01 3.252e+01 3.343e+01 3.411e+01 
6.364e+01 6.407e+01 6.585e+01 7.011e+01 7.105e+01 6.600e+01 5.897e+01 5.225e+01 4.589e+01 3.828e+01 3.210e+01 2.968e+01 3.001e+01 3.096e+01 3.182e+01 3.246e+01 
5.949e+01 5.985e+01 6.139e+01 6.529e+01 6.651e+01 6.209e+01 5.567e+01 4.949e+01 4.374e+01 3.662e+01 3.055e+01 2.796e+01 2.809e+01 2.892e+01 2.970e+01 3.030e+01 
5.949e+01 5.985e+01 6.139e+01 6.529e+01 6.651e+01 6.209e+01 5.567e+01 4.949e+01 4.374e+01 3.662e+01 3.055e+01 2.796e+01 2.809e+01 2.892e+01 2.970e+01 3.030e+01 
5.446e+01 5.476e+01 5.604e+01 5.946e+01 6.088e+01 5.723e+01 5.155e+01 4.605e+01 4.107e+01 3.459e+01 2.869e+01 2.592e+01 2.582e+01 2.649e+01 2.717e+01 2.771e+01 
5.446e+01 5.476e+01 5.604e+01 5.946e+01 6.088e+01 5.723e+01 5.155e+01 4.605e+01 4.107e+01 3.459e+01 2.869e+01 2.592e+01 2.582e+01 2.649e+01 2.717e+01 2.771e+01 
4.909e+01 4.933e+01 5.038e+01 5.322e+01 5.462e+01 5.174e+01 4.693e+01 4.219e+01 3.811e+01 3.239e+01 2.675e+01 2.382e+01 2.345e+01 2.393e+01 2.449e+01 2.496e+01 
4.909e+01 4.933e+01 5.038e+01 5.322e+01 5.462e+01 5.174e+01 4.693e+01 4.219e+01 3.811e+01 3.239e+01 2.675e+01 2.382e+01 2.345e+01 2.393e+01 2.449e+01 2.496e+01 
4.450e+01 4.471e+01 4.564e+01 4.803e+01 4.903e+01 4.661e+01 4.258e+01 3.851e+01 3.526e+01 3.036e+01 2.503e+01 2.198e+01 2.136e+01 2.167e+01 2.211e+01 2.249e+01 
4.137e+01 4.159e+01 4.250e+01 4.471e+01 4.527e+01 4.285e+01 3.921e+01 3.551e+01 3.286e+01 2.870e+01 2.368e+01 2.060e+01 1.979e+01 1.996e+01 2.030e+01 2.062e+01 
4.137e+01 4.159e+01 4.250e+01 4.471e+01 4.527e+01 4.285e+01 3.921e+01 3.551e+01 3.286e+01 2.870e+01 2.368e+01 2.060e+01 1.979e+01 1.996e+01 2.030e+01 2.062e+01 
3.938e+01 3.960e+01 4.054e+01 4.273e+01 4.310e+01 4.051e+01 3.691e+01 3.328e+01 3.094e+01 2.740e+01 2.269e+01 1.961e+01 1.869e+01 1.877e+01 1.904e+01 1.931e+01 
3.938e+01 3.960e+01 4.054e+01 4.273e+01 4.310e+01 4.051e+01 3.691e+01 3.328e+01 3.094e+01 2.740e+01 2.269e+01 1.961e+01 1.869e+01 1.877e+01 1.904e+01 1.931e+01 
3.783e+01 3.805e+01 3.898e+01 4.116e+01 4.153e+01 3.889e+01 3.526e+01 3.161e+01 2.942e+01 2.636e+01 2.195e+01 1.890e+01 1.790e+01 1.792e+01 1.814e+01 1.838e+01 
3.655e+01 3.677e+01 3.769e+01 3.983e+01 4.020e+01 3.760e+01 3.400e+01 3.034e+01 2.823e+01 2.555e+01 2.137e+01 1.835e+01 1.730e+01 1.727e+01 1.746e+01 1.768e+01 
3.655e+01 3.677e+01 3.769e+01 3.983e+01 4.020e+01 3.760e+01 3.400e+01 3.034e+01 2.823e+01 2.555e+01 2.137e+01 1.835e+01 1.730e+01 1.727e+01 1.746e+01 1.768e+01 
3.547e+01 3.568e+01 3.657e+01 3.866e+01 3.904e+01 3.652e+01 3.299e+01 2.939e+01 2.734e+01 2.493e+01 2.093e+01 1.795e+01 1.686e+01 1.680e+01 1.696e+01 1.716e+01 
3.547e+01 3.568e+01 3.657e+01 3.866e+01 3.904e+01 3.652e+01 3.299e+01 2.939e+01 2.734e+01 2.493e+01 2.093e+01 1.795e+01 1.686e+01 1.680e+01 1.696e+01 1.716e+01 
3.449e+01 3.470e+01 3.555e+01 3.758e+01 3.798e+01 3.555e+01 3.215e+01 2.864e+01 2.668e+01 2.446e+01 2.060e+01 1.764e+01 1.652e+01 1.643e+01 1.657e+01 1.675e+01 
3.358e+01 3.378e+01 3.460e+01 3.656e+01 3.698e+01 3.466e+01 3.138e+01 2.796e+01 2.609e+01 2.403e+01 2.029e+01 1.736e+01 1.622e+01 1.610e+01 1.622e+01 1.639e+01 
3.358e+01 3.378e+01 3.460e+01 3.656e+01 3.698e+01 3.466e+01 3.138e+01 2.796e+01 2.609e+01 2.403e+01 2.029e+01 1.736e+01 1.622e+01 1.610e+01 1.622e+01 1.639e+01 
3.265e+01 3.284e+01 3.362e+01 3.552e+01 3.597e+01 3.374e+01 3.059e+01 2.729e+01 2.551e+01 2.361e+01 2.000e+01 1.710e+01 1.593e+01 1.579e+01 1.590e+01 1.605e+01 
3.265e+01 3.284e+01 3.362e+01 3.552e+01 3.597e+01 3.374e+01 3.059e+01 2.729e+01 2.551e+01 2.361e+01 2.000e+01 1.710e+01 1.593e+01 1.579e+01 1.590e+01 1.605e+01 
3.185e+01 3.202e+01 3.276e+01 3.461e+01 3.508e+01 3.294e+01 2.991e+01 2.671e+01 2.501e+01 2.325e+01 1.974e+01 1.686e+01 1.568e+01 1.551e+01 1.560e+01 1.575e+01 
3.103e+01 3.119e+01 3.190e+01 3.368e+01 3.418e+01 3.215e+01 2.924e+01 2.615e+01 2.453e+01 2.292e+01 1.951e+01 1.666e+01 1.545e+01 1.527e+01 1.535e+01 1.548e+01 
3.103e+01 3.119e+01 3.190e+01 3.368e+01 3.418e+01 3.215e+01 2.924e+01 2.615e+01 2.453e+01 2.292e+01 1.951e+01 1.666e+01 1.545e+01 1.527e+01 1.535e+01 1.548e+01 
3.026e+01 3.042e+01 3.109e+01 3.281e+01 3.333e+01 3.140e+01 2.861e+01 2.563e+01 2.409e+01 2.260e+01 1.929e+01 1.646e+01 1.524e+01 1.505e+01 1.511e+01 1.523e+01 
3.026e+01 3.042e+01 3.109e+01 3.281e+01 3.333e+01 3.140e+01 2.861e+01 2.563e+01 2.409e+01 2.260e+01 1.929e+01 1.646e+01 1.524e+01 1.505e+01 1.511e+01 1.523e+01 
2.950e+01 2.965e+01 3.028e+01 3.193e+01 3.248e+01 3.064e+01 2.798e+01 2.511e+01 2.365e+01 2.230e+01 1.908e+01 1.628e+01 1.505e+01 1.483e+01 1.488e+01 1.500e+01 
2.882e+01 2.896e+01 2.956e+01 3.114e+01 3.171e+01 2.997e+01 2.743e+01 2.467e+01 2.328e+01 2.202e+01 1.888e+01 1.610e+01 1.486e+01 1.464e+01 1.468e+01 1.478e+01 
2.882e+01 2.896e+01 2.956e+01 3.114e+01 3.171e+01 2.997e+01 2.743e+01 2.467e+01 2.328e+01 2.202e+01 1.888e+01 1.610e+01 1.486e+01 1.464e+01 1.468e+01 1.478e+01 
2.820e+01 2.833e+01 2.890e+01 3.043e+01 3.102e+01 2.937e+01 2.693e+01 2.426e+01 2.294e+01 2.178e+01 1.872e+01 1.597e+01 1.472e+01 1.448e+01 1.451e+01 1.461e+01 
2.820e+01 2.833e+01 2.890e+01 3.043e+01 3.102e+01 2.937e+01 2.693e+01 2.426e+01 2.294e+01 2.178e+01 1.872e+01 1.597e+01 1.472e+01 1.448e+01 1.451e+01 1.461e+01 
2.762e+01 2.775e+01 2.828e+01 2.975e+01 3.037e+01 2.880e+01 2.647e+01 2.390e+01 2.264e+01 2.155e+01 1.856e+01 1.584e+01 1.458e+01 1.434e+01 1.436e+01 1.445e+01 
2.710e+01 2.721e+01 2.772e+01 2.913e+01 2.977e+01 2.828e+01 2.605e+01 2.357e+01 2.237e+01 2.136e+01 1.843e+01 1.572e+01 1.447e+01 1.421e+01 1.423e+01 1.431e+01 
2.710e+01 2.721e+01 2.772e+01 2.913e+01 2.977e+01 2.828e+01 2.605e+01 2.357e+01 2.237e+01 2.136e+01 1.843e+01 1.572e+01 1.447e+01 1.421e+01 1.423e+01 1.431e+01 
2.671e+01 2.682e+01 2.730e+01 2.866e+01 2.932e+01 2.790e+01 2.574e+01 2.333e+01 2.217e+01 2.121e+01 1.831e+01 1.563e+01 1.437e+01 1.411e+01 1.412e+01 1.420e+01 
2.671e+01 2.682e+01 2.730e+01 2.866e+01 2.932e+01 2.790e+01 2.574e+01 2.333e+01 2.217e+01 2.121e+01 1.831e+01 1.563e+01 1.437e+01 1.411e+01 1.412e+01 1.420e+01 
2.634e+01 2.645e+01 2.691e+01 2.824e+01 2.892e+01 2.756e+01 2.546e+01 2.311e+01 2.198e+01 2.107e+01 1.822e+01 1.555e+01 1.430e+01 1.404e+01 1.404e+01 1.412e+01 
2.608e+01 2.618e+01 2.663e+01 2.793e+01 2.862e+01 2.730e+01 2.524e+01 2.294e+01 2.185e+01 2.097e+01 1.814e+01 1.549e+01 1.424e+01 1.398e+01 1.398e+01 1.405e+01 
2.608e+01 2.618e+01 2.663e+01 2.793e+01 2.862e+01 2.730e+01 2.524e+01 2.294e+01 2.185e+01 2.097e+01 1.814e+01 1.549e+01 1.424e+01 1.398e+01 1.398e+01 1.405e+01 
2.603e+01 2.613e+01 2.657e+01 2.788e+01 2.857e+01 2.724e+01 2.519e+01 2.288e+01 2.180e+01 2.093e+01 1.811e+01 1.547e+01 1.422e+01 1.395e+01 1.395e+01 1.402e+01 
