6.555e+01 6.607e+01 6.817e+01 7.253e+01 7.257e+01 6.679e+01 5.931e+01 5.215e+01 4.546e+01 3.771e+01 3.148e+01 2.905e+01 2.941e+01 3.040e+01 3.129e+01 3.196e+01 
6.555e+01 6.607e+01 6.817e+01 7.253e+01 7.257e+01 6.679e+01 5.931e+01 5.215e+01 4.546e+01 3.771e+01 3.148e+01 2.905e+01 2.941e+01 3.040e+01 3.129e+01 3.196e+01 
6.555e+01 6.607e+01 6.817e+01 7.254e+01 7.258e+01 6.681e+01 5.932e+01 5.216e+01 4.547e+01 3.771e+01 3.149e+01 2.906e+01 2.942e+01 3.041e+01 3.130e+01 3.197e+01 
6.554e+01 6.606e+01 6.816e+01 7.253e+01 7.257e+01 6.680e+01 5.932e+01 5.215e+01 4.546e+01 3.771e+01 3.149e+01 2.906e+01 2.942e+01 3.041e+01 3.130e+01 3.196e+01 
6.554e+01 6.606e+01 6.816e+01 7.253e+01 7.257e+01 6.680e+01 5.932e+01 5.215e+01 4.546e+01 3.771e+01 3.149e+01 2.906e+01 2.942e+01 3.041e+01 3.130e+01 3.196e+01 
6.556e+01 6.609e+01 6.818e+01 7.255e+01 7.258e+01 6.681e+01 5.933e+01 5.217e+01 4.547e+01 3.772e+01 3.149e+01 2.906e+01 2.942e+01 3.041e+01 3.130e+01 3.197e+01 
6.556e+01 6.609e+01 6.818e+01 7.255e+01 7.258e+01 6.681e+01 5.933e+01 5.217e+01 4.547e+01 3.772e+01 3.149e+01 2.906e+01 2.942e+01 3.041e+01 3.130e+01 3.197e+01 
6.555e+01 6.607e+01 6.816e+01 7.254e+01 7.258e+01 6.681e+01 5.932e+01 5.216e+01 4.547e+01 3.771e+01 3.149e+01 2.906e+01 2.942e+01 3.041e+01 3.130e+01 3.197e+01 
6.550e+01 6.602e+01 6.811e+01 7.248e+01 7.253e+01 6.677e+01 5.929e+01 5.213e+01 4.544e+01 3.770e+01 3.147e+01 2.904e+01 2.940e+01 3.039e+01 3.128e+01 3.194e+01 
6.550e+01 6.602e+01 6.811e+01 7.248e+01 7.253e+01 6.677e+01 5.929e+01 5.213e+01 4.544e+01 3.770e+01 3.147e+01 2.904e+01 2.940e+01 3.039e+01 3.128e+01 3.194e+01 
6.546e+01 6.598e+01 6.807e+01 7.243e+01 7.248e+01 6.673e+01 5.926e+01 5.211e+01 4.542e+01 3.768e+01 3.146e+01 2.902e+01 2.938e+01 3.037e+01 3.125e+01 3.192e+01 
6.546e+01 6.598e+01 6.807e+01 7.243e+01 7.248e+01 6.673e+01 5.926e+01 5.211e+01 4.542e+01 3.768e+01 3.146e+01 2.902e+01 2.938e+01 3.037e+01 3.125e+01 3.192e+01 
6.535e+01 6.586e+01 6.795e+01 7.231e+01 7.237e+01 6.663e+01 5.918e+01 5.204e+01 4.537e+01 3.764e+01 3.142e+01 2.898e+01 2.933e+01 3.032e+01 3.120e+01 3.187e+01 
6.588e+01 6.639e+01 6.849e+01 7.290e+01 7.299e+01 6.720e+01 5.969e+01 5.250e+01 4.577e+01 3.797e+01 3.173e+01 2.932e+01 2.971e+01 3.071e+01 3.160e+01 3.228e+01 
6.588e+01 6.639e+01 6.849e+01 7.290e+01 7.299e+01 6.720e+01 5.969e+01 5.250e+01 4.577e+01 3.797e+01 3.173e+01 2.932e+01 2.971e+01 3.071e+01 3.160e+01 3.228e+01 
6.562e+01 6.613e+01 6.821e+01 7.261e+01 7.272e+01 6.698e+01 5.950e+01 5.234e+01 4.563e+01 3.786e+01 3.164e+01 2.922e+01 2.959e+01 3.058e+01 3.147e+01 3.214e+01 
6.525e+01 6.575e+01 6.781e+01 7.217e+01 7.233e+01 6.664e+01 5.922e+01 5.210e+01 4.545e+01 3.772e+01 3.150e+01 2.906e+01 2.942e+01 3.040e+01 3.129e+01 3.195e+01 
6.525e+01 6.575e+01 6.781e+01 7.217e+01 7.233e+01 6.664e+01 5.922e+01 5.210e+01 4.545e+01 3.772e+01 3.150e+01 2.906e+01 2.942e+01 3.040e+01 3.129e+01 3.195e+01 
6.466e+01 6.516e+01 6.717e+01 7.150e+01 7.173e+01 6.613e+01 5.878e+01 5.173e+01 4.517e+01 3.749e+01 3.129e+01 2.883e+01 2.916e+01 3.013e+01 3.100e+01 3.166e+01 
6.466e+01 6.516e+01 6.717e+01 7.150e+01 7.173e+01 6.613e+01 5.878e+01 5.173e+01 4.517e+01 3.749e+01 3.129e+01 2.883e+01 2.916e+01 3.013e+01 3.100e+01 3.166e+01 
6.380e+01 6.428e+01 6.625e+01 7.053e+01 7.084e+01 6.536e+01 5.814e+01 5.119e+01 4.473e+01 3.716e+01 3.097e+01 2.848e+01 2.877e+01 2.971e+01 3.057e+01 3.122e+01 
6.258e+01 6.303e+01 6.492e+01 6.911e+01 6.954e+01 6.426e+01 5.719e+01 5.040e+01 4.410e+01 3.666e+01 3.051e+01 2.797e+01 2.820e+01 2.911e+01 2.995e+01 3.059e+01 
6.258e+01 6.303e+01 6.492e+01 6.911e+01 6.954e+01 6.426e+01 5.719e+01 5.040e+01 4.410e+01 3.666e+01 3.051e+01 2.797e+01 2.820e+01 2.911e+01 2.995e+01 3.059e+01 
6.084e+01 6.127e+01 6.306e+01 6.713e+01 6.771e+01 6.269e+01 5.586e+01 4.928e+01 4.322e+01 3.597e+01 2.986e+01 2.726e+01 2.742e+01 2.828e+01 2.909e+01 2.971e+01 
5.845e+01 5.884e+01 6.049e+01 6.438e+01 6.517e+01 6.051e+01 5.401e+01 4.772e+01 4.200e+01 3.502e+01 2.899e+01 2.630e+01 2.635e+01 2.714e+01 2.791e+01 2.850e+01 
5.845e+01 5.884e+01 6.049e+01 6.438e+01 6.517e+01 6.051e+01 5.401e+01 4.772e+01 4.200e+01 3.502e+01 2.899e+01 2.630e+01 2.635e+01 2.714e+01 2.791e+01 2.850e+01 
5.533e+01 5.567e+01 5.713e+01 6.077e+01 6.178e+01 5.760e+01 5.155e+01 4.565e+01 4.037e+01 3.378e+01 2.785e+01 2.506e+01 2.496e+01 2.566e+01 2.637e+01 2.693e+01 
5.533e+01 5.567e+01 5.713e+01 6.077e+01 6.178e+01 5.760e+01 5.155e+01 4.565e+01 4.037e+01 3.378e+01 2.785e+01 2.506e+01 2.496e+01 2.566e+01 2.637e+01 2.693e+01 
5.142e+01 5.171e+01 5.297e+01 5.624e+01 5.747e+01 5.389e+01 4.841e+01 4.302e+01 3.832e+01 3.223e+01 2.647e+01 2.355e+01 2.327e+01 2.385e+01 2.448e+01 2.499e+01 
4.699e+01 4.723e+01 4.827e+01 5.109e+01 5.241e+01 4.950e+01 4.472e+01 3.994e+01 3.591e+01 3.046e+01 2.492e+01 2.190e+01 2.139e+01 2.183e+01 2.236e+01 2.281e+01 
4.699e+01 4.723e+01 4.827e+01 5.109e+01 5.241e+01 4.950e+01 4.472e+01 3.994e+01 3.591e+01 3.046e+01 2.492e+01 2.190e+01 2.139e+01 2.183e+01 2.236e+01 2.281e+01 
4.267e+01 4.287e+01 4.376e+01 4.611e+01 4.728e+01 4.493e+01 4.088e+01 3.672e+01 3.340e+01 2.866e+01 2.340e+01 2.029e+01 1.957e+01 1.985e+01 2.027e+01 2.065e+01 
3.924e+01 3.943e+01 4.026e+01 4.232e+01 4.306e+01 4.095e+01 3.747e+01 3.381e+01 3.110e+01 2.705e+01 2.210e+01 1.894e+01 1.804e+01 1.817e+01 1.850e+01 1.881e+01 
3.924e+01 3.943e+01 4.026e+01 4.232e+01 4.306e+01 4.095e+01 3.747e+01 3.381e+01 3.110e+01 2.705e+01 2.210e+01 1.894e+01 1.804e+01 1.817e+01 1.850e+01 1.881e+01 
3.694e+01 3.714e+01 3.797e+01 3.996e+01 4.037e+01 3.815e+01 3.490e+01 3.146e+01 2.916e+01 2.572e+01 2.108e+01 1.792e+01 1.688e+01 1.691e+01 1.716e+01 1.742e+01 
3.540e+01 3.561e+01 3.646e+01 3.844e+01 3.876e+01 3.639e+01 3.313e+01 2.970e+01 2.759e+01 2.466e+01 2.031e+01 1.718e+01 1.605e+01 1.601e+01 1.620e+01 1.643e+01 
3.540e+01 3.561e+01 3.646e+01 3.844e+01 3.876e+01 3.639e+01 3.313e+01 2.970e+01 2.759e+01 2.466e+01 2.031e+01 1.718e+01 1.605e+01 1.601e+01 1.620e+01 1.643e+01 
3.422e+01 3.443e+01 3.529e+01 3.727e+01 3.756e+01 3.515e+01 3.185e+01 2.838e+01 2.634e+01 2.381e+01 1.972e+01 1.662e+01 1.544e+01 1.535e+01 1.550e+01 1.570e+01 
3.422e+01 3.443e+01 3.529e+01 3.727e+01 3.756e+01 3.515e+01 3.185e+01 2.838e+01 2.634e+01 2.381e+01 1.972e+01 1.662e+01 1.544e+01 1.535e+01 1.550e+01 1.570e+01 
3.324e+01 3.344e+01 3.430e+01 3.626e+01 3.656e+01 3.417e+01 3.086e+01 2.738e+01 2.537e+01 2.313e+01 1.924e+01 1.619e+01 1.496e+01 1.483e+01 1.496e+01 1.514e+01 
3.241e+01 3.261e+01 3.345e+01 3.537e+01 3.569e+01 3.336e+01 3.012e+01 2.667e+01 2.468e+01 2.264e+01 1.890e+01 1.588e+01 1.463e+01 1.447e+01 1.458e+01 1.475e+01 
3.241e+01 3.261e+01 3.345e+01 3.537e+01 3.569e+01 3.336e+01 3.012e+01 2.667e+01 2.468e+01 2.264e+01 1.890e+01 1.588e+01 1.463e+01 1.447e+01 1.458e+01 1.475e+01 
3.165e+01 3.185e+01 3.266e+01 3.454e+01 3.487e+01 3.260e+01 2.944e+01 2.606e+01 2.412e+01 2.222e+01 1.861e+01 1.563e+01 1.435e+01 1.417e+01 1.427e+01 1.442e+01 
3.096e+01 3.115e+01 3.194e+01 3.376e+01 3.410e+01 3.190e+01 2.884e+01 2.553e+01 2.365e+01 2.188e+01 1.837e+01 1.540e+01 1.411e+01 1.391e+01 1.399e+01 1.413e+01 
3.096e+01 3.115e+01 3.194e+01 3.376e+01 3.410e+01 3.190e+01 2.884e+01 2.553e+01 2.365e+01 2.188e+01 1.837e+01 1.540e+01 1.411e+01 1.391e+01 1.399e+01 1.413e+01 
3.030e+01 3.048e+01 3.123e+01 3.303e+01 3.339e+01 3.126e+01 2.828e+01 2.506e+01 2.322e+01 2.156e+01 1.814e+01 1.519e+01 1.389e+01 1.367e+01 1.374e+01 1.387e+01 
2.969e+01 2.986e+01 3.059e+01 3.235e+01 3.274e+01 3.067e+01 2.777e+01 2.461e+01 2.282e+01 2.128e+01 1.795e+01 1.502e+01 1.370e+01 1.346e+01 1.352e+01 1.364e+01 
2.969e+01 2.986e+01 3.059e+01 3.235e+01 3.274e+01 3.067e+01 2.777e+01 2.461e+01 2.282e+01 2.128e+01 1.795e+01 1.502e+01 1.370e+01 1.346e+01 1.352e+01 1.364e+01 
2.907e+01 2.924e+01 2.995e+01 3.165e+01 3.205e+01 3.005e+01 2.725e+01 2.417e+01 2.244e+01 2.099e+01 1.774e+01 1.484e+01 1.351e+01 1.326e+01 1.330e+01 1.341e+01 
2.848e+01 2.864e+01 2.932e+01 3.099e+01 3.141e+01 2.948e+01 2.676e+01 2.376e+01 2.208e+01 2.072e+01 1.755e+01 1.467e+01 1.333e+01 1.306e+01 1.310e+01 1.320e+01 
2.848e+01 2.864e+01 2.932e+01 3.099e+01 3.141e+01 2.948e+01 2.676e+01 2.376e+01 2.208e+01 2.072e+01 1.755e+01 1.467e+01 1.333e+01 1.306e+01 1.310e+01 1.320e+01 
2.795e+01 2.810e+01 2.877e+01 3.039e+01 3.082e+01 2.895e+01 2.631e+01 2.338e+01 2.175e+01 2.048e+01 1.738e+01 1.451e+01 1.316e+01 1.288e+01 1.291e+01 1.300e+01 
2.795e+01 2.810e+01 2.877e+01 3.039e+01 3.082e+01 2.895e+01 2.631e+01 2.338e+01 2.175e+01 2.048e+01 1.738e+01 1.451e+01 1.316e+01 1.288e+01 1.291e+01 1.300e+01 
2.746e+01 2.762e+01 2.826e+01 2.985e+01 3.029e+01 2.848e+01 2.591e+01 2.304e+01 2.144e+01 2.024e+01 1.722e+01 1.438e+01 1.301e+01 1.273e+01 1.274e+01 1.283e+01 
2.701e+01 2.716e+01 2.779e+01 2.934e+01 2.978e+01 2.802e+01 2.552e+01 2.273e+01 2.118e+01 2.006e+01 1.708e+01 1.426e+01 1.288e+01 1.259e+01 1.259e+01 1.267e+01 
2.701e+01 2.716e+01 2.779e+01 2.934e+01 2.978e+01 2.802e+01 2.552e+01 2.273e+01 2.118e+01 2.006e+01 1.708e+01 1.426e+01 1.288e+01 1.259e+01 1.259e+01 1.267e+01 
2.666e+01 2.681e+01 2.742e+01 2.895e+01 2.939e+01 2.768e+01 2.523e+01 2.248e+01 2.096e+01 1.989e+01 1.696e+01 1.416e+01 1.278e+01 1.248e+01 1.248e+01 1.256e+01 
2.629e+01 2.643e+01 2.702e+01 2.852e+01 2.898e+01 2.731e+01 2.492e+01 2.223e+01 2.074e+01 1.972e+01 1.684e+01 1.405e+01 1.267e+01 1.236e+01 1.235e+01 1.243e+01 
2.637e+01 2.651e+01 2.709e+01 2.858e+01 2.907e+01 2.743e+01 2.505e+01 2.237e+01 2.091e+01 1.989e+01 1.699e+01 1.421e+01 1.284e+01 1.253e+01 1.253e+01 1.261e+01 
2.607e+01 2.620e+01 2.677e+01 2.824e+01 2.875e+01 2.714e+01 2.481e+01 2.218e+01 2.074e+01 1.976e+01 1.690e+01 1.413e+01 1.276e+01 1.246e+01 1.245e+01 1.252e+01 
2.584e+01 2.596e+01 2.652e+01 2.798e+01 2.850e+01 2.692e+01 2.461e+01 2.202e+01 2.061e+01 1.965e+01 1.682e+01 1.406e+01 1.269e+01 1.238e+01 1.237e+01 1.244e+01 
2.584e+01 2.596e+01 2.652e+01 2.798e+01 2.850e+01 2.692e+01 2.461e+01 2.202e+01 2.061e+01 1.965e+01 1.682e+01 1.406e+01 1.269e+01 1.238e+01 1.237e+01 1.244e+01 
2.574e+01 2.587e+01 2.642e+01 2.787e+01 2.838e+01 2.680e+01 2.452e+01 2.193e+01 2.052e+01 1.958e+01 1.677e+01 1.402e+01 1.266e+01 1.234e+01 1.233e+01 1.240e+01 
2.570e+01 2.583e+01 2.638e+01 2.782e+01 2.832e+01 2.675e+01 2.447e+01 2.190e+01 2.050e+01 1.956e+01 1.675e+01 1.400e+01 1.263e+01 1.231e+01 1.230e+01 1.237e+01 
