6.045e+01 6.092e+01 6.284e+01 6.684e+01 6.687e+01 6.159e+01 5.467e+01 4.799e+01 4.195e+01 3.482e+01 2.874e+01 2.608e+01 2.617e+01 2.700e+01 2.780e+01 2.841e+01 
6.045e+01 6.092e+01 6.284e+01 6.684e+01 6.687e+01 6.159e+01 5.467e+01 4.799e+01 4.195e+01 3.482e+01 2.874e+01 2.608e+01 2.617e+01 2.700e+01 2.780e+01 2.841e+01 
6.046e+01 6.094e+01 6.286e+01 6.685e+01 6.688e+01 6.160e+01 5.468e+01 4.799e+01 4.196e+01 3.482e+01 2.874e+01 2.608e+01 2.617e+01 2.701e+01 2.780e+01 2.842e+01 
6.046e+01 6.094e+01 6.286e+01 6.685e+01 6.688e+01 6.160e+01 5.468e+01 4.799e+01 4.196e+01 3.482e+01 2.874e+01 2.608e+01 2.617e+01 2.701e+01 2.780e+01 2.842e+01 
6.047e+01 6.095e+01 6.287e+01 6.686e+01 6.689e+01 6.160e+01 5.469e+01 4.800e+01 4.196e+01 3.482e+01 2.875e+01 2.608e+01 2.618e+01 2.701e+01 2.780e+01 2.842e+01 
6.047e+01 6.095e+01 6.287e+01 6.686e+01 6.689e+01 6.160e+01 5.469e+01 4.800e+01 4.196e+01 3.482e+01 2.875e+01 2.608e+01 2.618e+01 2.701e+01 2.780e+01 2.842e+01 
6.047e+01 6.094e+01 6.286e+01 6.687e+01 6.690e+01 6.161e+01 5.469e+01 4.800e+01 4.196e+01 3.482e+01 2.875e+01 2.609e+01 2.618e+01 2.701e+01 2.781e+01 2.842e+01 
6.045e+01 6.092e+01 6.284e+01 6.684e+01 6.688e+01 6.159e+01 5.468e+01 4.799e+01 4.195e+01 3.481e+01 2.874e+01 2.608e+01 2.617e+01 2.700e+01 2.780e+01 2.841e+01 
6.106e+01 6.155e+01 6.348e+01 6.752e+01 6.756e+01 6.222e+01 5.524e+01 4.850e+01 4.238e+01 3.516e+01 2.907e+01 2.643e+01 2.655e+01 2.741e+01 2.821e+01 2.884e+01 
6.107e+01 6.156e+01 6.349e+01 6.753e+01 6.756e+01 6.222e+01 5.524e+01 4.850e+01 4.238e+01 3.517e+01 2.907e+01 2.643e+01 2.656e+01 2.741e+01 2.822e+01 2.884e+01 
6.104e+01 6.153e+01 6.346e+01 6.750e+01 6.754e+01 6.220e+01 5.523e+01 4.849e+01 4.237e+01 3.516e+01 2.906e+01 2.642e+01 2.655e+01 2.740e+01 2.821e+01 2.883e+01 
6.104e+01 6.153e+01 6.346e+01 6.750e+01 6.754e+01 6.220e+01 5.523e+01 4.849e+01 4.237e+01 3.516e+01 2.906e+01 2.642e+01 2.655e+01 2.740e+01 2.821e+01 2.883e+01 
6.097e+01 6.145e+01 6.339e+01 6.742e+01 6.747e+01 6.214e+01 5.518e+01 4.844e+01 4.233e+01 3.513e+01 2.903e+01 2.639e+01 2.651e+01 2.737e+01 2.817e+01 2.879e+01 
6.091e+01 6.138e+01 6.331e+01 6.734e+01 6.740e+01 6.208e+01 5.512e+01 4.840e+01 4.230e+01 3.511e+01 2.901e+01 2.637e+01 2.649e+01 2.734e+01 2.814e+01 2.876e+01 
6.091e+01 6.138e+01 6.331e+01 6.734e+01 6.740e+01 6.208e+01 5.512e+01 4.840e+01 4.230e+01 3.511e+01 2.901e+01 2.637e+01 2.649e+01 2.734e+01 2.814e+01 2.876e+01 
6.076e+01 6.123e+01 6.315e+01 6.717e+01 6.725e+01 6.196e+01 5.502e+01 4.831e+01 4.223e+01 3.505e+01 2.896e+01 2.631e+01 2.642e+01 2.727e+01 2.807e+01 2.869e+01 
6.076e+01 6.123e+01 6.315e+01 6.717e+01 6.725e+01 6.196e+01 5.502e+01 4.831e+01 4.223e+01 3.505e+01 2.896e+01 2.631e+01 2.642e+01 2.727e+01 2.807e+01 2.869e+01 
6.055e+01 6.101e+01 6.292e+01 6.694e+01 6.704e+01 6.178e+01 5.487e+01 4.818e+01 4.213e+01 3.497e+01 2.889e+01 2.623e+01 2.633e+01 2.717e+01 2.797e+01 2.859e+01 
6.022e+01 6.069e+01 6.257e+01 6.656e+01 6.671e+01 6.150e+01 5.462e+01 4.797e+01 4.196e+01 3.484e+01 2.877e+01 2.610e+01 2.619e+01 2.702e+01 2.781e+01 2.843e+01 
6.022e+01 6.069e+01 6.257e+01 6.656e+01 6.671e+01 6.150e+01 5.462e+01 4.797e+01 4.196e+01 3.484e+01 2.877e+01 2.610e+01 2.619e+01 2.702e+01 2.781e+01 2.843e+01 
5.976e+01 6.021e+01 6.207e+01 6.604e+01 6.623e+01 6.108e+01 5.428e+01 4.768e+01 4.173e+01 3.467e+01 2.861e+01 2.592e+01 2.599e+01 2.681e+01 2.759e+01 2.820e+01 
5.909e+01 5.953e+01 6.134e+01 6.527e+01 6.553e+01 6.050e+01 5.378e+01 4.726e+01 4.140e+01 3.441e+01 2.837e+01 2.566e+01 2.570e+01 2.650e+01 2.728e+01 2.788e+01 
5.909e+01 5.953e+01 6.134e+01 6.527e+01 6.553e+01 6.050e+01 5.378e+01 4.726e+01 4.140e+01 3.441e+01 2.837e+01 2.566e+01 2.570e+01 2.650e+01 2.728e+01 2.788e+01 
5.815e+01 5.857e+01 6.032e+01 6.419e+01 6.455e+01 5.965e+01 5.306e+01 4.666e+01 4.093e+01 3.404e+01 2.803e+01 2.529e+01 2.529e+01 2.606e+01 2.682e+01 2.741e+01 
5.682e+01 5.723e+01 5.890e+01 6.268e+01 6.316e+01 5.846e+01 5.205e+01 4.581e+01 4.024e+01 3.351e+01 2.755e+01 2.477e+01 2.471e+01 2.545e+01 2.618e+01 2.675e+01 
5.682e+01 5.723e+01 5.890e+01 6.268e+01 6.316e+01 5.846e+01 5.205e+01 4.581e+01 4.024e+01 3.351e+01 2.755e+01 2.477e+01 2.471e+01 2.545e+01 2.618e+01 2.675e+01 
5.504e+01 5.541e+01 5.697e+01 6.063e+01 6.127e+01 5.684e+01 5.068e+01 4.465e+01 3.933e+01 3.281e+01 2.692e+01 2.408e+01 2.394e+01 2.462e+01 2.532e+01 2.588e+01 
5.267e+01 5.300e+01 5.443e+01 5.789e+01 5.873e+01 5.466e+01 4.883e+01 4.309e+01 3.810e+01 3.188e+01 2.608e+01 2.318e+01 2.292e+01 2.354e+01 2.419e+01 2.472e+01 
5.267e+01 5.300e+01 5.443e+01 5.789e+01 5.873e+01 5.466e+01 4.883e+01 4.309e+01 3.810e+01 3.188e+01 2.608e+01 2.318e+01 2.292e+01 2.354e+01 2.419e+01 2.472e+01 
4.966e+01 4.996e+01 5.122e+01 5.442e+01 5.546e+01 5.186e+01 4.646e+01 4.110e+01 3.652e+01 3.069e+01 2.503e+01 2.205e+01 2.166e+01 2.218e+01 2.277e+01 2.326e+01 
4.604e+01 4.629e+01 4.736e+01 5.022e+01 5.142e+01 4.838e+01 4.353e+01 3.865e+01 3.460e+01 2.927e+01 2.380e+01 2.074e+01 2.017e+01 2.058e+01 2.110e+01 2.154e+01 
4.214e+01 4.234e+01 4.324e+01 4.570e+01 4.691e+01 4.444e+01 4.024e+01 3.590e+01 3.242e+01 2.770e+01 2.248e+01 1.935e+01 1.859e+01 1.886e+01 1.929e+01 1.968e+01 
4.214e+01 4.234e+01 4.324e+01 4.570e+01 4.691e+01 4.444e+01 4.024e+01 3.590e+01 3.242e+01 2.770e+01 2.248e+01 1.935e+01 1.859e+01 1.886e+01 1.929e+01 1.968e+01 
3.850e+01 3.869e+01 3.947e+01 4.154e+01 4.252e+01 4.049e+01 3.692e+01 3.312e+01 3.022e+01 2.614e+01 2.121e+01 1.803e+01 1.709e+01 1.723e+01 1.756e+01 1.788e+01 
3.574e+01 3.592e+01 3.668e+01 3.854e+01 3.913e+01 3.721e+01 3.409e+01 3.068e+01 2.826e+01 2.477e+01 2.014e+01 1.695e+01 1.586e+01 1.588e+01 1.613e+01 1.639e+01 
3.615e+01 3.633e+01 3.710e+01 3.898e+01 3.959e+01 3.764e+01 3.448e+01 3.104e+01 2.859e+01 2.505e+01 2.037e+01 1.719e+01 1.612e+01 1.615e+01 1.641e+01 1.668e+01 
3.431e+01 3.449e+01 3.528e+01 3.713e+01 3.747e+01 3.537e+01 3.235e+01 2.906e+01 2.691e+01 2.389e+01 1.951e+01 1.634e+01 1.517e+01 1.511e+01 1.530e+01 1.553e+01 
3.297e+01 3.317e+01 3.397e+01 3.584e+01 3.611e+01 3.388e+01 3.083e+01 2.754e+01 2.553e+01 2.295e+01 1.884e+01 1.571e+01 1.447e+01 1.435e+01 1.449e+01 1.469e+01 
3.297e+01 3.317e+01 3.397e+01 3.584e+01 3.611e+01 3.388e+01 3.083e+01 2.754e+01 2.553e+01 2.295e+01 1.884e+01 1.571e+01 1.447e+01 1.435e+01 1.449e+01 1.469e+01 
3.195e+01 3.214e+01 3.295e+01 3.482e+01 3.509e+01 3.282e+01 2.972e+01 2.639e+01 2.442e+01 2.219e+01 1.833e+01 1.524e+01 1.395e+01 1.379e+01 1.390e+01 1.407e+01 
3.110e+01 3.130e+01 3.211e+01 3.395e+01 3.423e+01 3.197e+01 2.888e+01 2.553e+01 2.357e+01 2.159e+01 1.792e+01 1.487e+01 1.355e+01 1.335e+01 1.344e+01 1.359e+01 
3.110e+01 3.130e+01 3.211e+01 3.395e+01 3.423e+01 3.197e+01 2.888e+01 2.553e+01 2.357e+01 2.159e+01 1.792e+01 1.487e+01 1.355e+01 1.335e+01 1.344e+01 1.359e+01 
3.043e+01 3.062e+01 3.141e+01 3.323e+01 3.352e+01 3.130e+01 2.825e+01 2.493e+01 2.297e+01 2.115e+01 1.762e+01 1.460e+01 1.326e+01 1.304e+01 1.311e+01 1.325e+01 
2.978e+01 2.996e+01 3.074e+01 3.252e+01 3.280e+01 3.064e+01 2.767e+01 2.440e+01 2.247e+01 2.078e+01 1.736e+01 1.438e+01 1.302e+01 1.278e+01 1.284e+01 1.296e+01 
2.978e+01 2.996e+01 3.074e+01 3.252e+01 3.280e+01 3.064e+01 2.767e+01 2.440e+01 2.247e+01 2.078e+01 1.736e+01 1.438e+01 1.302e+01 1.278e+01 1.284e+01 1.296e+01 
2.921e+01 2.939e+01 3.015e+01 3.190e+01 3.219e+01 3.008e+01 2.717e+01 2.396e+01 2.207e+01 2.047e+01 1.715e+01 1.419e+01 1.281e+01 1.256e+01 1.261e+01 1.272e+01 
2.867e+01 2.885e+01 2.958e+01 3.130e+01 3.160e+01 2.954e+01 2.669e+01 2.354e+01 2.168e+01 2.017e+01 1.693e+01 1.400e+01 1.261e+01 1.234e+01 1.237e+01 1.248e+01 
2.818e+01 2.835e+01 2.907e+01 3.077e+01 3.108e+01 2.907e+01 2.629e+01 2.319e+01 2.136e+01 1.992e+01 1.675e+01 1.383e+01 1.244e+01 1.215e+01 1.218e+01 1.228e+01 
2.818e+01 2.835e+01 2.907e+01 3.077e+01 3.108e+01 2.907e+01 2.629e+01 2.319e+01 2.136e+01 1.992e+01 1.675e+01 1.383e+01 1.244e+01 1.215e+01 1.218e+01 1.228e+01 
2.766e+01 2.782e+01 2.852e+01 3.018e+01 3.050e+01 2.855e+01 2.584e+01 2.280e+01 2.101e+01 1.966e+01 1.657e+01 1.368e+01 1.227e+01 1.197e+01 1.199e+01 1.208e+01 
2.718e+01 2.734e+01 2.802e+01 2.964e+01 2.999e+01 2.809e+01 2.545e+01 2.247e+01 2.071e+01 1.943e+01 1.640e+01 1.353e+01 1.211e+01 1.180e+01 1.181e+01 1.190e+01 
2.718e+01 2.734e+01 2.802e+01 2.964e+01 2.999e+01 2.809e+01 2.545e+01 2.247e+01 2.071e+01 1.943e+01 1.640e+01 1.353e+01 1.211e+01 1.180e+01 1.181e+01 1.190e+01 
2.676e+01 2.692e+01 2.758e+01 2.919e+01 2.955e+01 2.769e+01 2.510e+01 2.217e+01 2.043e+01 1.922e+01 1.626e+01 1.341e+01 1.198e+01 1.166e+01 1.166e+01 1.174e+01 
2.638e+01 2.653e+01 2.718e+01 2.876e+01 2.913e+01 2.731e+01 2.477e+01 2.189e+01 2.019e+01 1.903e+01 1.612e+01 1.328e+01 1.185e+01 1.152e+01 1.152e+01 1.159e+01 
2.638e+01 2.653e+01 2.718e+01 2.876e+01 2.913e+01 2.731e+01 2.477e+01 2.189e+01 2.019e+01 1.903e+01 1.612e+01 1.328e+01 1.185e+01 1.152e+01 1.152e+01 1.159e+01 
2.604e+01 2.619e+01 2.682e+01 2.837e+01 2.875e+01 2.698e+01 2.448e+01 2.165e+01 1.997e+01 1.886e+01 1.599e+01 1.316e+01 1.173e+01 1.139e+01 1.138e+01 1.145e+01 
2.574e+01 2.589e+01 2.651e+01 2.804e+01 2.843e+01 2.668e+01 2.422e+01 2.143e+01 1.977e+01 1.870e+01 1.587e+01 1.306e+01 1.162e+01 1.127e+01 1.126e+01 1.132e+01 
2.574e+01 2.589e+01 2.651e+01 2.804e+01 2.843e+01 2.668e+01 2.422e+01 2.143e+01 1.977e+01 1.870e+01 1.587e+01 1.306e+01 1.162e+01 1.127e+01 1.126e+01 1.132e+01 
2.547e+01 2.562e+01 2.623e+01 2.775e+01 2.813e+01 2.640e+01 2.399e+01 2.123e+01 1.958e+01 1.855e+01 1.577e+01 1.297e+01 1.152e+01 1.117e+01 1.115e+01 1.121e+01 
2.524e+01 2.538e+01 2.599e+01 2.749e+01 2.788e+01 2.618e+01 2.379e+01 2.106e+01 1.944e+01 1.843e+01 1.567e+01 1.288e+01 1.144e+01 1.108e+01 1.106e+01 1.112e+01 
2.507e+01 2.520e+01 2.580e+01 2.729e+01 2.769e+01 2.601e+01 2.365e+01 2.094e+01 1.932e+01 1.833e+01 1.560e+01 1.283e+01 1.139e+01 1.102e+01 1.100e+01 1.106e+01 
2.507e+01 2.520e+01 2.580e+01 2.729e+01 2.769e+01 2.601e+01 2.365e+01 2.094e+01 1.932e+01 1.833e+01 1.560e+01 1.283e+01 1.139e+01 1.102e+01 1.100e+01 1.106e+01 
2.495e+01 2.509e+01 2.568e+01 2.717e+01 2.758e+01 2.591e+01 2.357e+01 2.087e+01 1.926e+01 1.828e+01 1.556e+01 1.279e+01 1.135e+01 1.098e+01 1.096e+01 1.101e+01 
2.495e+01 2.510e+01 2.569e+01 2.717e+01 2.757e+01 2.591e+01 2.356e+01 2.086e+01 1.925e+01 1.826e+01 1.554e+01 1.277e+01 1.132e+01 1.096e+01 1.094e+01 1.099e+01 
