5.690e+01 5.735e+01 5.914e+01 6.288e+01 6.290e+01 5.796e+01 5.144e+01 4.508e+01 3.949e+01 3.282e+01 2.689e+01 2.409e+01 2.399e+01 2.471e+01 2.543e+01 2.601e+01 
5.690e+01 5.735e+01 5.914e+01 6.288e+01 6.290e+01 5.796e+01 5.144e+01 4.508e+01 3.949e+01 3.282e+01 2.689e+01 2.409e+01 2.399e+01 2.471e+01 2.543e+01 2.601e+01 
5.690e+01 5.735e+01 5.914e+01 6.287e+01 6.290e+01 5.796e+01 5.144e+01 4.508e+01 3.949e+01 3.282e+01 2.689e+01 2.408e+01 2.398e+01 2.471e+01 2.543e+01 2.600e+01 
5.690e+01 5.735e+01 5.914e+01 6.287e+01 6.290e+01 5.796e+01 5.144e+01 4.508e+01 3.949e+01 3.282e+01 2.689e+01 2.408e+01 2.398e+01 2.471e+01 2.543e+01 2.600e+01 
5.692e+01 5.737e+01 5.916e+01 6.290e+01 6.293e+01 5.798e+01 5.146e+01 4.510e+01 3.950e+01 3.283e+01 2.690e+01 2.409e+01 2.399e+01 2.472e+01 2.544e+01 2.601e+01 
5.692e+01 5.737e+01 5.916e+01 6.290e+01 6.293e+01 5.798e+01 5.146e+01 4.510e+01 3.950e+01 3.283e+01 2.690e+01 2.409e+01 2.399e+01 2.472e+01 2.544e+01 2.601e+01 
5.693e+01 5.738e+01 5.917e+01 6.290e+01 6.293e+01 5.798e+01 5.146e+01 4.510e+01 3.950e+01 3.283e+01 2.690e+01 2.409e+01 2.399e+01 2.472e+01 2.544e+01 2.601e+01 
5.693e+01 5.738e+01 5.917e+01 6.291e+01 6.293e+01 5.799e+01 5.146e+01 4.510e+01 3.950e+01 3.283e+01 2.690e+01 2.409e+01 2.399e+01 2.472e+01 2.544e+01 2.602e+01 
5.693e+01 5.738e+01 5.917e+01 6.291e+01 6.293e+01 5.799e+01 5.146e+01 4.510e+01 3.950e+01 3.283e+01 2.690e+01 2.409e+01 2.399e+01 2.472e+01 2.544e+01 2.602e+01 
5.692e+01 5.737e+01 5.917e+01 6.290e+01 6.293e+01 5.799e+01 5.147e+01 4.510e+01 3.950e+01 3.283e+01 2.690e+01 2.409e+01 2.399e+01 2.472e+01 2.544e+01 2.602e+01 
5.689e+01 5.734e+01 5.914e+01 6.287e+01 6.291e+01 5.796e+01 5.145e+01 4.508e+01 3.949e+01 3.282e+01 2.689e+01 2.408e+01 2.398e+01 2.471e+01 2.543e+01 2.600e+01 
5.689e+01 5.734e+01 5.914e+01 6.287e+01 6.291e+01 5.796e+01 5.145e+01 4.508e+01 3.949e+01 3.282e+01 2.689e+01 2.408e+01 2.398e+01 2.471e+01 2.543e+01 2.600e+01 
5.689e+01 5.734e+01 5.913e+01 6.286e+01 6.290e+01 5.796e+01 5.144e+01 4.508e+01 3.949e+01 3.281e+01 2.688e+01 2.408e+01 2.398e+01 2.470e+01 2.543e+01 2.600e+01 
5.684e+01 5.728e+01 5.907e+01 6.281e+01 6.285e+01 5.792e+01 5.141e+01 4.505e+01 3.947e+01 3.280e+01 2.687e+01 2.406e+01 2.396e+01 2.468e+01 2.541e+01 2.598e+01 
5.684e+01 5.728e+01 5.907e+01 6.281e+01 6.285e+01 5.792e+01 5.141e+01 4.505e+01 3.947e+01 3.280e+01 2.687e+01 2.406e+01 2.396e+01 2.468e+01 2.541e+01 2.598e+01 
5.734e+01 5.778e+01 5.959e+01 6.337e+01 6.342e+01 5.844e+01 5.188e+01 4.547e+01 3.983e+01 3.309e+01 2.714e+01 2.435e+01 2.427e+01 2.501e+01 2.575e+01 2.633e+01 
5.724e+01 5.768e+01 5.948e+01 6.325e+01 6.332e+01 5.836e+01 5.180e+01 4.541e+01 3.978e+01 3.305e+01 2.710e+01 2.431e+01 2.423e+01 2.497e+01 2.570e+01 2.628e+01 
5.724e+01 5.768e+01 5.948e+01 6.325e+01 6.332e+01 5.836e+01 5.180e+01 4.541e+01 3.978e+01 3.305e+01 2.710e+01 2.431e+01 2.423e+01 2.497e+01 2.570e+01 2.628e+01 
5.706e+01 5.750e+01 5.928e+01 6.305e+01 6.314e+01 5.821e+01 5.167e+01 4.530e+01 3.969e+01 3.298e+01 2.704e+01 2.424e+01 2.416e+01 2.489e+01 2.562e+01 2.620e+01 
5.682e+01 5.726e+01 5.903e+01 6.277e+01 6.289e+01 5.799e+01 5.150e+01 4.516e+01 3.957e+01 3.289e+01 2.696e+01 2.415e+01 2.406e+01 2.478e+01 2.551e+01 2.608e+01 
5.646e+01 5.688e+01 5.863e+01 6.236e+01 6.252e+01 5.767e+01 5.123e+01 4.492e+01 3.939e+01 3.276e+01 2.683e+01 2.402e+01 2.390e+01 2.462e+01 2.534e+01 2.591e+01 
5.646e+01 5.688e+01 5.863e+01 6.236e+01 6.252e+01 5.767e+01 5.123e+01 4.492e+01 3.939e+01 3.276e+01 2.683e+01 2.402e+01 2.390e+01 2.462e+01 2.534e+01 2.591e+01 
5.595e+01 5.637e+01 5.809e+01 6.178e+01 6.199e+01 5.723e+01 5.084e+01 4.461e+01 3.913e+01 3.256e+01 2.666e+01 2.382e+01 2.369e+01 2.439e+01 2.510e+01 2.567e+01 
5.522e+01 5.563e+01 5.731e+01 6.095e+01 6.125e+01 5.660e+01 5.031e+01 4.415e+01 3.878e+01 3.229e+01 2.641e+01 2.356e+01 2.339e+01 2.407e+01 2.477e+01 2.532e+01 
5.522e+01 5.563e+01 5.731e+01 6.095e+01 6.125e+01 5.660e+01 5.031e+01 4.415e+01 3.878e+01 3.229e+01 2.641e+01 2.356e+01 2.339e+01 2.407e+01 2.477e+01 2.532e+01 
5.424e+01 5.463e+01 5.624e+01 5.983e+01 6.022e+01 5.571e+01 4.956e+01 4.352e+01 3.827e+01 3.190e+01 2.606e+01 2.318e+01 2.297e+01 2.362e+01 2.430e+01 2.485e+01 
5.290e+01 5.326e+01 5.479e+01 5.829e+01 5.880e+01 5.449e+01 4.853e+01 4.265e+01 3.757e+01 3.137e+01 2.559e+01 2.268e+01 2.240e+01 2.302e+01 2.367e+01 2.420e+01 
5.290e+01 5.326e+01 5.479e+01 5.829e+01 5.880e+01 5.449e+01 4.853e+01 4.265e+01 3.757e+01 3.137e+01 2.559e+01 2.268e+01 2.240e+01 2.302e+01 2.367e+01 2.420e+01 
5.110e+01 5.144e+01 5.286e+01 5.623e+01 5.690e+01 5.287e+01 4.716e+01 4.149e+01 3.665e+01 3.067e+01 2.497e+01 2.201e+01 2.166e+01 2.222e+01 2.284e+01 2.335e+01 
4.879e+01 4.909e+01 5.038e+01 5.356e+01 5.441e+01 5.073e+01 4.535e+01 3.997e+01 3.544e+01 2.976e+01 2.418e+01 2.116e+01 2.070e+01 2.119e+01 2.177e+01 2.225e+01 
4.593e+01 4.619e+01 4.732e+01 5.024e+01 5.129e+01 4.804e+01 4.309e+01 3.807e+01 3.393e+01 2.864e+01 2.321e+01 2.014e+01 1.954e+01 1.994e+01 2.046e+01 2.090e+01 
4.593e+01 4.619e+01 4.732e+01 5.024e+01 5.129e+01 4.804e+01 4.309e+01 3.807e+01 3.393e+01 2.864e+01 2.321e+01 2.014e+01 1.954e+01 1.994e+01 2.046e+01 2.090e+01 
4.255e+01 4.277e+01 4.373e+01 4.633e+01 4.749e+01 4.477e+01 4.035e+01 3.578e+01 3.211e+01 2.732e+01 2.209e+01 1.896e+01 1.821e+01 1.850e+01 1.894e+01 1.933e+01 
3.900e+01 3.919e+01 4.001e+01 4.223e+01 4.336e+01 4.115e+01 3.732e+01 3.326e+01 3.012e+01 2.588e+01 2.091e+01 1.774e+01 1.682e+01 1.698e+01 1.734e+01 1.768e+01 
3.900e+01 3.919e+01 4.001e+01 4.223e+01 4.336e+01 4.115e+01 3.732e+01 3.326e+01 3.012e+01 2.588e+01 2.091e+01 1.774e+01 1.682e+01 1.698e+01 1.734e+01 1.768e+01 
3.579e+01 3.596e+01 3.669e+01 3.858e+01 3.946e+01 3.761e+01 3.435e+01 3.077e+01 2.812e+01 2.447e+01 1.979e+01 1.660e+01 1.552e+01 1.556e+01 1.583e+01 1.611e+01 
3.344e+01 3.361e+01 3.433e+01 3.607e+01 3.657e+01 3.475e+01 3.187e+01 2.863e+01 2.637e+01 2.325e+01 1.885e+01 1.568e+01 1.447e+01 1.441e+01 1.461e+01 1.484e+01 
3.187e+01 3.205e+01 3.279e+01 3.451e+01 3.479e+01 3.282e+01 3.004e+01 2.692e+01 2.489e+01 2.224e+01 1.812e+01 1.497e+01 1.369e+01 1.355e+01 1.369e+01 1.388e+01 
3.187e+01 3.205e+01 3.279e+01 3.451e+01 3.479e+01 3.282e+01 3.004e+01 2.692e+01 2.489e+01 2.224e+01 1.812e+01 1.497e+01 1.369e+01 1.355e+01 1.369e+01 1.388e+01 
3.073e+01 3.092e+01 3.168e+01 3.342e+01 3.364e+01 3.155e+01 2.871e+01 2.557e+01 2.364e+01 2.137e+01 1.752e+01 1.442e+01 1.308e+01 1.288e+01 1.298e+01 1.314e+01 
2.985e+01 3.004e+01 3.081e+01 3.256e+01 3.278e+01 3.065e+01 2.776e+01 2.458e+01 2.266e+01 2.069e+01 1.706e+01 1.401e+01 1.263e+01 1.240e+01 1.247e+01 1.261e+01 
2.985e+01 3.004e+01 3.081e+01 3.256e+01 3.278e+01 3.065e+01 2.776e+01 2.458e+01 2.266e+01 2.069e+01 1.706e+01 1.401e+01 1.263e+01 1.240e+01 1.247e+01 1.261e+01 
2.915e+01 2.933e+01 3.011e+01 3.185e+01 3.208e+01 2.995e+01 2.705e+01 2.385e+01 2.192e+01 2.015e+01 1.671e+01 1.370e+01 1.230e+01 1.203e+01 1.209e+01 1.221e+01 
2.857e+01 2.875e+01 2.951e+01 3.123e+01 3.146e+01 2.936e+01 2.650e+01 2.332e+01 2.139e+01 1.976e+01 1.644e+01 1.346e+01 1.204e+01 1.176e+01 1.180e+01 1.191e+01 
2.806e+01 2.824e+01 2.898e+01 3.068e+01 3.092e+01 2.886e+01 2.604e+01 2.289e+01 2.097e+01 1.943e+01 1.622e+01 1.327e+01 1.183e+01 1.153e+01 1.156e+01 1.167e+01 
2.806e+01 2.824e+01 2.898e+01 3.068e+01 3.092e+01 2.886e+01 2.604e+01 2.289e+01 2.097e+01 1.943e+01 1.622e+01 1.327e+01 1.183e+01 1.153e+01 1.156e+01 1.167e+01 
2.774e+01 2.791e+01 2.864e+01 3.032e+01 3.058e+01 2.855e+01 2.579e+01 2.267e+01 2.078e+01 1.932e+01 1.616e+01 1.323e+01 1.180e+01 1.149e+01 1.151e+01 1.161e+01 
2.729e+01 2.746e+01 2.818e+01 2.983e+01 3.008e+01 2.809e+01 2.538e+01 2.231e+01 2.044e+01 1.905e+01 1.597e+01 1.306e+01 1.162e+01 1.130e+01 1.131e+01 1.140e+01 
2.682e+01 2.699e+01 2.768e+01 2.932e+01 2.960e+01 2.767e+01 2.500e+01 2.199e+01 2.014e+01 1.882e+01 1.580e+01 1.291e+01 1.146e+01 1.113e+01 1.113e+01 1.122e+01 
2.682e+01 2.699e+01 2.768e+01 2.932e+01 2.960e+01 2.767e+01 2.500e+01 2.199e+01 2.014e+01 1.882e+01 1.580e+01 1.291e+01 1.146e+01 1.113e+01 1.113e+01 1.122e+01 
2.643e+01 2.659e+01 2.728e+01 2.888e+01 2.918e+01 2.728e+01 2.467e+01 2.170e+01 1.987e+01 1.860e+01 1.564e+01 1.278e+01 1.131e+01 1.097e+01 1.097e+01 1.105e+01 
2.605e+01 2.621e+01 2.688e+01 2.846e+01 2.876e+01 2.689e+01 2.432e+01 2.139e+01 1.959e+01 1.837e+01 1.548e+01 1.264e+01 1.117e+01 1.082e+01 1.081e+01 1.088e+01 
2.572e+01 2.588e+01 2.654e+01 2.810e+01 2.839e+01 2.655e+01 2.403e+01 2.114e+01 1.936e+01 1.819e+01 1.535e+01 1.252e+01 1.105e+01 1.068e+01 1.067e+01 1.073e+01 
2.572e+01 2.588e+01 2.654e+01 2.810e+01 2.839e+01 2.655e+01 2.403e+01 2.114e+01 1.936e+01 1.819e+01 1.535e+01 1.252e+01 1.105e+01 1.068e+01 1.067e+01 1.073e+01 
2.536e+01 2.551e+01 2.616e+01 2.770e+01 2.801e+01 2.621e+01 2.374e+01 2.089e+01 1.913e+01 1.802e+01 1.523e+01 1.241e+01 1.093e+01 1.056e+01 1.054e+01 1.060e+01 
2.506e+01 2.521e+01 2.584e+01 2.737e+01 2.769e+01 2.592e+01 2.348e+01 2.067e+01 1.893e+01 1.785e+01 1.510e+01 1.230e+01 1.082e+01 1.044e+01 1.042e+01 1.047e+01 
2.506e+01 2.521e+01 2.584e+01 2.737e+01 2.769e+01 2.592e+01 2.348e+01 2.067e+01 1.893e+01 1.785e+01 1.510e+01 1.230e+01 1.082e+01 1.044e+01 1.042e+01 1.047e+01 
2.482e+01 2.497e+01 2.559e+01 2.710e+01 2.743e+01 2.568e+01 2.328e+01 2.049e+01 1.875e+01 1.770e+01 1.500e+01 1.221e+01 1.073e+01 1.034e+01 1.031e+01 1.036e+01 
2.458e+01 2.473e+01 2.535e+01 2.685e+01 2.716e+01 2.545e+01 2.306e+01 2.031e+01 1.858e+01 1.755e+01 1.489e+01 1.211e+01 1.062e+01 1.023e+01 1.020e+01 1.025e+01 
2.443e+01 2.457e+01 2.519e+01 2.667e+01 2.699e+01 2.528e+01 2.292e+01 2.018e+01 1.846e+01 1.745e+01 1.481e+01 1.204e+01 1.055e+01 1.016e+01 1.012e+01 1.017e+01 
2.443e+01 2.457e+01 2.519e+01 2.667e+01 2.699e+01 2.528e+01 2.292e+01 2.018e+01 1.846e+01 1.745e+01 1.481e+01 1.204e+01 1.055e+01 1.016e+01 1.012e+01 1.017e+01 
2.429e+01 2.444e+01 2.505e+01 2.652e+01 2.685e+01 2.516e+01 2.281e+01 2.009e+01 1.838e+01 1.739e+01 1.476e+01 1.199e+01 1.050e+01 1.011e+01 1.007e+01 1.011e+01 
2.420e+01 2.435e+01 2.495e+01 2.642e+01 2.676e+01 2.508e+01 2.274e+01 2.003e+01 1.832e+01 1.732e+01 1.470e+01 1.194e+01 1.045e+01 1.005e+01 1.001e+01 1.006e+01 
2.411e+01 2.425e+01 2.485e+01 2.632e+01 2.666e+01 2.499e+01 2.267e+01 1.996e+01 1.826e+01 1.728e+01 1.467e+01 1.192e+01 1.043e+01 1.003e+01 9.987e+00 1.003e+01 
