5.357e+01 5.399e+01 5.567e+01 5.917e+01 5.919e+01 5.456e+01 4.842e+01 4.235e+01 3.717e+01 3.096e+01 2.519e+01 2.228e+01 2.200e+01 2.261e+01 2.327e+01 2.380e+01 
5.357e+01 5.399e+01 5.567e+01 5.917e+01 5.919e+01 5.456e+01 4.842e+01 4.235e+01 3.717e+01 3.096e+01 2.519e+01 2.228e+01 2.200e+01 2.261e+01 2.327e+01 2.380e+01 
5.359e+01 5.401e+01 5.569e+01 5.919e+01 5.921e+01 5.458e+01 4.843e+01 4.237e+01 3.718e+01 3.096e+01 2.520e+01 2.229e+01 2.200e+01 2.262e+01 2.328e+01 2.381e+01 
5.359e+01 5.401e+01 5.569e+01 5.919e+01 5.921e+01 5.458e+01 4.843e+01 4.237e+01 3.718e+01 3.096e+01 2.520e+01 2.229e+01 2.200e+01 2.262e+01 2.328e+01 2.381e+01 
5.413e+01 5.454e+01 5.624e+01 5.979e+01 5.982e+01 5.513e+01 4.892e+01 4.281e+01 3.755e+01 3.126e+01 2.547e+01 2.257e+01 2.232e+01 2.295e+01 2.362e+01 2.416e+01 
5.413e+01 5.454e+01 5.624e+01 5.979e+01 5.982e+01 5.513e+01 4.892e+01 4.281e+01 3.755e+01 3.126e+01 2.547e+01 2.257e+01 2.232e+01 2.295e+01 2.362e+01 2.416e+01 
5.414e+01 5.456e+01 5.626e+01 5.981e+01 5.983e+01 5.514e+01 4.893e+01 4.282e+01 3.756e+01 3.127e+01 2.547e+01 2.258e+01 2.232e+01 2.296e+01 2.363e+01 2.417e+01 
5.414e+01 5.456e+01 5.626e+01 5.981e+01 5.983e+01 5.514e+01 4.893e+01 4.282e+01 3.756e+01 3.127e+01 2.547e+01 2.258e+01 2.232e+01 2.296e+01 2.363e+01 2.417e+01 
5.415e+01 5.457e+01 5.627e+01 5.981e+01 5.984e+01 5.515e+01 4.893e+01 4.282e+01 3.756e+01 3.127e+01 2.547e+01 2.257e+01 2.232e+01 2.296e+01 2.363e+01 2.417e+01 
5.415e+01 5.457e+01 5.627e+01 5.981e+01 5.984e+01 5.515e+01 4.893e+01 4.282e+01 3.756e+01 3.127e+01 2.547e+01 2.257e+01 2.232e+01 2.296e+01 2.363e+01 2.417e+01 
5.415e+01 5.456e+01 5.627e+01 5.981e+01 5.983e+01 5.514e+01 4.893e+01 4.282e+01 3.756e+01 3.126e+01 2.547e+01 2.257e+01 2.232e+01 2.296e+01 2.362e+01 2.416e+01 
5.413e+01 5.455e+01 5.625e+01 5.979e+01 5.983e+01 5.514e+01 4.892e+01 4.281e+01 3.756e+01 3.126e+01 2.547e+01 2.257e+01 2.232e+01 2.295e+01 2.362e+01 2.416e+01 
5.413e+01 5.455e+01 5.625e+01 5.979e+01 5.983e+01 5.514e+01 4.892e+01 4.281e+01 3.756e+01 3.126e+01 2.547e+01 2.257e+01 2.232e+01 2.295e+01 2.362e+01 2.416e+01 
5.409e+01 5.451e+01 5.621e+01 5.975e+01 5.979e+01 5.511e+01 4.890e+01 4.279e+01 3.754e+01 3.125e+01 2.546e+01 2.256e+01 2.230e+01 2.294e+01 2.361e+01 2.415e+01 
5.408e+01 5.450e+01 5.619e+01 5.973e+01 5.977e+01 5.509e+01 4.889e+01 4.278e+01 3.753e+01 3.124e+01 2.545e+01 2.255e+01 2.229e+01 2.293e+01 2.360e+01 2.414e+01 
5.408e+01 5.450e+01 5.619e+01 5.973e+01 5.977e+01 5.509e+01 4.889e+01 4.278e+01 3.753e+01 3.124e+01 2.545e+01 2.255e+01 2.229e+01 2.293e+01 2.360e+01 2.414e+01 
5.402e+01 5.443e+01 5.613e+01 5.966e+01 5.971e+01 5.505e+01 4.885e+01 4.275e+01 3.751e+01 3.122e+01 2.543e+01 2.253e+01 2.227e+01 2.291e+01 2.357e+01 2.411e+01 
5.391e+01 5.433e+01 5.602e+01 5.955e+01 5.961e+01 5.496e+01 4.877e+01 4.269e+01 3.745e+01 3.118e+01 2.540e+01 2.249e+01 2.223e+01 2.286e+01 2.352e+01 2.406e+01 
5.379e+01 5.421e+01 5.588e+01 5.940e+01 5.948e+01 5.485e+01 4.868e+01 4.261e+01 3.739e+01 3.114e+01 2.536e+01 2.245e+01 2.218e+01 2.281e+01 2.347e+01 2.401e+01 
5.379e+01 5.421e+01 5.588e+01 5.940e+01 5.948e+01 5.485e+01 4.868e+01 4.261e+01 3.739e+01 3.114e+01 2.536e+01 2.245e+01 2.218e+01 2.281e+01 2.347e+01 2.401e+01 
5.359e+01 5.400e+01 5.567e+01 5.918e+01 5.928e+01 5.468e+01 4.854e+01 4.248e+01 3.729e+01 3.106e+01 2.529e+01 2.237e+01 2.210e+01 2.272e+01 2.338e+01 2.391e+01 
5.332e+01 5.372e+01 5.537e+01 5.887e+01 5.901e+01 5.444e+01 4.834e+01 4.232e+01 3.716e+01 3.096e+01 2.520e+01 2.228e+01 2.199e+01 2.260e+01 2.326e+01 2.379e+01 
5.292e+01 5.332e+01 5.494e+01 5.842e+01 5.859e+01 5.410e+01 4.804e+01 4.207e+01 3.696e+01 3.080e+01 2.506e+01 2.213e+01 2.183e+01 2.243e+01 2.308e+01 2.360e+01 
5.350e+01 5.390e+01 5.554e+01 5.906e+01 5.923e+01 5.467e+01 4.856e+01 4.253e+01 3.735e+01 3.112e+01 2.534e+01 2.243e+01 2.216e+01 2.278e+01 2.344e+01 2.397e+01 
5.296e+01 5.335e+01 5.497e+01 5.844e+01 5.868e+01 5.421e+01 4.816e+01 4.219e+01 3.708e+01 3.092e+01 2.516e+01 2.223e+01 2.194e+01 2.254e+01 2.319e+01 2.372e+01 
5.221e+01 5.259e+01 5.415e+01 5.759e+01 5.791e+01 5.355e+01 4.761e+01 4.172e+01 3.671e+01 3.063e+01 2.491e+01 2.196e+01 2.164e+01 2.222e+01 2.286e+01 2.338e+01 
5.221e+01 5.259e+01 5.415e+01 5.759e+01 5.791e+01 5.355e+01 4.761e+01 4.172e+01 3.671e+01 3.063e+01 2.491e+01 2.196e+01 2.164e+01 2.222e+01 2.286e+01 2.338e+01 
5.121e+01 5.157e+01 5.307e+01 5.644e+01 5.685e+01 5.265e+01 4.684e+01 4.108e+01 3.619e+01 3.024e+01 2.456e+01 2.160e+01 2.122e+01 2.178e+01 2.239e+01 2.290e+01 
4.986e+01 5.020e+01 5.162e+01 5.490e+01 5.543e+01 5.143e+01 4.582e+01 4.021e+01 3.549e+01 2.971e+01 2.410e+01 2.110e+01 2.067e+01 2.118e+01 2.178e+01 2.227e+01 
4.810e+01 4.841e+01 4.973e+01 5.288e+01 5.357e+01 4.983e+01 4.446e+01 3.907e+01 3.458e+01 2.903e+01 2.351e+01 2.047e+01 1.996e+01 2.042e+01 2.098e+01 2.145e+01 
4.810e+01 4.841e+01 4.973e+01 5.288e+01 5.357e+01 4.983e+01 4.446e+01 3.907e+01 3.458e+01 2.903e+01 2.351e+01 2.047e+01 1.996e+01 2.042e+01 2.098e+01 2.145e+01 
4.585e+01 4.613e+01 4.732e+01 5.028e+01 5.114e+01 4.775e+01 4.271e+01 3.760e+01 3.340e+01 2.815e+01 2.275e+01 1.968e+01 1.906e+01 1.945e+01 1.996e+01 2.041e+01 
4.310e+01 4.335e+01 4.438e+01 4.711e+01 4.813e+01 4.517e+01 4.054e+01 3.578e+01 3.194e+01 2.707e+01 2.184e+01 1.872e+01 1.798e+01 1.829e+01 1.874e+01 1.915e+01 
3.993e+01 4.013e+01 4.102e+01 4.342e+01 4.454e+01 4.206e+01 3.795e+01 3.363e+01 3.022e+01 2.583e+01 2.081e+01 1.765e+01 1.676e+01 1.696e+01 1.735e+01 1.770e+01 
3.993e+01 4.013e+01 4.102e+01 4.342e+01 4.454e+01 4.206e+01 3.795e+01 3.363e+01 3.022e+01 2.583e+01 2.081e+01 1.765e+01 1.676e+01 1.696e+01 1.735e+01 1.770e+01 
3.664e+01 3.681e+01 3.756e+01 3.961e+01 4.069e+01 3.868e+01 3.514e+01 3.129e+01 2.836e+01 2.449e+01 1.973e+01 1.655e+01 1.551e+01 1.560e+01 1.590e+01 1.620e+01 
3.375e+01 3.391e+01 3.460e+01 3.637e+01 3.716e+01 3.544e+01 3.242e+01 2.902e+01 2.653e+01 2.320e+01 1.872e+01 1.554e+01 1.436e+01 1.434e+01 1.456e+01 1.481e+01 
3.164e+01 3.181e+01 3.249e+01 3.412e+01 3.458e+01 3.287e+01 3.017e+01 2.707e+01 2.492e+01 2.207e+01 1.788e+01 1.472e+01 1.343e+01 1.331e+01 1.347e+01 1.367e+01 
3.164e+01 3.181e+01 3.249e+01 3.412e+01 3.458e+01 3.287e+01 3.017e+01 2.707e+01 2.492e+01 2.207e+01 1.788e+01 1.472e+01 1.343e+01 1.331e+01 1.347e+01 1.367e+01 
3.026e+01 3.043e+01 3.114e+01 3.278e+01 3.301e+01 3.113e+01 2.850e+01 2.550e+01 2.355e+01 2.112e+01 1.720e+01 1.408e+01 1.272e+01 1.253e+01 1.263e+01 1.280e+01 
2.923e+01 2.940e+01 3.014e+01 3.181e+01 3.200e+01 3.000e+01 2.731e+01 2.428e+01 2.240e+01 2.032e+01 1.665e+01 1.358e+01 1.217e+01 1.193e+01 1.200e+01 1.214e+01 
2.842e+01 2.859e+01 2.933e+01 3.101e+01 3.121e+01 2.917e+01 2.643e+01 2.337e+01 2.148e+01 1.967e+01 1.622e+01 1.320e+01 1.177e+01 1.149e+01 1.154e+01 1.165e+01 
2.842e+01 2.859e+01 2.933e+01 3.101e+01 3.121e+01 2.917e+01 2.643e+01 2.337e+01 2.148e+01 1.967e+01 1.622e+01 1.320e+01 1.177e+01 1.149e+01 1.154e+01 1.165e+01 
2.775e+01 2.793e+01 2.867e+01 3.034e+01 3.054e+01 2.851e+01 2.576e+01 2.268e+01 2.078e+01 1.916e+01 1.588e+01 1.291e+01 1.146e+01 1.115e+01 1.118e+01 1.128e+01 
2.724e+01 2.741e+01 2.814e+01 2.979e+01 3.000e+01 2.799e+01 2.527e+01 2.220e+01 2.029e+01 1.879e+01 1.563e+01 1.269e+01 1.123e+01 1.090e+01 1.092e+01 1.101e+01 
2.679e+01 2.697e+01 2.769e+01 2.931e+01 2.951e+01 2.754e+01 2.485e+01 2.181e+01 1.990e+01 1.848e+01 1.541e+01 1.250e+01 1.103e+01 1.069e+01 1.069e+01 1.078e+01 
2.636e+01 2.653e+01 2.724e+01 2.885e+01 2.905e+01 2.711e+01 2.448e+01 2.148e+01 1.959e+01 1.823e+01 1.524e+01 1.236e+01 1.087e+01 1.052e+01 1.052e+01 1.060e+01 
2.636e+01 2.653e+01 2.724e+01 2.885e+01 2.905e+01 2.711e+01 2.448e+01 2.148e+01 1.959e+01 1.823e+01 1.524e+01 1.236e+01 1.087e+01 1.052e+01 1.052e+01 1.060e+01 
2.595e+01 2.612e+01 2.682e+01 2.840e+01 2.861e+01 2.669e+01 2.410e+01 2.114e+01 1.927e+01 1.797e+01 1.506e+01 1.220e+01 1.071e+01 1.034e+01 1.034e+01 1.041e+01 
2.555e+01 2.572e+01 2.640e+01 2.796e+01 2.818e+01 2.631e+01 2.376e+01 2.085e+01 1.899e+01 1.775e+01 1.490e+01 1.206e+01 1.057e+01 1.019e+01 1.017e+01 1.024e+01 
2.520e+01 2.536e+01 2.603e+01 2.757e+01 2.780e+01 2.596e+01 2.346e+01 2.058e+01 1.873e+01 1.754e+01 1.475e+01 1.193e+01 1.043e+01 1.004e+01 1.002e+01 1.008e+01 
2.520e+01 2.536e+01 2.603e+01 2.757e+01 2.780e+01 2.596e+01 2.346e+01 2.058e+01 1.873e+01 1.754e+01 1.475e+01 1.193e+01 1.043e+01 1.004e+01 1.002e+01 1.008e+01 
2.487e+01 2.503e+01 2.569e+01 2.721e+01 2.743e+01 2.562e+01 2.315e+01 2.031e+01 1.848e+01 1.734e+01 1.460e+01 1.180e+01 1.029e+01 9.894e+00 9.866e+00 9.920e+00 
2.456e+01 2.472e+01 2.536e+01 2.686e+01 2.710e+01 2.532e+01 2.289e+01 2.008e+01 1.827e+01 1.716e+01 1.448e+01 1.170e+01 1.019e+01 9.780e+00 9.746e+00 9.796e+00 
2.429e+01 2.445e+01 2.509e+01 2.657e+01 2.683e+01 2.507e+01 2.267e+01 1.988e+01 1.808e+01 1.699e+01 1.435e+01 1.158e+01 1.006e+01 9.651e+00 9.613e+00 9.659e+00 
2.429e+01 2.445e+01 2.509e+01 2.657e+01 2.683e+01 2.507e+01 2.267e+01 1.988e+01 1.808e+01 1.699e+01 1.435e+01 1.158e+01 1.006e+01 9.651e+00 9.613e+00 9.659e+00 
2.404e+01 2.419e+01 2.482e+01 2.629e+01 2.654e+01 2.481e+01 2.244e+01 1.968e+01 1.788e+01 1.683e+01 1.423e+01 1.148e+01 9.961e+00 9.541e+00 9.499e+00 9.541e+00 
2.383e+01 2.398e+01 2.461e+01 2.607e+01 2.632e+01 2.460e+01 2.226e+01 1.952e+01 1.772e+01 1.670e+01 1.413e+01 1.139e+01 9.872e+00 9.446e+00 9.402e+00 9.440e+00 
2.364e+01 2.379e+01 2.441e+01 2.586e+01 2.613e+01 2.443e+01 2.210e+01 1.938e+01 1.759e+01 1.658e+01 1.405e+01 1.132e+01 9.794e+00 9.362e+00 9.314e+00 9.350e+00 
2.351e+01 2.366e+01 2.428e+01 2.573e+01 2.599e+01 2.430e+01 2.199e+01 1.928e+01 1.750e+01 1.650e+01 1.398e+01 1.125e+01 9.728e+00 9.294e+00 9.245e+00 9.279e+00 
2.351e+01 2.366e+01 2.428e+01 2.573e+01 2.599e+01 2.430e+01 2.199e+01 1.928e+01 1.750e+01 1.650e+01 1.398e+01 1.125e+01 9.728e+00 9.294e+00 9.245e+00 9.279e+00 
2.338e+01 2.352e+01 2.414e+01 2.558e+01 2.584e+01 2.415e+01 2.186e+01 1.916e+01 1.739e+01 1.640e+01 1.390e+01 1.119e+01 9.665e+00 9.226e+00 9.175e+00 9.207e+00 
2.332e+01 2.347e+01 2.408e+01 2.552e+01 2.578e+01 2.410e+01 2.181e+01 1.912e+01 1.734e+01 1.635e+01 1.386e+01 1.115e+01 9.621e+00 9.181e+00 9.130e+00 9.162e+00 
2.331e+01 2.345e+01 2.407e+01 2.550e+01 2.576e+01 2.407e+01 2.179e+01 1.910e+01 1.732e+01 1.634e+01 1.385e+01 1.114e+01 9.612e+00 9.172e+00 9.121e+00 9.152e+00 
