5.146e+01 5.186e+01 5.348e+01 5.682e+01 5.684e+01 5.241e+01 4.650e+01 4.063e+01 3.569e+01 2.978e+01 2.414e+01 2.117e+01 2.077e+01 2.132e+01 2.193e+01 2.243e+01 
5.148e+01 5.188e+01 5.349e+01 5.683e+01 5.686e+01 5.242e+01 4.651e+01 4.063e+01 3.570e+01 2.978e+01 2.414e+01 2.117e+01 2.077e+01 2.132e+01 2.193e+01 2.244e+01 
5.148e+01 5.188e+01 5.349e+01 5.683e+01 5.686e+01 5.242e+01 4.651e+01 4.063e+01 3.570e+01 2.978e+01 2.414e+01 2.117e+01 2.077e+01 2.132e+01 2.193e+01 2.244e+01 
5.148e+01 5.188e+01 5.349e+01 5.684e+01 5.686e+01 5.242e+01 4.652e+01 4.064e+01 3.570e+01 2.978e+01 2.414e+01 2.117e+01 2.077e+01 2.132e+01 2.193e+01 2.244e+01 
5.148e+01 5.188e+01 5.349e+01 5.684e+01 5.686e+01 5.242e+01 4.652e+01 4.064e+01 3.570e+01 2.978e+01 2.414e+01 2.117e+01 2.077e+01 2.132e+01 2.193e+01 2.244e+01 
5.149e+01 5.189e+01 5.351e+01 5.686e+01 5.688e+01 5.244e+01 4.653e+01 4.065e+01 3.571e+01 2.979e+01 2.415e+01 2.118e+01 2.078e+01 2.133e+01 2.194e+01 2.245e+01 
5.149e+01 5.189e+01 5.351e+01 5.686e+01 5.688e+01 5.244e+01 4.653e+01 4.065e+01 3.571e+01 2.979e+01 2.415e+01 2.118e+01 2.078e+01 2.133e+01 2.194e+01 2.245e+01 
5.149e+01 5.189e+01 5.350e+01 5.685e+01 5.688e+01 5.244e+01 4.653e+01 4.065e+01 3.571e+01 2.979e+01 2.415e+01 2.117e+01 2.078e+01 2.132e+01 2.194e+01 2.244e+01 
5.149e+01 5.189e+01 5.350e+01 5.685e+01 5.688e+01 5.244e+01 4.653e+01 4.065e+01 3.571e+01 2.979e+01 2.415e+01 2.117e+01 2.078e+01 2.132e+01 2.194e+01 2.244e+01 
5.150e+01 5.190e+01 5.352e+01 5.686e+01 5.689e+01 5.245e+01 4.654e+01 4.065e+01 3.571e+01 2.979e+01 2.415e+01 2.118e+01 2.078e+01 2.133e+01 2.194e+01 2.245e+01 
5.150e+01 5.190e+01 5.352e+01 5.686e+01 5.689e+01 5.245e+01 4.654e+01 4.065e+01 3.571e+01 2.979e+01 2.415e+01 2.117e+01 2.078e+01 2.133e+01 2.194e+01 2.245e+01 
5.150e+01 5.190e+01 5.352e+01 5.686e+01 5.689e+01 5.245e+01 4.654e+01 4.065e+01 3.571e+01 2.979e+01 2.415e+01 2.117e+01 2.078e+01 2.133e+01 2.194e+01 2.245e+01 
5.149e+01 5.189e+01 5.351e+01 5.685e+01 5.688e+01 5.244e+01 4.653e+01 4.065e+01 3.570e+01 2.978e+01 2.414e+01 2.117e+01 2.077e+01 2.132e+01 2.193e+01 2.244e+01 
5.147e+01 5.187e+01 5.348e+01 5.683e+01 5.686e+01 5.243e+01 4.652e+01 4.064e+01 3.570e+01 2.978e+01 2.414e+01 2.117e+01 2.077e+01 2.131e+01 2.193e+01 2.244e+01 
5.147e+01 5.187e+01 5.348e+01 5.683e+01 5.686e+01 5.243e+01 4.652e+01 4.064e+01 3.570e+01 2.978e+01 2.414e+01 2.117e+01 2.077e+01 2.131e+01 2.193e+01 2.244e+01 
5.143e+01 5.182e+01 5.343e+01 5.678e+01 5.682e+01 5.239e+01 4.649e+01 4.061e+01 3.568e+01 2.977e+01 2.412e+01 2.115e+01 2.075e+01 2.130e+01 2.191e+01 2.242e+01 
5.193e+01 5.233e+01 5.395e+01 5.734e+01 5.738e+01 5.290e+01 4.694e+01 4.103e+01 3.603e+01 3.005e+01 2.438e+01 2.141e+01 2.104e+01 2.160e+01 2.223e+01 2.274e+01 
5.186e+01 5.225e+01 5.387e+01 5.726e+01 5.731e+01 5.285e+01 4.689e+01 4.099e+01 3.600e+01 3.002e+01 2.435e+01 2.139e+01 2.102e+01 2.158e+01 2.220e+01 2.271e+01 
5.186e+01 5.225e+01 5.387e+01 5.726e+01 5.731e+01 5.285e+01 4.689e+01 4.099e+01 3.600e+01 3.002e+01 2.435e+01 2.139e+01 2.102e+01 2.158e+01 2.220e+01 2.271e+01 
5.174e+01 5.214e+01 5.375e+01 5.713e+01 5.720e+01 5.275e+01 4.681e+01 4.092e+01 3.594e+01 2.998e+01 2.431e+01 2.135e+01 2.097e+01 2.153e+01 2.215e+01 2.266e+01 
5.161e+01 5.201e+01 5.361e+01 5.697e+01 5.706e+01 5.264e+01 4.671e+01 4.083e+01 3.587e+01 2.993e+01 2.427e+01 2.130e+01 2.092e+01 2.147e+01 2.209e+01 2.260e+01 
5.139e+01 5.178e+01 5.337e+01 5.673e+01 5.684e+01 5.245e+01 4.656e+01 4.070e+01 3.576e+01 2.984e+01 2.420e+01 2.122e+01 2.083e+01 2.138e+01 2.199e+01 2.250e+01 
5.139e+01 5.178e+01 5.337e+01 5.673e+01 5.684e+01 5.245e+01 4.656e+01 4.070e+01 3.576e+01 2.984e+01 2.420e+01 2.122e+01 2.083e+01 2.138e+01 2.199e+01 2.250e+01 
5.110e+01 5.149e+01 5.306e+01 5.640e+01 5.655e+01 5.220e+01 4.635e+01 4.052e+01 3.563e+01 2.974e+01 2.410e+01 2.112e+01 2.072e+01 2.126e+01 2.187e+01 2.237e+01 
5.069e+01 5.107e+01 5.261e+01 5.593e+01 5.612e+01 5.184e+01 4.604e+01 4.026e+01 3.541e+01 2.958e+01 2.396e+01 2.097e+01 2.055e+01 2.108e+01 2.168e+01 2.218e+01 
5.014e+01 5.051e+01 5.202e+01 5.530e+01 5.555e+01 5.135e+01 4.563e+01 3.992e+01 3.514e+01 2.937e+01 2.378e+01 2.078e+01 2.033e+01 2.084e+01 2.143e+01 2.193e+01 
5.014e+01 5.051e+01 5.202e+01 5.530e+01 5.555e+01 5.135e+01 4.563e+01 3.992e+01 3.514e+01 2.937e+01 2.378e+01 2.078e+01 2.033e+01 2.084e+01 2.143e+01 2.193e+01 
4.937e+01 4.973e+01 5.119e+01 5.443e+01 5.476e+01 5.068e+01 4.506e+01 3.944e+01 3.475e+01 2.908e+01 2.353e+01 2.051e+01 2.003e+01 2.052e+01 2.110e+01 2.158e+01 
4.837e+01 4.870e+01 5.010e+01 5.328e+01 5.371e+01 4.978e+01 4.430e+01 3.880e+01 3.423e+01 2.869e+01 2.319e+01 2.015e+01 1.963e+01 2.009e+01 2.064e+01 2.112e+01 
4.704e+01 4.735e+01 4.867e+01 5.175e+01 5.230e+01 4.857e+01 4.328e+01 3.793e+01 3.354e+01 2.817e+01 2.274e+01 1.968e+01 1.909e+01 1.952e+01 2.005e+01 2.050e+01 
4.704e+01 4.735e+01 4.867e+01 5.175e+01 5.230e+01 4.857e+01 4.328e+01 3.793e+01 3.354e+01 2.817e+01 2.274e+01 1.968e+01 1.909e+01 1.952e+01 2.005e+01 2.050e+01 
4.532e+01 4.560e+01 4.682e+01 4.978e+01 5.047e+01 4.701e+01 4.196e+01 3.683e+01 3.264e+01 2.750e+01 2.217e+01 1.908e+01 1.842e+01 1.879e+01 1.929e+01 1.972e+01 
4.315e+01 4.341e+01 4.451e+01 4.727e+01 4.813e+01 4.500e+01 4.028e+01 3.541e+01 3.150e+01 2.665e+01 2.146e+01 1.834e+01 1.758e+01 1.788e+01 1.833e+01 1.874e+01 
4.053e+01 4.075e+01 4.171e+01 4.424e+01 4.525e+01 4.252e+01 3.821e+01 3.368e+01 3.010e+01 2.563e+01 2.060e+01 1.746e+01 1.658e+01 1.680e+01 1.720e+01 1.756e+01 
3.753e+01 3.772e+01 3.853e+01 4.076e+01 4.185e+01 3.958e+01 3.576e+01 3.165e+01 2.848e+01 2.445e+01 1.964e+01 1.648e+01 1.547e+01 1.559e+01 1.592e+01 1.624e+01 
3.753e+01 3.772e+01 3.853e+01 4.076e+01 4.185e+01 3.958e+01 3.576e+01 3.165e+01 2.848e+01 2.445e+01 1.964e+01 1.648e+01 1.547e+01 1.559e+01 1.592e+01 1.624e+01 
3.449e+01 3.466e+01 3.535e+01 3.726e+01 3.827e+01 3.643e+01 3.315e+01 2.949e+01 2.674e+01 2.320e+01 1.865e+01 1.548e+01 1.434e+01 1.435e+01 1.460e+01 1.487e+01 
3.186e+01 3.201e+01 3.266e+01 3.431e+01 3.504e+01 3.345e+01 3.064e+01 2.740e+01 2.505e+01 2.200e+01 1.773e+01 1.457e+01 1.331e+01 1.321e+01 1.340e+01 1.362e+01 
2.996e+01 3.012e+01 3.077e+01 3.232e+01 3.271e+01 3.109e+01 2.857e+01 2.561e+01 2.355e+01 2.095e+01 1.696e+01 1.383e+01 1.248e+01 1.229e+01 1.242e+01 1.259e+01 
3.028e+01 3.044e+01 3.110e+01 3.266e+01 3.306e+01 3.143e+01 2.888e+01 2.589e+01 2.381e+01 2.117e+01 1.713e+01 1.400e+01 1.266e+01 1.249e+01 1.262e+01 1.280e+01 
2.898e+01 2.914e+01 2.983e+01 3.140e+01 3.162e+01 2.982e+01 2.732e+01 2.443e+01 2.252e+01 2.027e+01 1.650e+01 1.341e+01 1.201e+01 1.177e+01 1.185e+01 1.200e+01 
2.806e+01 2.823e+01 2.894e+01 3.053e+01 3.071e+01 2.879e+01 2.622e+01 2.329e+01 2.144e+01 1.951e+01 1.598e+01 1.295e+01 1.150e+01 1.122e+01 1.127e+01 1.139e+01 
2.730e+01 2.747e+01 2.818e+01 2.979e+01 2.997e+01 2.801e+01 2.539e+01 2.242e+01 2.058e+01 1.889e+01 1.557e+01 1.259e+01 1.112e+01 1.080e+01 1.083e+01 1.093e+01 
2.673e+01 2.691e+01 2.763e+01 2.923e+01 2.939e+01 2.743e+01 2.479e+01 2.180e+01 1.992e+01 1.841e+01 1.526e+01 1.232e+01 1.083e+01 1.049e+01 1.050e+01 1.059e+01 
2.673e+01 2.691e+01 2.763e+01 2.923e+01 2.939e+01 2.743e+01 2.479e+01 2.180e+01 1.992e+01 1.841e+01 1.526e+01 1.232e+01 1.083e+01 1.049e+01 1.050e+01 1.059e+01 
2.622e+01 2.639e+01 2.710e+01 2.869e+01 2.886e+01 2.693e+01 2.432e+01 2.134e+01 1.946e+01 1.804e+01 1.501e+01 1.211e+01 1.061e+01 1.025e+01 1.025e+01 1.033e+01 
2.576e+01 2.593e+01 2.663e+01 2.819e+01 2.838e+01 2.647e+01 2.390e+01 2.095e+01 1.908e+01 1.774e+01 1.481e+01 1.194e+01 1.043e+01 1.006e+01 1.005e+01 1.012e+01 
2.537e+01 2.554e+01 2.622e+01 2.777e+01 2.796e+01 2.608e+01 2.355e+01 2.064e+01 1.877e+01 1.749e+01 1.463e+01 1.179e+01 1.028e+01 9.890e+00 9.874e+00 9.937e+00 
2.500e+01 2.516e+01 2.584e+01 2.737e+01 2.757e+01 2.572e+01 2.323e+01 2.035e+01 1.850e+01 1.726e+01 1.447e+01 1.165e+01 1.013e+01 9.735e+00 9.712e+00 9.769e+00 
2.500e+01 2.516e+01 2.584e+01 2.737e+01 2.757e+01 2.572e+01 2.323e+01 2.035e+01 1.850e+01 1.726e+01 1.447e+01 1.165e+01 1.013e+01 9.735e+00 9.712e+00 9.769e+00 
2.468e+01 2.484e+01 2.551e+01 2.702e+01 2.721e+01 2.539e+01 2.293e+01 2.009e+01 1.824e+01 1.705e+01 1.432e+01 1.152e+01 9.997e+00 9.588e+00 9.559e+00 9.611e+00 
2.436e+01 2.452e+01 2.518e+01 2.667e+01 2.687e+01 2.507e+01 2.265e+01 1.983e+01 1.799e+01 1.684e+01 1.417e+01 1.139e+01 9.867e+00 9.449e+00 9.414e+00 9.460e+00 
2.406e+01 2.422e+01 2.487e+01 2.635e+01 2.654e+01 2.477e+01 2.239e+01 1.960e+01 1.777e+01 1.666e+01 1.403e+01 1.127e+01 9.741e+00 9.314e+00 9.274e+00 9.316e+00 
2.375e+01 2.390e+01 2.454e+01 2.600e+01 2.621e+01 2.447e+01 2.212e+01 1.937e+01 1.755e+01 1.648e+01 1.390e+01 1.116e+01 9.634e+00 9.198e+00 9.153e+00 9.191e+00 
2.375e+01 2.390e+01 2.454e+01 2.600e+01 2.621e+01 2.447e+01 2.212e+01 1.937e+01 1.755e+01 1.648e+01 1.390e+01 1.116e+01 9.634e+00 9.198e+00 9.153e+00 9.191e+00 
2.349e+01 2.364e+01 2.427e+01 2.572e+01 2.593e+01 2.421e+01 2.189e+01 1.917e+01 1.736e+01 1.631e+01 1.378e+01 1.105e+01 9.523e+00 9.079e+00 9.030e+00 9.064e+00 
2.331e+01 2.346e+01 2.409e+01 2.553e+01 2.574e+01 2.403e+01 2.172e+01 1.901e+01 1.721e+01 1.618e+01 1.368e+01 1.096e+01 9.428e+00 8.981e+00 8.929e+00 8.960e+00 
2.311e+01 2.326e+01 2.388e+01 2.531e+01 2.552e+01 2.383e+01 2.154e+01 1.885e+01 1.705e+01 1.604e+01 1.358e+01 1.087e+01 9.338e+00 8.885e+00 8.830e+00 8.859e+00 
2.293e+01 2.307e+01 2.369e+01 2.511e+01 2.533e+01 2.366e+01 2.139e+01 1.872e+01 1.692e+01 1.592e+01 1.348e+01 1.079e+01 9.252e+00 8.792e+00 8.735e+00 8.761e+00 
2.293e+01 2.307e+01 2.369e+01 2.511e+01 2.533e+01 2.366e+01 2.139e+01 1.872e+01 1.692e+01 1.592e+01 1.348e+01 1.079e+01 9.252e+00 8.792e+00 8.735e+00 8.761e+00 
2.278e+01 2.292e+01 2.354e+01 2.495e+01 2.517e+01 2.351e+01 2.126e+01 1.860e+01 1.680e+01 1.582e+01 1.340e+01 1.072e+01 9.181e+00 8.718e+00 8.659e+00 8.683e+00 
2.269e+01 2.283e+01 2.344e+01 2.484e+01 2.507e+01 2.341e+01 2.117e+01 1.852e+01 1.672e+01 1.575e+01 1.334e+01 1.066e+01 9.124e+00 8.658e+00 8.598e+00 8.621e+00 
2.266e+01 2.280e+01 2.342e+01 2.482e+01 2.504e+01 2.338e+01 2.114e+01 1.849e+01 1.669e+01 1.570e+01 1.330e+01 1.063e+01 9.089e+00 8.623e+00 8.562e+00 8.585e+00 
2.260e+01 2.275e+01 2.335e+01 2.476e+01 2.499e+01 2.334e+01 2.111e+01 1.846e+01 1.666e+01 1.568e+01 1.328e+01 1.062e+01 9.078e+00 8.611e+00 8.550e+00 8.572e+00 
