4.894e+01 4.932e+01 5.085e+01 5.402e+01 5.404e+01 4.984e+01 4.422e+01 3.857e+01 3.392e+01 2.838e+01 2.290e+01 1.987e+01 1.934e+01 1.980e+01 2.036e+01 2.083e+01 
4.896e+01 4.934e+01 5.087e+01 5.404e+01 5.406e+01 4.987e+01 4.424e+01 3.859e+01 3.393e+01 2.839e+01 2.291e+01 1.988e+01 1.935e+01 1.981e+01 2.037e+01 2.084e+01 
4.945e+01 4.984e+01 5.138e+01 5.458e+01 5.461e+01 5.036e+01 4.468e+01 3.898e+01 3.428e+01 2.866e+01 2.315e+01 2.013e+01 1.963e+01 2.010e+01 2.067e+01 2.115e+01 
4.947e+01 4.985e+01 5.140e+01 5.460e+01 5.462e+01 5.037e+01 4.469e+01 3.899e+01 3.428e+01 2.866e+01 2.315e+01 2.013e+01 1.963e+01 2.010e+01 2.067e+01 2.115e+01 
4.947e+01 4.985e+01 5.140e+01 5.460e+01 5.462e+01 5.037e+01 4.469e+01 3.899e+01 3.428e+01 2.866e+01 2.315e+01 2.013e+01 1.963e+01 2.010e+01 2.067e+01 2.115e+01 
4.947e+01 4.986e+01 5.140e+01 5.460e+01 5.462e+01 5.038e+01 4.469e+01 3.899e+01 3.428e+01 2.866e+01 2.315e+01 2.013e+01 1.963e+01 2.010e+01 2.067e+01 2.115e+01 
4.947e+01 4.986e+01 5.140e+01 5.460e+01 5.462e+01 5.038e+01 4.469e+01 3.899e+01 3.428e+01 2.866e+01 2.315e+01 2.013e+01 1.963e+01 2.010e+01 2.067e+01 2.115e+01 
4.948e+01 4.986e+01 5.141e+01 5.461e+01 5.464e+01 5.039e+01 4.470e+01 3.900e+01 3.429e+01 2.867e+01 2.315e+01 2.014e+01 1.963e+01 2.011e+01 2.068e+01 2.116e+01 
4.948e+01 4.986e+01 5.141e+01 5.461e+01 5.464e+01 5.039e+01 4.470e+01 3.900e+01 3.429e+01 2.867e+01 2.315e+01 2.014e+01 1.963e+01 2.011e+01 2.068e+01 2.116e+01 
4.947e+01 4.986e+01 5.140e+01 5.461e+01 5.463e+01 5.039e+01 4.470e+01 3.900e+01 3.429e+01 2.866e+01 2.315e+01 2.013e+01 1.963e+01 2.011e+01 2.068e+01 2.116e+01 
4.947e+01 4.986e+01 5.140e+01 5.461e+01 5.463e+01 5.039e+01 4.470e+01 3.900e+01 3.429e+01 2.866e+01 2.315e+01 2.013e+01 1.963e+01 2.011e+01 2.068e+01 2.116e+01 
4.948e+01 4.987e+01 5.141e+01 5.462e+01 5.464e+01 5.039e+01 4.471e+01 3.901e+01 3.429e+01 2.867e+01 2.315e+01 2.013e+01 1.963e+01 2.011e+01 2.068e+01 2.116e+01 
4.948e+01 4.986e+01 5.141e+01 5.461e+01 5.464e+01 5.039e+01 4.470e+01 3.900e+01 3.429e+01 2.866e+01 2.315e+01 2.013e+01 1.963e+01 2.010e+01 2.067e+01 2.115e+01 
4.948e+01 4.986e+01 5.141e+01 5.461e+01 5.464e+01 5.039e+01 4.470e+01 3.900e+01 3.429e+01 2.866e+01 2.315e+01 2.013e+01 1.963e+01 2.010e+01 2.067e+01 2.115e+01 
4.946e+01 4.985e+01 5.139e+01 5.460e+01 5.462e+01 5.038e+01 4.469e+01 3.899e+01 3.428e+01 2.865e+01 2.314e+01 2.012e+01 1.962e+01 2.010e+01 2.067e+01 2.115e+01 
4.944e+01 4.982e+01 5.136e+01 5.457e+01 5.460e+01 5.036e+01 4.468e+01 3.898e+01 3.427e+01 2.865e+01 2.314e+01 2.012e+01 1.961e+01 2.009e+01 2.066e+01 2.114e+01 
4.939e+01 4.977e+01 5.131e+01 5.452e+01 5.456e+01 5.032e+01 4.465e+01 3.895e+01 3.425e+01 2.863e+01 2.312e+01 2.010e+01 1.959e+01 2.007e+01 2.064e+01 2.112e+01 
4.990e+01 5.028e+01 5.183e+01 5.508e+01 5.512e+01 5.083e+01 4.510e+01 3.936e+01 3.461e+01 2.891e+01 2.337e+01 2.036e+01 1.988e+01 2.037e+01 2.095e+01 2.144e+01 
4.987e+01 5.024e+01 5.180e+01 5.504e+01 5.508e+01 5.080e+01 4.508e+01 3.934e+01 3.459e+01 2.890e+01 2.336e+01 2.035e+01 1.986e+01 2.036e+01 2.094e+01 2.142e+01 
4.978e+01 5.016e+01 5.171e+01 5.495e+01 5.501e+01 5.074e+01 4.502e+01 3.930e+01 3.455e+01 2.887e+01 2.333e+01 2.032e+01 1.983e+01 2.033e+01 2.090e+01 2.139e+01 
4.966e+01 5.004e+01 5.158e+01 5.481e+01 5.489e+01 5.064e+01 4.493e+01 3.923e+01 3.449e+01 2.883e+01 2.329e+01 2.027e+01 1.978e+01 2.027e+01 2.085e+01 2.133e+01 
4.966e+01 5.004e+01 5.158e+01 5.481e+01 5.489e+01 5.064e+01 4.493e+01 3.923e+01 3.449e+01 2.883e+01 2.329e+01 2.027e+01 1.978e+01 2.027e+01 2.085e+01 2.133e+01 
4.951e+01 4.989e+01 5.142e+01 5.464e+01 5.473e+01 5.051e+01 4.482e+01 3.913e+01 3.441e+01 2.877e+01 2.324e+01 2.022e+01 1.973e+01 2.021e+01 2.078e+01 2.127e+01 
4.928e+01 4.965e+01 5.117e+01 5.438e+01 5.450e+01 5.031e+01 4.466e+01 3.899e+01 3.430e+01 2.868e+01 2.316e+01 2.014e+01 1.964e+01 2.012e+01 2.068e+01 2.116e+01 
4.898e+01 4.935e+01 5.084e+01 5.404e+01 5.420e+01 5.005e+01 4.444e+01 3.881e+01 3.415e+01 2.857e+01 2.307e+01 2.004e+01 1.952e+01 1.999e+01 2.056e+01 2.103e+01 
4.856e+01 4.892e+01 5.039e+01 5.356e+01 5.376e+01 4.968e+01 4.413e+01 3.854e+01 3.393e+01 2.841e+01 2.293e+01 1.989e+01 1.935e+01 1.981e+01 2.037e+01 2.084e+01 
4.856e+01 4.892e+01 5.039e+01 5.356e+01 5.376e+01 4.968e+01 4.413e+01 3.854e+01 3.393e+01 2.841e+01 2.293e+01 1.989e+01 1.935e+01 1.981e+01 2.037e+01 2.084e+01 
4.799e+01 4.834e+01 4.978e+01 5.292e+01 5.318e+01 4.919e+01 4.371e+01 3.819e+01 3.365e+01 2.819e+01 2.274e+01 1.970e+01 1.914e+01 1.958e+01 2.012e+01 2.059e+01 
4.723e+01 4.757e+01 4.895e+01 5.205e+01 5.239e+01 4.852e+01 4.314e+01 3.771e+01 3.326e+01 2.790e+01 2.249e+01 1.944e+01 1.884e+01 1.926e+01 1.979e+01 2.025e+01 
4.623e+01 4.655e+01 4.788e+01 5.090e+01 5.134e+01 4.761e+01 4.238e+01 3.708e+01 3.275e+01 2.751e+01 2.216e+01 1.909e+01 1.845e+01 1.884e+01 1.935e+01 1.979e+01 
4.623e+01 4.655e+01 4.788e+01 5.090e+01 5.134e+01 4.761e+01 4.238e+01 3.708e+01 3.275e+01 2.751e+01 2.216e+01 1.909e+01 1.845e+01 1.884e+01 1.935e+01 1.979e+01 
4.491e+01 4.521e+01 4.646e+01 4.939e+01 4.995e+01 4.642e+01 4.138e+01 3.623e+01 3.206e+01 2.700e+01 2.172e+01 1.863e+01 1.794e+01 1.828e+01 1.877e+01 1.920e+01 
4.323e+01 4.350e+01 4.466e+01 4.746e+01 4.816e+01 4.489e+01 4.009e+01 3.515e+01 3.118e+01 2.635e+01 2.118e+01 1.806e+01 1.729e+01 1.759e+01 1.804e+01 1.845e+01 
4.113e+01 4.137e+01 4.240e+01 4.503e+01 4.588e+01 4.294e+01 3.846e+01 3.378e+01 3.008e+01 2.553e+01 2.049e+01 1.736e+01 1.650e+01 1.673e+01 1.714e+01 1.752e+01 
3.862e+01 3.883e+01 3.973e+01 4.213e+01 4.312e+01 4.056e+01 3.647e+01 3.212e+01 2.873e+01 2.454e+01 1.969e+01 1.654e+01 1.557e+01 1.572e+01 1.607e+01 1.641e+01 
3.577e+01 3.595e+01 3.671e+01 3.882e+01 3.987e+01 3.776e+01 3.415e+01 3.020e+01 2.718e+01 2.342e+01 1.878e+01 1.562e+01 1.453e+01 1.459e+01 1.487e+01 1.517e+01 
3.577e+01 3.595e+01 3.671e+01 3.882e+01 3.987e+01 3.776e+01 3.415e+01 3.020e+01 2.718e+01 2.342e+01 1.878e+01 1.562e+01 1.453e+01 1.459e+01 1.487e+01 1.517e+01 
3.289e+01 3.304e+01 3.371e+01 3.551e+01 3.647e+01 3.476e+01 3.166e+01 2.815e+01 2.553e+01 2.223e+01 1.785e+01 1.470e+01 1.348e+01 1.344e+01 1.365e+01 1.390e+01 
3.043e+01 3.057e+01 3.118e+01 3.275e+01 3.343e+01 3.194e+01 2.930e+01 2.619e+01 2.393e+01 2.109e+01 1.698e+01 1.385e+01 1.253e+01 1.239e+01 1.254e+01 1.273e+01 
2.866e+01 2.881e+01 2.943e+01 3.090e+01 3.127e+01 2.974e+01 2.736e+01 2.451e+01 2.252e+01 2.009e+01 1.626e+01 1.316e+01 1.176e+01 1.154e+01 1.163e+01 1.178e+01 
2.779e+01 2.795e+01 2.861e+01 3.011e+01 3.030e+01 2.858e+01 2.621e+01 2.341e+01 2.156e+01 1.945e+01 1.583e+01 1.278e+01 1.133e+01 1.105e+01 1.111e+01 1.124e+01 
2.779e+01 2.795e+01 2.861e+01 3.011e+01 3.030e+01 2.858e+01 2.621e+01 2.341e+01 2.156e+01 1.945e+01 1.583e+01 1.278e+01 1.133e+01 1.105e+01 1.111e+01 1.124e+01 
2.688e+01 2.704e+01 2.772e+01 2.925e+01 2.940e+01 2.757e+01 2.513e+01 2.232e+01 2.052e+01 1.871e+01 1.534e+01 1.234e+01 1.086e+01 1.054e+01 1.056e+01 1.067e+01 
2.619e+01 2.636e+01 2.705e+01 2.859e+01 2.875e+01 2.687e+01 2.437e+01 2.151e+01 1.970e+01 1.812e+01 1.494e+01 1.200e+01 1.051e+01 1.015e+01 1.016e+01 1.024e+01 
2.563e+01 2.580e+01 2.650e+01 2.804e+01 2.819e+01 2.631e+01 2.380e+01 2.091e+01 1.907e+01 1.765e+01 1.464e+01 1.174e+01 1.023e+01 9.851e+00 9.845e+00 9.917e+00 
2.517e+01 2.533e+01 2.602e+01 2.755e+01 2.771e+01 2.585e+01 2.336e+01 2.048e+01 1.863e+01 1.730e+01 1.440e+01 1.155e+01 1.003e+01 9.631e+00 9.614e+00 9.677e+00 
2.517e+01 2.533e+01 2.602e+01 2.755e+01 2.771e+01 2.585e+01 2.336e+01 2.048e+01 1.863e+01 1.730e+01 1.440e+01 1.155e+01 1.003e+01 9.631e+00 9.614e+00 9.677e+00 
2.477e+01 2.494e+01 2.561e+01 2.712e+01 2.728e+01 2.545e+01 2.298e+01 2.013e+01 1.828e+01 1.701e+01 1.420e+01 1.138e+01 9.850e+00 9.441e+00 9.417e+00 9.473e+00 
2.441e+01 2.457e+01 2.524e+01 2.673e+01 2.689e+01 2.508e+01 2.265e+01 1.983e+01 1.799e+01 1.677e+01 1.404e+01 1.124e+01 9.705e+00 9.285e+00 9.254e+00 9.303e+00 
2.407e+01 2.423e+01 2.489e+01 2.635e+01 2.652e+01 2.474e+01 2.235e+01 1.956e+01 1.772e+01 1.655e+01 1.388e+01 1.111e+01 9.572e+00 9.142e+00 9.104e+00 9.148e+00 
2.375e+01 2.391e+01 2.456e+01 2.601e+01 2.618e+01 2.442e+01 2.206e+01 1.930e+01 1.747e+01 1.634e+01 1.373e+01 1.098e+01 9.435e+00 8.994e+00 8.951e+00 8.990e+00 
2.341e+01 2.357e+01 2.420e+01 2.565e+01 2.583e+01 2.409e+01 2.177e+01 1.905e+01 1.723e+01 1.614e+01 1.358e+01 1.084e+01 9.301e+00 8.852e+00 8.803e+00 8.838e+00 
2.341e+01 2.357e+01 2.420e+01 2.565e+01 2.583e+01 2.409e+01 2.177e+01 1.905e+01 1.723e+01 1.614e+01 1.358e+01 1.084e+01 9.301e+00 8.852e+00 8.803e+00 8.838e+00 
2.318e+01 2.334e+01 2.397e+01 2.540e+01 2.557e+01 2.385e+01 2.155e+01 1.884e+01 1.703e+01 1.596e+01 1.345e+01 1.074e+01 9.190e+00 8.733e+00 8.681e+00 8.711e+00 
2.294e+01 2.309e+01 2.372e+01 2.512e+01 2.530e+01 2.360e+01 2.133e+01 1.865e+01 1.684e+01 1.580e+01 1.333e+01 1.064e+01 9.089e+00 8.625e+00 8.568e+00 8.595e+00 
2.270e+01 2.285e+01 2.347e+01 2.487e+01 2.504e+01 2.336e+01 2.111e+01 1.845e+01 1.664e+01 1.562e+01 1.320e+01 1.053e+01 8.978e+00 8.505e+00 8.445e+00 8.468e+00 
2.249e+01 2.263e+01 2.324e+01 2.463e+01 2.482e+01 2.316e+01 2.093e+01 1.829e+01 1.648e+01 1.548e+01 1.309e+01 1.042e+01 8.874e+00 8.396e+00 8.333e+00 8.354e+00 
2.232e+01 2.247e+01 2.308e+01 2.446e+01 2.465e+01 2.300e+01 2.079e+01 1.816e+01 1.635e+01 1.536e+01 1.300e+01 1.035e+01 8.800e+00 8.318e+00 8.253e+00 8.272e+00 
2.232e+01 2.247e+01 2.308e+01 2.446e+01 2.465e+01 2.300e+01 2.079e+01 1.816e+01 1.635e+01 1.536e+01 1.300e+01 1.035e+01 8.800e+00 8.318e+00 8.253e+00 8.272e+00 
2.216e+01 2.230e+01 2.291e+01 2.428e+01 2.447e+01 2.283e+01 2.064e+01 1.803e+01 1.622e+01 1.524e+01 1.291e+01 1.027e+01 8.718e+00 8.231e+00 8.164e+00 8.180e+00 
2.200e+01 2.215e+01 2.275e+01 2.411e+01 2.430e+01 2.268e+01 2.050e+01 1.791e+01 1.610e+01 1.513e+01 1.282e+01 1.019e+01 8.640e+00 8.149e+00 8.080e+00 8.094e+00 
2.193e+01 2.208e+01 2.268e+01 2.404e+01 2.423e+01 2.260e+01 2.043e+01 1.784e+01 1.603e+01 1.507e+01 1.277e+01 1.014e+01 8.592e+00 8.099e+00 8.029e+00 8.043e+00 
2.187e+01 2.201e+01 2.261e+01 2.397e+01 2.416e+01 2.254e+01 2.037e+01 1.778e+01 1.598e+01 1.501e+01 1.272e+01 1.010e+01 8.550e+00 8.055e+00 7.985e+00 7.998e+00 
2.184e+01 2.198e+01 2.258e+01 2.395e+01 2.414e+01 2.252e+01 2.035e+01 1.776e+01 1.596e+01 1.499e+01 1.270e+01 1.008e+01 8.531e+00 8.036e+00 7.965e+00 7.978e+00 
