4.749e+01 4.786e+01 4.934e+01 5.241e+01 5.243e+01 4.837e+01 4.291e+01 3.739e+01 3.290e+01 2.758e+01 2.220e+01 1.915e+01 1.854e+01 1.895e+01 1.948e+01 1.993e+01 
4.750e+01 4.787e+01 4.935e+01 5.242e+01 5.244e+01 4.838e+01 4.292e+01 3.740e+01 3.290e+01 2.758e+01 2.220e+01 1.915e+01 1.854e+01 1.895e+01 1.948e+01 1.993e+01 
4.750e+01 4.787e+01 4.935e+01 5.242e+01 5.244e+01 4.838e+01 4.292e+01 3.740e+01 3.290e+01 2.758e+01 2.220e+01 1.915e+01 1.854e+01 1.895e+01 1.948e+01 1.993e+01 
4.752e+01 4.789e+01 4.937e+01 5.244e+01 5.246e+01 4.840e+01 4.293e+01 3.741e+01 3.291e+01 2.758e+01 2.221e+01 1.916e+01 1.855e+01 1.896e+01 1.948e+01 1.994e+01 
4.752e+01 4.789e+01 4.937e+01 5.244e+01 5.246e+01 4.840e+01 4.293e+01 3.741e+01 3.291e+01 2.758e+01 2.221e+01 1.916e+01 1.855e+01 1.896e+01 1.948e+01 1.994e+01 
4.754e+01 4.790e+01 4.938e+01 5.245e+01 5.247e+01 4.841e+01 4.294e+01 3.741e+01 3.292e+01 2.759e+01 2.221e+01 1.916e+01 1.855e+01 1.896e+01 1.949e+01 1.994e+01 
4.754e+01 4.790e+01 4.938e+01 5.245e+01 5.247e+01 4.841e+01 4.294e+01 3.741e+01 3.292e+01 2.759e+01 2.221e+01 1.916e+01 1.855e+01 1.896e+01 1.949e+01 1.994e+01 
4.753e+01 4.790e+01 4.938e+01 5.245e+01 5.248e+01 4.841e+01 4.294e+01 3.742e+01 3.292e+01 2.758e+01 2.221e+01 1.916e+01 1.855e+01 1.896e+01 1.949e+01 1.994e+01 
4.753e+01 4.790e+01 4.938e+01 5.245e+01 5.248e+01 4.841e+01 4.294e+01 3.742e+01 3.292e+01 2.758e+01 2.221e+01 1.916e+01 1.855e+01 1.896e+01 1.949e+01 1.994e+01 
4.754e+01 4.791e+01 4.939e+01 5.246e+01 5.249e+01 4.842e+01 4.295e+01 3.742e+01 3.293e+01 2.759e+01 2.221e+01 1.916e+01 1.855e+01 1.896e+01 1.949e+01 1.994e+01 
4.753e+01 4.790e+01 4.938e+01 5.245e+01 5.248e+01 4.841e+01 4.295e+01 3.742e+01 3.292e+01 2.758e+01 2.221e+01 1.915e+01 1.854e+01 1.896e+01 1.949e+01 1.994e+01 
4.753e+01 4.790e+01 4.938e+01 5.245e+01 5.248e+01 4.841e+01 4.295e+01 3.742e+01 3.292e+01 2.758e+01 2.221e+01 1.915e+01 1.854e+01 1.896e+01 1.949e+01 1.994e+01 
4.802e+01 4.839e+01 4.989e+01 5.299e+01 5.301e+01 4.890e+01 4.338e+01 3.781e+01 3.326e+01 2.785e+01 2.244e+01 1.939e+01 1.881e+01 1.924e+01 1.978e+01 2.024e+01 
4.802e+01 4.839e+01 4.989e+01 5.299e+01 5.301e+01 4.890e+01 4.338e+01 3.781e+01 3.326e+01 2.785e+01 2.244e+01 1.939e+01 1.881e+01 1.924e+01 1.978e+01 2.024e+01 
4.801e+01 4.838e+01 4.988e+01 5.298e+01 5.301e+01 4.889e+01 4.338e+01 3.781e+01 3.326e+01 2.785e+01 2.243e+01 1.939e+01 1.880e+01 1.923e+01 1.977e+01 2.023e+01 
4.799e+01 4.836e+01 4.986e+01 5.296e+01 5.299e+01 4.888e+01 4.337e+01 3.780e+01 3.325e+01 2.784e+01 2.243e+01 1.938e+01 1.880e+01 1.922e+01 1.976e+01 2.022e+01 
4.799e+01 4.836e+01 4.986e+01 5.296e+01 5.299e+01 4.888e+01 4.337e+01 3.780e+01 3.325e+01 2.784e+01 2.243e+01 1.938e+01 1.880e+01 1.922e+01 1.976e+01 2.022e+01 
4.796e+01 4.833e+01 4.983e+01 5.293e+01 5.297e+01 4.886e+01 4.335e+01 3.778e+01 3.324e+01 2.783e+01 2.242e+01 1.937e+01 1.879e+01 1.922e+01 1.975e+01 2.021e+01 
4.792e+01 4.828e+01 4.977e+01 5.288e+01 5.292e+01 4.882e+01 4.332e+01 3.775e+01 3.321e+01 2.781e+01 2.240e+01 1.935e+01 1.877e+01 1.920e+01 1.973e+01 2.019e+01 
4.787e+01 4.824e+01 4.972e+01 5.282e+01 5.287e+01 4.878e+01 4.328e+01 3.773e+01 3.319e+01 2.779e+01 2.239e+01 1.934e+01 1.875e+01 1.917e+01 1.971e+01 2.017e+01 
4.779e+01 4.815e+01 4.963e+01 5.273e+01 5.279e+01 4.871e+01 4.323e+01 3.768e+01 3.315e+01 2.776e+01 2.236e+01 1.931e+01 1.872e+01 1.914e+01 1.968e+01 2.013e+01 
4.779e+01 4.815e+01 4.963e+01 5.273e+01 5.279e+01 4.871e+01 4.323e+01 3.768e+01 3.315e+01 2.776e+01 2.236e+01 1.931e+01 1.872e+01 1.914e+01 1.968e+01 2.013e+01 
4.766e+01 4.802e+01 4.949e+01 5.258e+01 5.266e+01 4.860e+01 4.313e+01 3.760e+01 3.308e+01 2.771e+01 2.231e+01 1.926e+01 1.867e+01 1.909e+01 1.962e+01 2.008e+01 
4.750e+01 4.786e+01 4.932e+01 5.240e+01 5.250e+01 4.847e+01 4.301e+01 3.750e+01 3.300e+01 2.765e+01 2.226e+01 1.921e+01 1.860e+01 1.902e+01 1.955e+01 2.001e+01 
4.726e+01 4.762e+01 4.906e+01 5.214e+01 5.226e+01 4.826e+01 4.285e+01 3.736e+01 3.288e+01 2.756e+01 2.218e+01 1.913e+01 1.851e+01 1.892e+01 1.945e+01 1.990e+01 
4.695e+01 4.730e+01 4.872e+01 5.178e+01 5.194e+01 4.799e+01 4.262e+01 3.717e+01 3.273e+01 2.744e+01 2.208e+01 1.902e+01 1.839e+01 1.879e+01 1.931e+01 1.976e+01 
4.695e+01 4.730e+01 4.872e+01 5.178e+01 5.194e+01 4.799e+01 4.262e+01 3.717e+01 3.273e+01 2.744e+01 2.208e+01 1.902e+01 1.839e+01 1.879e+01 1.931e+01 1.976e+01 
4.652e+01 4.686e+01 4.826e+01 5.130e+01 5.150e+01 4.762e+01 4.230e+01 3.690e+01 3.251e+01 2.728e+01 2.194e+01 1.887e+01 1.823e+01 1.862e+01 1.913e+01 1.957e+01 
4.595e+01 4.628e+01 4.765e+01 5.064e+01 5.091e+01 4.712e+01 4.188e+01 3.654e+01 3.222e+01 2.706e+01 2.176e+01 1.868e+01 1.801e+01 1.838e+01 1.888e+01 1.932e+01 
4.519e+01 4.550e+01 4.682e+01 4.977e+01 5.012e+01 4.645e+01 4.131e+01 3.607e+01 3.183e+01 2.677e+01 2.151e+01 1.842e+01 1.772e+01 1.807e+01 1.856e+01 1.899e+01 
4.469e+01 4.500e+01 4.627e+01 4.919e+01 4.964e+01 4.606e+01 4.101e+01 3.584e+01 3.167e+01 2.667e+01 2.143e+01 1.833e+01 1.762e+01 1.795e+01 1.843e+01 1.885e+01 
4.469e+01 4.500e+01 4.627e+01 4.919e+01 4.964e+01 4.606e+01 4.101e+01 3.584e+01 3.167e+01 2.667e+01 2.143e+01 1.833e+01 1.762e+01 1.795e+01 1.843e+01 1.885e+01 
4.339e+01 4.368e+01 4.487e+01 4.770e+01 4.826e+01 4.488e+01 4.002e+01 3.500e+01 3.099e+01 2.616e+01 2.100e+01 1.789e+01 1.712e+01 1.742e+01 1.787e+01 1.827e+01 
4.174e+01 4.201e+01 4.311e+01 4.581e+01 4.651e+01 4.338e+01 3.876e+01 3.394e+01 3.013e+01 2.552e+01 2.047e+01 1.734e+01 1.650e+01 1.674e+01 1.716e+01 1.754e+01 
3.969e+01 3.993e+01 4.091e+01 4.344e+01 4.428e+01 4.148e+01 3.717e+01 3.262e+01 2.905e+01 2.472e+01 1.981e+01 1.667e+01 1.574e+01 1.592e+01 1.629e+01 1.665e+01 
3.725e+01 3.745e+01 3.831e+01 4.061e+01 4.159e+01 3.916e+01 3.523e+01 3.101e+01 2.774e+01 2.376e+01 1.902e+01 1.588e+01 1.484e+01 1.495e+01 1.527e+01 1.559e+01 
3.450e+01 3.467e+01 3.540e+01 3.741e+01 3.844e+01 3.644e+01 3.298e+01 2.916e+01 2.624e+01 2.267e+01 1.816e+01 1.501e+01 1.386e+01 1.387e+01 1.413e+01 1.441e+01 
3.450e+01 3.467e+01 3.540e+01 3.741e+01 3.844e+01 3.644e+01 3.298e+01 2.916e+01 2.624e+01 2.267e+01 1.816e+01 1.501e+01 1.386e+01 1.387e+01 1.413e+01 1.441e+01 
3.173e+01 3.188e+01 3.251e+01 3.423e+01 3.517e+01 3.355e+01 3.059e+01 2.719e+01 2.465e+01 2.152e+01 1.726e+01 1.413e+01 1.287e+01 1.278e+01 1.297e+01 1.320e+01 
2.935e+01 2.948e+01 3.007e+01 3.156e+01 3.222e+01 3.082e+01 2.831e+01 2.530e+01 2.311e+01 2.041e+01 1.643e+01 1.333e+01 1.197e+01 1.178e+01 1.191e+01 1.209e+01 
2.766e+01 2.780e+01 2.840e+01 2.981e+01 3.017e+01 2.871e+01 2.645e+01 2.370e+01 2.176e+01 1.945e+01 1.573e+01 1.267e+01 1.123e+01 1.097e+01 1.105e+01 1.119e+01 
2.650e+01 2.664e+01 2.727e+01 2.869e+01 2.888e+01 2.726e+01 2.504e+01 2.238e+01 2.059e+01 1.862e+01 1.515e+01 1.214e+01 1.066e+01 1.034e+01 1.038e+01 1.048e+01 
2.568e+01 2.584e+01 2.649e+01 2.795e+01 2.810e+01 2.635e+01 2.405e+01 2.135e+01 1.959e+01 1.790e+01 1.467e+01 1.172e+01 1.021e+01 9.848e+00 9.857e+00 9.941e+00 
2.568e+01 2.584e+01 2.649e+01 2.795e+01 2.810e+01 2.635e+01 2.405e+01 2.135e+01 1.959e+01 1.790e+01 1.467e+01 1.172e+01 1.021e+01 9.848e+00 9.857e+00 9.941e+00 
2.502e+01 2.518e+01 2.584e+01 2.730e+01 2.744e+01 2.565e+01 2.330e+01 2.056e+01 1.880e+01 1.733e+01 1.430e+01 1.141e+01 9.878e+00 9.483e+00 9.473e+00 9.540e+00 
2.448e+01 2.465e+01 2.530e+01 2.678e+01 2.693e+01 2.514e+01 2.276e+01 1.999e+01 1.820e+01 1.686e+01 1.399e+01 1.115e+01 9.613e+00 9.196e+00 9.173e+00 9.228e+00 
2.407e+01 2.423e+01 2.489e+01 2.634e+01 2.649e+01 2.471e+01 2.234e+01 1.958e+01 1.778e+01 1.653e+01 1.377e+01 1.096e+01 9.417e+00 8.986e+00 8.953e+00 9.000e+00 
2.372e+01 2.388e+01 2.453e+01 2.597e+01 2.611e+01 2.435e+01 2.201e+01 1.927e+01 1.746e+01 1.626e+01 1.358e+01 1.081e+01 9.261e+00 8.817e+00 8.777e+00 8.818e+00 
2.336e+01 2.351e+01 2.416e+01 2.558e+01 2.572e+01 2.398e+01 2.167e+01 1.896e+01 1.716e+01 1.601e+01 1.340e+01 1.066e+01 9.107e+00 8.651e+00 8.605e+00 8.641e+00 
2.302e+01 2.317e+01 2.380e+01 2.522e+01 2.537e+01 2.366e+01 2.139e+01 1.871e+01 1.691e+01 1.579e+01 1.325e+01 1.052e+01 8.971e+00 8.507e+00 8.455e+00 8.485e+00 
2.302e+01 2.317e+01 2.380e+01 2.522e+01 2.537e+01 2.366e+01 2.139e+01 1.871e+01 1.691e+01 1.579e+01 1.325e+01 1.052e+01 8.971e+00 8.507e+00 8.455e+00 8.485e+00 
2.270e+01 2.285e+01 2.347e+01 2.487e+01 2.503e+01 2.335e+01 2.110e+01 1.845e+01 1.666e+01 1.558e+01 1.310e+01 1.039e+01 8.835e+00 8.360e+00 8.304e+00 8.330e+00 
2.247e+01 2.262e+01 2.324e+01 2.461e+01 2.475e+01 2.308e+01 2.086e+01 1.823e+01 1.644e+01 1.540e+01 1.296e+01 1.027e+01 8.717e+00 8.234e+00 8.173e+00 8.195e+00 
2.218e+01 2.233e+01 2.295e+01 2.430e+01 2.445e+01 2.281e+01 2.062e+01 1.802e+01 1.623e+01 1.521e+01 1.282e+01 1.015e+01 8.593e+00 8.102e+00 8.038e+00 8.056e+00 
2.193e+01 2.208e+01 2.269e+01 2.404e+01 2.419e+01 2.257e+01 2.040e+01 1.783e+01 1.605e+01 1.505e+01 1.270e+01 1.005e+01 8.491e+00 7.993e+00 7.925e+00 7.940e+00 
2.173e+01 2.188e+01 2.248e+01 2.383e+01 2.398e+01 2.236e+01 2.021e+01 1.765e+01 1.587e+01 1.489e+01 1.257e+01 9.944e+00 8.384e+00 7.879e+00 7.808e+00 7.821e+00 
2.154e+01 2.169e+01 2.229e+01 2.362e+01 2.378e+01 2.218e+01 2.004e+01 1.749e+01 1.571e+01 1.473e+01 1.245e+01 9.832e+00 8.273e+00 7.762e+00 7.690e+00 7.700e+00 
2.154e+01 2.169e+01 2.229e+01 2.362e+01 2.378e+01 2.218e+01 2.004e+01 1.749e+01 1.571e+01 1.473e+01 1.245e+01 9.832e+00 8.273e+00 7.762e+00 7.690e+00 7.700e+00 
2.139e+01 2.153e+01 2.213e+01 2.345e+01 2.361e+01 2.202e+01 1.990e+01 1.737e+01 1.558e+01 1.461e+01 1.235e+01 9.746e+00 8.188e+00 7.673e+00 7.599e+00 7.608e+00 
2.122e+01 2.137e+01 2.196e+01 2.327e+01 2.343e+01 2.185e+01 1.976e+01 1.723e+01 1.545e+01 1.450e+01 1.226e+01 9.664e+00 8.103e+00 7.584e+00 7.508e+00 7.515e+00 
2.113e+01 2.127e+01 2.185e+01 2.317e+01 2.334e+01 2.177e+01 1.967e+01 1.715e+01 1.535e+01 1.439e+01 1.218e+01 9.594e+00 8.033e+00 7.510e+00 7.432e+00 7.439e+00 
2.104e+01 2.119e+01 2.178e+01 2.309e+01 2.325e+01 2.168e+01 1.959e+01 1.707e+01 1.527e+01 1.431e+01 1.211e+01 9.528e+00 7.967e+00 7.441e+00 7.363e+00 7.369e+00 
2.098e+01 2.112e+01 2.170e+01 2.301e+01 2.317e+01 2.161e+01 1.953e+01 1.702e+01 1.522e+01 1.426e+01 1.206e+01 9.482e+00 7.919e+00 7.390e+00 7.312e+00 7.317e+00 
2.098e+01 2.112e+01 2.171e+01 2.302e+01 2.318e+01 2.161e+01 1.952e+01 1.701e+01 1.520e+01 1.424e+01 1.205e+01 9.470e+00 7.905e+00 7.376e+00 7.298e+00 7.303e+00 
