4.564e+01 4.599e+01 4.741e+01 5.035e+01 5.037e+01 4.648e+01 4.124e+01 3.588e+01 3.159e+01 2.655e+01 2.131e+01 1.824e+01 1.753e+01 1.788e+01 1.836e+01 1.878e+01 
4.564e+01 4.599e+01 4.741e+01 5.035e+01 5.038e+01 4.649e+01 4.124e+01 3.589e+01 3.159e+01 2.655e+01 2.131e+01 1.824e+01 1.753e+01 1.788e+01 1.836e+01 1.878e+01 
4.564e+01 4.599e+01 4.741e+01 5.035e+01 5.038e+01 4.649e+01 4.124e+01 3.589e+01 3.159e+01 2.655e+01 2.131e+01 1.824e+01 1.753e+01 1.788e+01 1.836e+01 1.878e+01 
4.611e+01 4.647e+01 4.790e+01 5.087e+01 5.089e+01 4.696e+01 4.166e+01 3.626e+01 3.192e+01 2.680e+01 2.153e+01 1.846e+01 1.778e+01 1.814e+01 1.863e+01 1.906e+01 
4.611e+01 4.647e+01 4.790e+01 5.087e+01 5.089e+01 4.696e+01 4.166e+01 3.626e+01 3.192e+01 2.680e+01 2.153e+01 1.846e+01 1.778e+01 1.814e+01 1.863e+01 1.906e+01 
4.612e+01 4.648e+01 4.791e+01 5.089e+01 5.091e+01 4.697e+01 4.167e+01 3.627e+01 3.193e+01 2.681e+01 2.154e+01 1.846e+01 1.778e+01 1.815e+01 1.864e+01 1.907e+01 
4.612e+01 4.648e+01 4.791e+01 5.089e+01 5.091e+01 4.697e+01 4.167e+01 3.627e+01 3.193e+01 2.681e+01 2.154e+01 1.846e+01 1.778e+01 1.815e+01 1.864e+01 1.907e+01 
4.614e+01 4.650e+01 4.793e+01 5.090e+01 5.092e+01 4.698e+01 4.168e+01 3.628e+01 3.193e+01 2.681e+01 2.154e+01 1.846e+01 1.778e+01 1.815e+01 1.864e+01 1.907e+01 
4.614e+01 4.650e+01 4.793e+01 5.090e+01 5.092e+01 4.698e+01 4.168e+01 3.628e+01 3.193e+01 2.681e+01 2.154e+01 1.846e+01 1.778e+01 1.815e+01 1.864e+01 1.907e+01 
4.613e+01 4.649e+01 4.792e+01 5.090e+01 5.092e+01 4.698e+01 4.168e+01 3.628e+01 3.193e+01 2.681e+01 2.154e+01 1.846e+01 1.778e+01 1.815e+01 1.864e+01 1.907e+01 
4.614e+01 4.650e+01 4.793e+01 5.091e+01 5.093e+01 4.699e+01 4.169e+01 3.629e+01 3.194e+01 2.681e+01 2.154e+01 1.846e+01 1.778e+01 1.815e+01 1.864e+01 1.908e+01 
4.614e+01 4.650e+01 4.793e+01 5.091e+01 5.093e+01 4.699e+01 4.169e+01 3.629e+01 3.194e+01 2.681e+01 2.154e+01 1.846e+01 1.778e+01 1.815e+01 1.864e+01 1.908e+01 
4.613e+01 4.649e+01 4.792e+01 5.089e+01 5.092e+01 4.699e+01 4.168e+01 3.628e+01 3.193e+01 2.680e+01 2.153e+01 1.846e+01 1.778e+01 1.814e+01 1.864e+01 1.907e+01 
4.613e+01 4.649e+01 4.792e+01 5.089e+01 5.092e+01 4.699e+01 4.168e+01 3.628e+01 3.193e+01 2.680e+01 2.153e+01 1.846e+01 1.778e+01 1.814e+01 1.864e+01 1.907e+01 
4.613e+01 4.649e+01 4.792e+01 5.090e+01 5.092e+01 4.699e+01 4.168e+01 3.628e+01 3.193e+01 2.680e+01 2.153e+01 1.846e+01 1.778e+01 1.814e+01 1.864e+01 1.907e+01 
4.612e+01 4.648e+01 4.791e+01 5.088e+01 5.091e+01 4.698e+01 4.168e+01 3.627e+01 3.192e+01 2.680e+01 2.152e+01 1.845e+01 1.777e+01 1.813e+01 1.863e+01 1.906e+01 
4.612e+01 4.648e+01 4.791e+01 5.088e+01 5.091e+01 4.698e+01 4.168e+01 3.627e+01 3.192e+01 2.680e+01 2.152e+01 1.845e+01 1.777e+01 1.813e+01 1.863e+01 1.906e+01 
4.657e+01 4.693e+01 4.838e+01 5.138e+01 5.141e+01 4.743e+01 4.208e+01 3.664e+01 3.224e+01 2.704e+01 2.174e+01 1.867e+01 1.801e+01 1.839e+01 1.890e+01 1.934e+01 
4.654e+01 4.689e+01 4.834e+01 5.135e+01 5.138e+01 4.741e+01 4.206e+01 3.663e+01 3.223e+01 2.704e+01 2.173e+01 1.866e+01 1.800e+01 1.838e+01 1.889e+01 1.933e+01 
4.649e+01 4.684e+01 4.828e+01 5.129e+01 5.133e+01 4.736e+01 4.202e+01 3.659e+01 3.220e+01 2.701e+01 2.171e+01 1.864e+01 1.798e+01 1.836e+01 1.886e+01 1.930e+01 
4.644e+01 4.679e+01 4.823e+01 5.123e+01 5.129e+01 4.732e+01 4.199e+01 3.656e+01 3.218e+01 2.699e+01 2.169e+01 1.862e+01 1.796e+01 1.834e+01 1.884e+01 1.928e+01 
4.644e+01 4.679e+01 4.823e+01 5.123e+01 5.129e+01 4.732e+01 4.199e+01 3.656e+01 3.218e+01 2.699e+01 2.169e+01 1.862e+01 1.796e+01 1.834e+01 1.884e+01 1.928e+01 
4.636e+01 4.671e+01 4.814e+01 5.114e+01 5.121e+01 4.726e+01 4.194e+01 3.652e+01 3.214e+01 2.697e+01 2.167e+01 1.860e+01 1.793e+01 1.831e+01 1.881e+01 1.925e+01 
4.623e+01 4.658e+01 4.800e+01 5.099e+01 5.107e+01 4.715e+01 4.184e+01 3.644e+01 3.207e+01 2.692e+01 2.162e+01 1.855e+01 1.788e+01 1.825e+01 1.875e+01 1.919e+01 
4.607e+01 4.642e+01 4.783e+01 5.081e+01 5.091e+01 4.701e+01 4.173e+01 3.634e+01 3.199e+01 2.686e+01 2.157e+01 1.850e+01 1.782e+01 1.819e+01 1.869e+01 1.912e+01 
4.584e+01 4.618e+01 4.757e+01 5.055e+01 5.068e+01 4.681e+01 4.156e+01 3.620e+01 3.188e+01 2.676e+01 2.150e+01 1.842e+01 1.773e+01 1.809e+01 1.858e+01 1.902e+01 
4.584e+01 4.618e+01 4.757e+01 5.055e+01 5.068e+01 4.681e+01 4.156e+01 3.620e+01 3.188e+01 2.676e+01 2.150e+01 1.842e+01 1.773e+01 1.809e+01 1.858e+01 1.902e+01 
4.552e+01 4.587e+01 4.724e+01 5.020e+01 5.036e+01 4.655e+01 4.133e+01 3.601e+01 3.172e+01 2.665e+01 2.140e+01 1.831e+01 1.762e+01 1.797e+01 1.845e+01 1.888e+01 
4.511e+01 4.543e+01 4.678e+01 4.972e+01 4.993e+01 4.617e+01 4.102e+01 3.574e+01 3.150e+01 2.649e+01 2.126e+01 1.817e+01 1.745e+01 1.779e+01 1.827e+01 1.870e+01 
4.455e+01 4.486e+01 4.618e+01 4.908e+01 4.935e+01 4.569e+01 4.061e+01 3.540e+01 3.122e+01 2.627e+01 2.108e+01 1.798e+01 1.724e+01 1.757e+01 1.804e+01 1.845e+01 
4.380e+01 4.411e+01 4.538e+01 4.823e+01 4.858e+01 4.503e+01 4.006e+01 3.493e+01 3.084e+01 2.599e+01 2.084e+01 1.774e+01 1.697e+01 1.727e+01 1.772e+01 1.813e+01 
4.283e+01 4.312e+01 4.433e+01 4.713e+01 4.757e+01 4.416e+01 3.933e+01 3.432e+01 3.034e+01 2.561e+01 2.052e+01 1.741e+01 1.660e+01 1.687e+01 1.731e+01 1.770e+01 
4.157e+01 4.184e+01 4.298e+01 4.568e+01 4.623e+01 4.302e+01 3.837e+01 3.352e+01 2.968e+01 2.512e+01 2.011e+01 1.699e+01 1.613e+01 1.636e+01 1.677e+01 1.715e+01 
4.157e+01 4.184e+01 4.298e+01 4.568e+01 4.623e+01 4.302e+01 3.837e+01 3.352e+01 2.968e+01 2.512e+01 2.011e+01 1.699e+01 1.613e+01 1.636e+01 1.677e+01 1.715e+01 
3.998e+01 4.022e+01 4.127e+01 4.385e+01 4.454e+01 4.157e+01 3.716e+01 3.250e+01 2.885e+01 2.450e+01 1.960e+01 1.647e+01 1.554e+01 1.573e+01 1.611e+01 1.646e+01 
3.799e+01 3.821e+01 3.915e+01 4.156e+01 4.238e+01 3.973e+01 3.562e+01 3.122e+01 2.780e+01 2.373e+01 1.897e+01 1.584e+01 1.482e+01 1.495e+01 1.528e+01 1.561e+01 
3.564e+01 3.582e+01 3.664e+01 3.883e+01 3.978e+01 3.749e+01 3.376e+01 2.968e+01 2.655e+01 2.280e+01 1.823e+01 1.509e+01 1.398e+01 1.403e+01 1.431e+01 1.461e+01 
3.333e+01 3.350e+01 3.420e+01 3.614e+01 3.715e+01 3.524e+01 3.192e+01 2.820e+01 2.537e+01 2.196e+01 1.757e+01 1.444e+01 1.324e+01 1.321e+01 1.345e+01 1.370e+01 
3.064e+01 3.078e+01 3.138e+01 3.303e+01 3.395e+01 3.242e+01 2.960e+01 2.630e+01 2.383e+01 2.084e+01 1.671e+01 1.360e+01 1.229e+01 1.217e+01 1.234e+01 1.255e+01 
2.834e+01 2.847e+01 2.903e+01 3.045e+01 3.109e+01 2.977e+01 2.738e+01 2.447e+01 2.234e+01 1.977e+01 1.591e+01 1.283e+01 1.144e+01 1.122e+01 1.132e+01 1.149e+01 
2.834e+01 2.847e+01 2.903e+01 3.045e+01 3.109e+01 2.977e+01 2.738e+01 2.447e+01 2.234e+01 1.977e+01 1.591e+01 1.283e+01 1.144e+01 1.122e+01 1.132e+01 1.149e+01 
2.669e+01 2.683e+01 2.740e+01 2.875e+01 2.909e+01 2.771e+01 2.557e+01 2.292e+01 2.103e+01 1.883e+01 1.522e+01 1.219e+01 1.073e+01 1.044e+01 1.050e+01 1.062e+01 
2.559e+01 2.574e+01 2.634e+01 2.771e+01 2.788e+01 2.633e+01 2.422e+01 2.164e+01 1.989e+01 1.801e+01 1.466e+01 1.169e+01 1.018e+01 9.832e+00 9.853e+00 9.946e+00 
2.481e+01 2.496e+01 2.559e+01 2.699e+01 2.712e+01 2.545e+01 2.325e+01 2.065e+01 1.894e+01 1.732e+01 1.420e+01 1.129e+01 9.760e+00 9.368e+00 9.363e+00 9.433e+00 
2.426e+01 2.442e+01 2.507e+01 2.649e+01 2.660e+01 2.486e+01 2.258e+01 1.992e+01 1.819e+01 1.677e+01 1.383e+01 1.098e+01 9.444e+00 9.024e+00 9.002e+00 9.057e+00 
2.378e+01 2.394e+01 2.459e+01 2.602e+01 2.613e+01 2.438e+01 2.208e+01 1.938e+01 1.761e+01 1.632e+01 1.354e+01 1.074e+01 9.194e+00 8.754e+00 8.719e+00 8.764e+00 
2.341e+01 2.357e+01 2.422e+01 2.564e+01 2.576e+01 2.402e+01 2.172e+01 1.902e+01 1.723e+01 1.601e+01 1.334e+01 1.057e+01 9.018e+00 8.563e+00 8.522e+00 8.560e+00 
2.341e+01 2.357e+01 2.422e+01 2.564e+01 2.576e+01 2.402e+01 2.172e+01 1.902e+01 1.723e+01 1.601e+01 1.334e+01 1.057e+01 9.018e+00 8.563e+00 8.522e+00 8.560e+00 
2.307e+01 2.322e+01 2.386e+01 2.528e+01 2.540e+01 2.367e+01 2.140e+01 1.872e+01 1.692e+01 1.574e+01 1.315e+01 1.041e+01 8.859e+00 8.393e+00 8.344e+00 8.377e+00 
2.278e+01 2.293e+01 2.357e+01 2.497e+01 2.507e+01 2.336e+01 2.111e+01 1.845e+01 1.665e+01 1.551e+01 1.298e+01 1.027e+01 8.717e+00 8.241e+00 8.187e+00 8.215e+00 
2.252e+01 2.267e+01 2.331e+01 2.468e+01 2.478e+01 2.309e+01 2.086e+01 1.822e+01 1.641e+01 1.531e+01 1.283e+01 1.015e+01 8.589e+00 8.105e+00 8.047e+00 8.071e+00 
2.228e+01 2.243e+01 2.306e+01 2.443e+01 2.452e+01 2.284e+01 2.063e+01 1.801e+01 1.620e+01 1.512e+01 1.269e+01 1.003e+01 8.470e+00 7.977e+00 7.915e+00 7.936e+00 
2.204e+01 2.219e+01 2.282e+01 2.418e+01 2.428e+01 2.261e+01 2.042e+01 1.781e+01 1.600e+01 1.494e+01 1.256e+01 9.917e+00 8.359e+00 7.859e+00 7.794e+00 7.811e+00 
2.181e+01 2.196e+01 2.258e+01 2.392e+01 2.402e+01 2.237e+01 2.020e+01 1.762e+01 1.581e+01 1.477e+01 1.243e+01 9.804e+00 8.243e+00 7.735e+00 7.667e+00 7.681e+00 
2.160e+01 2.175e+01 2.236e+01 2.370e+01 2.380e+01 2.217e+01 2.003e+01 1.746e+01 1.566e+01 1.463e+01 1.232e+01 9.710e+00 8.152e+00 7.638e+00 7.567e+00 7.579e+00 
2.160e+01 2.175e+01 2.236e+01 2.370e+01 2.380e+01 2.217e+01 2.003e+01 1.746e+01 1.566e+01 1.463e+01 1.232e+01 9.710e+00 8.152e+00 7.638e+00 7.567e+00 7.579e+00 
2.146e+01 2.160e+01 2.221e+01 2.354e+01 2.365e+01 2.203e+01 1.989e+01 1.733e+01 1.552e+01 1.450e+01 1.222e+01 9.620e+00 8.062e+00 7.544e+00 7.471e+00 7.481e+00 
2.133e+01 2.148e+01 2.209e+01 2.342e+01 2.351e+01 2.189e+01 1.976e+01 1.720e+01 1.537e+01 1.436e+01 1.210e+01 9.517e+00 7.958e+00 7.436e+00 7.362e+00 7.371e+00 
2.114e+01 2.128e+01 2.189e+01 2.320e+01 2.332e+01 2.172e+01 1.960e+01 1.706e+01 1.524e+01 1.423e+01 1.200e+01 9.430e+00 7.873e+00 7.346e+00 7.270e+00 7.278e+00 
2.102e+01 2.116e+01 2.176e+01 2.308e+01 2.319e+01 2.160e+01 1.950e+01 1.696e+01 1.514e+01 1.414e+01 1.193e+01 9.358e+00 7.799e+00 7.269e+00 7.192e+00 7.198e+00 
2.092e+01 2.106e+01 2.165e+01 2.296e+01 2.309e+01 2.150e+01 1.941e+01 1.688e+01 1.505e+01 1.405e+01 1.186e+01 9.296e+00 7.737e+00 7.203e+00 7.125e+00 7.131e+00 
2.090e+01 2.104e+01 2.164e+01 2.295e+01 2.307e+01 2.147e+01 1.937e+01 1.684e+01 1.499e+01 1.398e+01 1.180e+01 9.244e+00 7.684e+00 7.148e+00 7.071e+00 7.077e+00 
2.085e+01 2.099e+01 2.159e+01 2.290e+01 2.301e+01 2.142e+01 1.932e+01 1.680e+01 1.496e+01 1.395e+01 1.177e+01 9.212e+00 7.651e+00 7.113e+00 7.035e+00 7.040e+00 
2.084e+01 2.099e+01 2.158e+01 2.289e+01 2.302e+01 2.143e+01 1.934e+01 1.681e+01 1.497e+01 1.396e+01 1.177e+01 9.208e+00 7.645e+00 7.108e+00 7.030e+00 7.036e+00 
