4.386e+01 4.419e+01 4.555e+01 4.837e+01 4.839e+01 4.466e+01 3.963e+01 3.443e+01 3.032e+01 2.555e+01 2.047e+01 1.738e+01 1.658e+01 1.686e+01 1.730e+01 1.770e+01 
4.387e+01 4.420e+01 4.556e+01 4.838e+01 4.840e+01 4.468e+01 3.964e+01 3.444e+01 3.033e+01 2.556e+01 2.047e+01 1.738e+01 1.658e+01 1.687e+01 1.731e+01 1.771e+01 
4.387e+01 4.420e+01 4.556e+01 4.838e+01 4.840e+01 4.468e+01 3.964e+01 3.444e+01 3.033e+01 2.556e+01 2.047e+01 1.738e+01 1.658e+01 1.687e+01 1.731e+01 1.771e+01 
4.387e+01 4.420e+01 4.556e+01 4.838e+01 4.841e+01 4.468e+01 3.964e+01 3.445e+01 3.033e+01 2.556e+01 2.047e+01 1.738e+01 1.658e+01 1.687e+01 1.731e+01 1.771e+01 
4.387e+01 4.420e+01 4.556e+01 4.838e+01 4.841e+01 4.468e+01 3.964e+01 3.445e+01 3.033e+01 2.556e+01 2.047e+01 1.738e+01 1.658e+01 1.687e+01 1.731e+01 1.771e+01 
4.388e+01 4.421e+01 4.557e+01 4.839e+01 4.842e+01 4.468e+01 3.965e+01 3.445e+01 3.033e+01 2.556e+01 2.047e+01 1.738e+01 1.658e+01 1.687e+01 1.731e+01 1.771e+01 
4.388e+01 4.421e+01 4.557e+01 4.839e+01 4.842e+01 4.468e+01 3.965e+01 3.445e+01 3.033e+01 2.556e+01 2.047e+01 1.738e+01 1.658e+01 1.687e+01 1.731e+01 1.771e+01 
4.389e+01 4.423e+01 4.559e+01 4.841e+01 4.843e+01 4.470e+01 3.966e+01 3.446e+01 3.035e+01 2.556e+01 2.048e+01 1.738e+01 1.659e+01 1.687e+01 1.731e+01 1.771e+01 
4.389e+01 4.423e+01 4.559e+01 4.841e+01 4.843e+01 4.470e+01 3.966e+01 3.446e+01 3.035e+01 2.556e+01 2.048e+01 1.738e+01 1.659e+01 1.687e+01 1.731e+01 1.771e+01 
4.390e+01 4.424e+01 4.560e+01 4.842e+01 4.844e+01 4.471e+01 3.967e+01 3.447e+01 3.035e+01 2.556e+01 2.048e+01 1.738e+01 1.659e+01 1.687e+01 1.732e+01 1.772e+01 
4.434e+01 4.468e+01 4.605e+01 4.890e+01 4.893e+01 4.516e+01 4.006e+01 3.482e+01 3.066e+01 2.581e+01 2.068e+01 1.759e+01 1.682e+01 1.712e+01 1.757e+01 1.798e+01 
4.434e+01 4.468e+01 4.605e+01 4.890e+01 4.892e+01 4.516e+01 4.006e+01 3.482e+01 3.066e+01 2.581e+01 2.068e+01 1.759e+01 1.681e+01 1.712e+01 1.757e+01 1.798e+01 
4.434e+01 4.468e+01 4.605e+01 4.891e+01 4.893e+01 4.516e+01 4.007e+01 3.482e+01 3.066e+01 2.581e+01 2.068e+01 1.759e+01 1.682e+01 1.712e+01 1.757e+01 1.798e+01 
4.434e+01 4.468e+01 4.605e+01 4.891e+01 4.893e+01 4.516e+01 4.007e+01 3.482e+01 3.066e+01 2.581e+01 2.068e+01 1.759e+01 1.682e+01 1.712e+01 1.757e+01 1.798e+01 
4.433e+01 4.467e+01 4.604e+01 4.889e+01 4.892e+01 4.516e+01 4.006e+01 3.482e+01 3.066e+01 2.580e+01 2.068e+01 1.759e+01 1.681e+01 1.711e+01 1.757e+01 1.797e+01 
4.433e+01 4.467e+01 4.604e+01 4.889e+01 4.892e+01 4.516e+01 4.006e+01 3.482e+01 3.066e+01 2.580e+01 2.068e+01 1.759e+01 1.681e+01 1.711e+01 1.757e+01 1.797e+01 
4.433e+01 4.467e+01 4.604e+01 4.890e+01 4.892e+01 4.516e+01 4.006e+01 3.482e+01 3.065e+01 2.580e+01 2.067e+01 1.758e+01 1.681e+01 1.711e+01 1.757e+01 1.797e+01 
4.432e+01 4.466e+01 4.603e+01 4.888e+01 4.891e+01 4.514e+01 4.005e+01 3.481e+01 3.065e+01 2.580e+01 2.067e+01 1.758e+01 1.680e+01 1.710e+01 1.756e+01 1.796e+01 
4.432e+01 4.466e+01 4.603e+01 4.888e+01 4.891e+01 4.514e+01 4.005e+01 3.481e+01 3.065e+01 2.580e+01 2.067e+01 1.758e+01 1.680e+01 1.710e+01 1.756e+01 1.796e+01 
4.430e+01 4.464e+01 4.601e+01 4.886e+01 4.889e+01 4.513e+01 4.004e+01 3.480e+01 3.063e+01 2.579e+01 2.066e+01 1.757e+01 1.679e+01 1.709e+01 1.755e+01 1.795e+01 
4.426e+01 4.461e+01 4.597e+01 4.882e+01 4.886e+01 4.510e+01 4.002e+01 3.478e+01 3.062e+01 2.578e+01 2.065e+01 1.756e+01 1.678e+01 1.708e+01 1.754e+01 1.794e+01 
4.421e+01 4.455e+01 4.592e+01 4.876e+01 4.881e+01 4.506e+01 3.998e+01 3.475e+01 3.060e+01 2.576e+01 2.063e+01 1.754e+01 1.676e+01 1.706e+01 1.751e+01 1.792e+01 
4.417e+01 4.451e+01 4.587e+01 4.871e+01 4.876e+01 4.502e+01 3.995e+01 3.472e+01 3.057e+01 2.574e+01 2.062e+01 1.752e+01 1.674e+01 1.704e+01 1.749e+01 1.790e+01 
4.409e+01 4.442e+01 4.578e+01 4.862e+01 4.868e+01 4.495e+01 3.989e+01 3.468e+01 3.054e+01 2.571e+01 2.059e+01 1.750e+01 1.671e+01 1.701e+01 1.746e+01 1.787e+01 
4.440e+01 4.474e+01 4.610e+01 4.897e+01 4.905e+01 4.530e+01 4.020e+01 3.496e+01 3.078e+01 2.590e+01 2.076e+01 1.767e+01 1.690e+01 1.721e+01 1.767e+01 1.808e+01 
4.440e+01 4.474e+01 4.610e+01 4.897e+01 4.905e+01 4.530e+01 4.020e+01 3.496e+01 3.078e+01 2.590e+01 2.076e+01 1.767e+01 1.690e+01 1.721e+01 1.767e+01 1.808e+01 
4.425e+01 4.459e+01 4.594e+01 4.879e+01 4.889e+01 4.516e+01 4.009e+01 3.486e+01 3.071e+01 2.584e+01 2.071e+01 1.762e+01 1.684e+01 1.715e+01 1.760e+01 1.801e+01 
4.402e+01 4.435e+01 4.569e+01 4.854e+01 4.866e+01 4.496e+01 3.992e+01 3.473e+01 3.059e+01 2.576e+01 2.063e+01 1.754e+01 1.676e+01 1.705e+01 1.751e+01 1.791e+01 
4.372e+01 4.405e+01 4.536e+01 4.820e+01 4.836e+01 4.471e+01 3.971e+01 3.454e+01 3.044e+01 2.564e+01 2.054e+01 1.744e+01 1.665e+01 1.694e+01 1.738e+01 1.778e+01 
4.332e+01 4.363e+01 4.492e+01 4.774e+01 4.794e+01 4.435e+01 3.941e+01 3.429e+01 3.023e+01 2.549e+01 2.041e+01 1.730e+01 1.650e+01 1.677e+01 1.721e+01 1.761e+01 
4.278e+01 4.308e+01 4.434e+01 4.712e+01 4.738e+01 4.388e+01 3.901e+01 3.395e+01 2.995e+01 2.528e+01 2.023e+01 1.713e+01 1.630e+01 1.656e+01 1.699e+01 1.738e+01 
4.206e+01 4.235e+01 4.356e+01 4.630e+01 4.664e+01 4.324e+01 3.847e+01 3.351e+01 2.959e+01 2.501e+01 2.001e+01 1.690e+01 1.603e+01 1.628e+01 1.669e+01 1.707e+01 
4.206e+01 4.235e+01 4.356e+01 4.630e+01 4.664e+01 4.324e+01 3.847e+01 3.351e+01 2.959e+01 2.501e+01 2.001e+01 1.690e+01 1.603e+01 1.628e+01 1.669e+01 1.707e+01 
4.112e+01 4.140e+01 4.256e+01 4.524e+01 4.566e+01 4.241e+01 3.778e+01 3.292e+01 2.911e+01 2.464e+01 1.971e+01 1.659e+01 1.569e+01 1.590e+01 1.630e+01 1.667e+01 
3.991e+01 4.016e+01 4.125e+01 4.384e+01 4.438e+01 4.131e+01 3.685e+01 3.215e+01 2.847e+01 2.417e+01 1.931e+01 1.619e+01 1.525e+01 1.542e+01 1.579e+01 1.614e+01 
3.837e+01 3.860e+01 3.960e+01 4.207e+01 4.274e+01 3.991e+01 3.568e+01 3.117e+01 2.767e+01 2.357e+01 1.883e+01 1.570e+01 1.469e+01 1.482e+01 1.516e+01 1.549e+01 
3.645e+01 3.666e+01 3.756e+01 3.986e+01 4.067e+01 3.814e+01 3.421e+01 2.995e+01 2.666e+01 2.283e+01 1.823e+01 1.510e+01 1.402e+01 1.409e+01 1.439e+01 1.469e+01 
3.418e+01 3.436e+01 3.514e+01 3.723e+01 3.816e+01 3.599e+01 3.242e+01 2.847e+01 2.545e+01 2.193e+01 1.751e+01 1.440e+01 1.323e+01 1.322e+01 1.347e+01 1.374e+01 
3.161e+01 3.177e+01 3.242e+01 3.425e+01 3.523e+01 3.346e+01 3.034e+01 2.677e+01 2.407e+01 2.091e+01 1.672e+01 1.362e+01 1.235e+01 1.226e+01 1.246e+01 1.268e+01 
2.903e+01 2.916e+01 2.972e+01 3.127e+01 3.216e+01 3.076e+01 2.812e+01 2.497e+01 2.260e+01 1.984e+01 1.590e+01 1.283e+01 1.147e+01 1.129e+01 1.142e+01 1.160e+01 
2.681e+01 2.693e+01 2.745e+01 2.879e+01 2.941e+01 2.820e+01 2.599e+01 2.323e+01 2.118e+01 1.880e+01 1.513e+01 1.211e+01 1.067e+01 1.040e+01 1.048e+01 1.061e+01 
2.681e+01 2.693e+01 2.745e+01 2.879e+01 2.941e+01 2.820e+01 2.599e+01 2.323e+01 2.118e+01 1.880e+01 1.513e+01 1.211e+01 1.067e+01 1.040e+01 1.048e+01 1.061e+01 
2.527e+01 2.540e+01 2.593e+01 2.719e+01 2.750e+01 2.624e+01 2.427e+01 2.176e+01 1.994e+01 1.790e+01 1.449e+01 1.152e+01 1.002e+01 9.681e+00 9.713e+00 9.813e+00 
2.423e+01 2.437e+01 2.494e+01 2.622e+01 2.636e+01 2.491e+01 2.297e+01 2.054e+01 1.886e+01 1.712e+01 1.394e+01 1.104e+01 9.509e+00 9.112e+00 9.109e+00 9.180e+00 
2.349e+01 2.363e+01 2.423e+01 2.555e+01 2.565e+01 2.408e+01 2.205e+01 1.960e+01 1.795e+01 1.645e+01 1.350e+01 1.066e+01 9.114e+00 8.678e+00 8.652e+00 8.704e+00 
2.300e+01 2.315e+01 2.377e+01 2.512e+01 2.520e+01 2.355e+01 2.143e+01 1.891e+01 1.724e+01 1.591e+01 1.316e+01 1.038e+01 8.821e+00 8.360e+00 8.318e+00 8.356e+00 
2.256e+01 2.272e+01 2.334e+01 2.470e+01 2.478e+01 2.312e+01 2.096e+01 1.840e+01 1.669e+01 1.548e+01 1.287e+01 1.015e+01 8.588e+00 8.107e+00 8.055e+00 8.084e+00 
2.226e+01 2.242e+01 2.304e+01 2.439e+01 2.446e+01 2.280e+01 2.063e+01 1.807e+01 1.633e+01 1.518e+01 1.267e+01 9.984e+00 8.422e+00 7.931e+00 7.871e+00 7.894e+00 
2.221e+01 2.237e+01 2.299e+01 2.435e+01 2.444e+01 2.277e+01 2.059e+01 1.800e+01 1.623e+01 1.510e+01 1.263e+01 9.953e+00 8.394e+00 7.899e+00 7.839e+00 7.860e+00 
2.196e+01 2.212e+01 2.274e+01 2.408e+01 2.417e+01 2.251e+01 2.034e+01 1.777e+01 1.599e+01 1.489e+01 1.248e+01 9.827e+00 8.267e+00 7.764e+00 7.700e+00 7.717e+00 
2.172e+01 2.187e+01 2.249e+01 2.382e+01 2.391e+01 2.227e+01 2.013e+01 1.757e+01 1.579e+01 1.471e+01 1.234e+01 9.718e+00 8.159e+00 7.649e+00 7.581e+00 7.596e+00 
2.149e+01 2.164e+01 2.225e+01 2.358e+01 2.366e+01 2.203e+01 1.990e+01 1.736e+01 1.557e+01 1.452e+01 1.220e+01 9.596e+00 8.037e+00 7.519e+00 7.448e+00 7.459e+00 
2.149e+01 2.164e+01 2.225e+01 2.358e+01 2.366e+01 2.203e+01 1.990e+01 1.736e+01 1.557e+01 1.452e+01 1.220e+01 9.596e+00 8.037e+00 7.519e+00 7.448e+00 7.459e+00 
2.132e+01 2.147e+01 2.208e+01 2.340e+01 2.349e+01 2.186e+01 1.975e+01 1.721e+01 1.541e+01 1.437e+01 1.209e+01 9.502e+00 7.943e+00 7.420e+00 7.346e+00 7.355e+00 
2.114e+01 2.129e+01 2.190e+01 2.321e+01 2.329e+01 2.168e+01 1.957e+01 1.704e+01 1.523e+01 1.420e+01 1.196e+01 9.394e+00 7.836e+00 7.308e+00 7.232e+00 7.238e+00 
2.099e+01 2.114e+01 2.175e+01 2.304e+01 2.312e+01 2.151e+01 1.942e+01 1.690e+01 1.510e+01 1.407e+01 1.185e+01 9.302e+00 7.747e+00 7.214e+00 7.136e+00 7.141e+00 
2.085e+01 2.100e+01 2.160e+01 2.288e+01 2.296e+01 2.136e+01 1.928e+01 1.677e+01 1.496e+01 1.395e+01 1.176e+01 9.217e+00 7.663e+00 7.125e+00 7.046e+00 7.049e+00 
2.072e+01 2.087e+01 2.147e+01 2.276e+01 2.283e+01 2.124e+01 1.917e+01 1.667e+01 1.485e+01 1.383e+01 1.166e+01 9.133e+00 7.581e+00 7.039e+00 6.959e+00 6.962e+00 
2.064e+01 2.079e+01 2.139e+01 2.268e+01 2.276e+01 2.117e+01 1.909e+01 1.659e+01 1.475e+01 1.373e+01 1.158e+01 9.061e+00 7.511e+00 6.967e+00 6.887e+00 6.889e+00 
2.055e+01 2.069e+01 2.129e+01 2.257e+01 2.265e+01 2.107e+01 1.900e+01 1.650e+01 1.466e+01 1.364e+01 1.150e+01 8.993e+00 7.442e+00 6.895e+00 6.814e+00 6.815e+00 
2.048e+01 2.062e+01 2.122e+01 2.250e+01 2.258e+01 2.099e+01 1.893e+01 1.644e+01 1.460e+01 1.358e+01 1.145e+01 8.946e+00 7.396e+00 6.846e+00 6.764e+00 6.766e+00 
2.045e+01 2.059e+01 2.119e+01 2.247e+01 2.255e+01 2.097e+01 1.891e+01 1.641e+01 1.456e+01 1.353e+01 1.141e+01 8.908e+00 7.357e+00 6.807e+00 6.725e+00 6.727e+00 
2.041e+01 2.056e+01 2.116e+01 2.244e+01 2.251e+01 2.093e+01 1.887e+01 1.638e+01 1.452e+01 1.350e+01 1.138e+01 8.880e+00 7.327e+00 6.775e+00 6.694e+00 6.695e+00 
2.041e+01 2.055e+01 2.115e+01 2.244e+01 2.251e+01 2.093e+01 1.886e+01 1.637e+01 1.452e+01 1.350e+01 1.138e+01 8.874e+00 7.321e+00 6.768e+00 6.687e+00 6.688e+00 
