4.253e+01 4.286e+01 4.417e+01 4.690e+01 4.692e+01 4.332e+01 3.844e+01 3.337e+01 2.939e+01 2.483e+01 1.987e+01 1.677e+01 1.590e+01 1.614e+01 1.655e+01 1.693e+01 
4.254e+01 4.286e+01 4.418e+01 4.690e+01 4.693e+01 4.333e+01 3.845e+01 3.338e+01 2.940e+01 2.483e+01 1.987e+01 1.677e+01 1.590e+01 1.614e+01 1.655e+01 1.693e+01 
4.254e+01 4.286e+01 4.418e+01 4.690e+01 4.693e+01 4.333e+01 3.845e+01 3.338e+01 2.940e+01 2.483e+01 1.987e+01 1.677e+01 1.590e+01 1.614e+01 1.655e+01 1.693e+01 
4.254e+01 4.286e+01 4.418e+01 4.690e+01 4.693e+01 4.333e+01 3.845e+01 3.338e+01 2.940e+01 2.483e+01 1.987e+01 1.677e+01 1.590e+01 1.614e+01 1.655e+01 1.693e+01 
4.255e+01 4.288e+01 4.419e+01 4.692e+01 4.694e+01 4.334e+01 3.845e+01 3.338e+01 2.940e+01 2.483e+01 1.987e+01 1.677e+01 1.591e+01 1.614e+01 1.655e+01 1.693e+01 
4.255e+01 4.288e+01 4.419e+01 4.692e+01 4.694e+01 4.334e+01 3.845e+01 3.338e+01 2.940e+01 2.483e+01 1.987e+01 1.677e+01 1.591e+01 1.614e+01 1.655e+01 1.693e+01 
4.255e+01 4.288e+01 4.419e+01 4.692e+01 4.695e+01 4.335e+01 3.846e+01 3.339e+01 2.941e+01 2.484e+01 1.987e+01 1.677e+01 1.591e+01 1.614e+01 1.656e+01 1.694e+01 
4.255e+01 4.288e+01 4.419e+01 4.692e+01 4.695e+01 4.335e+01 3.846e+01 3.339e+01 2.941e+01 2.484e+01 1.987e+01 1.677e+01 1.591e+01 1.614e+01 1.656e+01 1.694e+01 
4.298e+01 4.332e+01 4.465e+01 4.740e+01 4.742e+01 4.378e+01 3.885e+01 3.374e+01 2.971e+01 2.508e+01 2.007e+01 1.697e+01 1.613e+01 1.638e+01 1.680e+01 1.719e+01 
4.299e+01 4.333e+01 4.465e+01 4.741e+01 4.743e+01 4.379e+01 3.885e+01 3.374e+01 2.972e+01 2.508e+01 2.007e+01 1.697e+01 1.613e+01 1.638e+01 1.680e+01 1.719e+01 
4.299e+01 4.333e+01 4.465e+01 4.741e+01 4.743e+01 4.379e+01 3.885e+01 3.374e+01 2.972e+01 2.508e+01 2.007e+01 1.697e+01 1.613e+01 1.638e+01 1.680e+01 1.719e+01 
4.301e+01 4.334e+01 4.467e+01 4.742e+01 4.745e+01 4.380e+01 3.887e+01 3.375e+01 2.972e+01 2.508e+01 2.007e+01 1.697e+01 1.613e+01 1.638e+01 1.681e+01 1.719e+01 
4.301e+01 4.334e+01 4.467e+01 4.742e+01 4.745e+01 4.380e+01 3.887e+01 3.375e+01 2.972e+01 2.508e+01 2.007e+01 1.697e+01 1.613e+01 1.638e+01 1.681e+01 1.719e+01 
4.301e+01 4.334e+01 4.467e+01 4.743e+01 4.745e+01 4.381e+01 3.887e+01 3.375e+01 2.973e+01 2.508e+01 2.007e+01 1.697e+01 1.613e+01 1.638e+01 1.681e+01 1.719e+01 
4.301e+01 4.334e+01 4.467e+01 4.743e+01 4.745e+01 4.381e+01 3.887e+01 3.375e+01 2.973e+01 2.508e+01 2.007e+01 1.697e+01 1.613e+01 1.638e+01 1.681e+01 1.719e+01 
4.302e+01 4.335e+01 4.468e+01 4.743e+01 4.746e+01 4.381e+01 3.887e+01 3.375e+01 2.973e+01 2.508e+01 2.007e+01 1.697e+01 1.613e+01 1.638e+01 1.681e+01 1.719e+01 
4.303e+01 4.336e+01 4.469e+01 4.745e+01 4.747e+01 4.383e+01 3.889e+01 3.377e+01 2.974e+01 2.509e+01 2.007e+01 1.698e+01 1.613e+01 1.639e+01 1.681e+01 1.720e+01 
4.303e+01 4.336e+01 4.469e+01 4.745e+01 4.747e+01 4.383e+01 3.889e+01 3.377e+01 2.974e+01 2.509e+01 2.007e+01 1.698e+01 1.613e+01 1.639e+01 1.681e+01 1.720e+01 
4.347e+01 4.380e+01 4.515e+01 4.794e+01 4.796e+01 4.427e+01 3.928e+01 3.412e+01 3.004e+01 2.532e+01 2.027e+01 1.718e+01 1.636e+01 1.663e+01 1.706e+01 1.746e+01 
4.347e+01 4.380e+01 4.515e+01 4.794e+01 4.796e+01 4.427e+01 3.928e+01 3.412e+01 3.004e+01 2.532e+01 2.027e+01 1.718e+01 1.636e+01 1.663e+01 1.706e+01 1.745e+01 
4.347e+01 4.380e+01 4.515e+01 4.794e+01 4.796e+01 4.427e+01 3.928e+01 3.412e+01 3.004e+01 2.532e+01 2.027e+01 1.718e+01 1.636e+01 1.663e+01 1.706e+01 1.745e+01 
4.347e+01 4.380e+01 4.515e+01 4.794e+01 4.797e+01 4.427e+01 3.929e+01 3.412e+01 3.004e+01 2.532e+01 2.027e+01 1.718e+01 1.636e+01 1.663e+01 1.706e+01 1.746e+01 
4.346e+01 4.379e+01 4.514e+01 4.793e+01 4.796e+01 4.426e+01 3.928e+01 3.412e+01 3.004e+01 2.532e+01 2.027e+01 1.717e+01 1.635e+01 1.662e+01 1.706e+01 1.745e+01 
4.346e+01 4.379e+01 4.514e+01 4.793e+01 4.795e+01 4.426e+01 3.928e+01 3.412e+01 3.004e+01 2.532e+01 2.026e+01 1.717e+01 1.635e+01 1.662e+01 1.705e+01 1.745e+01 
4.346e+01 4.379e+01 4.514e+01 4.793e+01 4.795e+01 4.426e+01 3.928e+01 3.412e+01 3.004e+01 2.532e+01 2.026e+01 1.717e+01 1.635e+01 1.662e+01 1.705e+01 1.745e+01 
4.345e+01 4.378e+01 4.513e+01 4.792e+01 4.794e+01 4.425e+01 3.927e+01 3.411e+01 3.003e+01 2.531e+01 2.026e+01 1.716e+01 1.634e+01 1.661e+01 1.705e+01 1.744e+01 
4.343e+01 4.376e+01 4.510e+01 4.789e+01 4.792e+01 4.424e+01 3.925e+01 3.409e+01 3.002e+01 2.530e+01 2.025e+01 1.715e+01 1.633e+01 1.660e+01 1.704e+01 1.743e+01 
4.339e+01 4.372e+01 4.506e+01 4.786e+01 4.790e+01 4.421e+01 3.924e+01 3.408e+01 3.001e+01 2.529e+01 2.024e+01 1.714e+01 1.632e+01 1.659e+01 1.703e+01 1.742e+01 
4.334e+01 4.367e+01 4.501e+01 4.780e+01 4.784e+01 4.417e+01 3.920e+01 3.405e+01 2.998e+01 2.527e+01 2.022e+01 1.713e+01 1.630e+01 1.657e+01 1.700e+01 1.740e+01 
4.330e+01 4.362e+01 4.496e+01 4.775e+01 4.780e+01 4.413e+01 3.916e+01 3.402e+01 2.995e+01 2.525e+01 2.020e+01 1.711e+01 1.628e+01 1.655e+01 1.698e+01 1.738e+01 
4.322e+01 4.354e+01 4.487e+01 4.766e+01 4.772e+01 4.407e+01 3.911e+01 3.397e+01 2.992e+01 2.522e+01 2.018e+01 1.708e+01 1.626e+01 1.652e+01 1.695e+01 1.734e+01 
4.352e+01 4.385e+01 4.519e+01 4.799e+01 4.807e+01 4.440e+01 3.941e+01 3.425e+01 3.016e+01 2.542e+01 2.034e+01 1.725e+01 1.644e+01 1.671e+01 1.715e+01 1.755e+01 
4.337e+01 4.370e+01 4.502e+01 4.782e+01 4.792e+01 4.427e+01 3.930e+01 3.415e+01 3.009e+01 2.536e+01 2.030e+01 1.720e+01 1.638e+01 1.665e+01 1.709e+01 1.748e+01 
4.315e+01 4.347e+01 4.478e+01 4.757e+01 4.769e+01 4.408e+01 3.914e+01 3.402e+01 2.997e+01 2.527e+01 2.022e+01 1.712e+01 1.630e+01 1.656e+01 1.699e+01 1.739e+01 
4.285e+01 4.317e+01 4.446e+01 4.723e+01 4.739e+01 4.382e+01 3.892e+01 3.384e+01 2.982e+01 2.516e+01 2.013e+01 1.703e+01 1.619e+01 1.645e+01 1.687e+01 1.726e+01 
4.245e+01 4.276e+01 4.403e+01 4.678e+01 4.698e+01 4.347e+01 3.863e+01 3.359e+01 2.962e+01 2.500e+01 2.000e+01 1.689e+01 1.604e+01 1.629e+01 1.671e+01 1.709e+01 
4.192e+01 4.222e+01 4.345e+01 4.617e+01 4.644e+01 4.300e+01 3.824e+01 3.326e+01 2.934e+01 2.480e+01 1.983e+01 1.672e+01 1.585e+01 1.608e+01 1.649e+01 1.686e+01 
4.121e+01 4.150e+01 4.269e+01 4.537e+01 4.570e+01 4.238e+01 3.772e+01 3.282e+01 2.899e+01 2.453e+01 1.961e+01 1.650e+01 1.559e+01 1.580e+01 1.620e+01 1.657e+01 
4.030e+01 4.057e+01 4.171e+01 4.432e+01 4.475e+01 4.157e+01 3.703e+01 3.225e+01 2.851e+01 2.417e+01 1.931e+01 1.620e+01 1.526e+01 1.544e+01 1.582e+01 1.618e+01 
3.910e+01 3.936e+01 4.043e+01 4.295e+01 4.349e+01 4.049e+01 3.613e+01 3.149e+01 2.789e+01 2.371e+01 1.894e+01 1.582e+01 1.483e+01 1.498e+01 1.533e+01 1.567e+01 
3.760e+01 3.783e+01 3.881e+01 4.122e+01 4.188e+01 3.912e+01 3.498e+01 3.054e+01 2.710e+01 2.312e+01 1.846e+01 1.534e+01 1.430e+01 1.439e+01 1.472e+01 1.503e+01 
3.349e+01 3.367e+01 3.442e+01 3.647e+01 3.738e+01 3.527e+01 3.178e+01 2.790e+01 2.493e+01 2.151e+01 1.718e+01 1.407e+01 1.287e+01 1.284e+01 1.307e+01 1.333e+01 
3.097e+01 3.112e+01 3.176e+01 3.355e+01 3.451e+01 3.279e+01 2.974e+01 2.623e+01 2.357e+01 2.051e+01 1.640e+01 1.332e+01 1.203e+01 1.191e+01 1.209e+01 1.231e+01 
2.843e+01 2.855e+01 2.910e+01 3.061e+01 3.149e+01 3.013e+01 2.756e+01 2.447e+01 2.213e+01 1.946e+01 1.560e+01 1.255e+01 1.117e+01 1.097e+01 1.109e+01 1.126e+01 
2.625e+01 2.637e+01 2.688e+01 2.818e+01 2.879e+01 2.762e+01 2.548e+01 2.277e+01 2.074e+01 1.844e+01 1.485e+01 1.185e+01 1.039e+01 1.010e+01 1.017e+01 1.029e+01 
2.474e+01 2.486e+01 2.539e+01 2.661e+01 2.691e+01 2.568e+01 2.378e+01 2.132e+01 1.953e+01 1.755e+01 1.421e+01 1.127e+01 9.763e+00 9.402e+00 9.423e+00 9.515e+00 
2.372e+01 2.385e+01 2.441e+01 2.566e+01 2.579e+01 2.439e+01 2.250e+01 2.013e+01 1.847e+01 1.678e+01 1.368e+01 1.081e+01 9.266e+00 8.852e+00 8.841e+00 8.905e+00 
2.299e+01 2.313e+01 2.371e+01 2.500e+01 2.510e+01 2.356e+01 2.159e+01 1.920e+01 1.757e+01 1.612e+01 1.324e+01 1.043e+01 8.879e+00 8.427e+00 8.393e+00 8.437e+00 
2.249e+01 2.264e+01 2.324e+01 2.455e+01 2.464e+01 2.304e+01 2.097e+01 1.852e+01 1.687e+01 1.559e+01 1.290e+01 1.015e+01 8.590e+00 8.113e+00 8.064e+00 8.095e+00 
2.213e+01 2.227e+01 2.289e+01 2.422e+01 2.429e+01 2.266e+01 2.055e+01 1.804e+01 1.635e+01 1.518e+01 1.263e+01 9.936e+00 8.373e+00 7.879e+00 7.821e+00 7.843e+00 
2.203e+01 2.218e+01 2.280e+01 2.413e+01 2.420e+01 2.256e+01 2.042e+01 1.788e+01 1.615e+01 1.502e+01 1.255e+01 9.874e+00 8.312e+00 7.813e+00 7.750e+00 7.770e+00 
2.178e+01 2.193e+01 2.255e+01 2.388e+01 2.395e+01 2.231e+01 2.017e+01 1.764e+01 1.589e+01 1.479e+01 1.239e+01 9.742e+00 8.180e+00 7.672e+00 7.606e+00 7.622e+00 
2.154e+01 2.169e+01 2.231e+01 2.363e+01 2.371e+01 2.208e+01 1.996e+01 1.743e+01 1.567e+01 1.459e+01 1.224e+01 9.619e+00 8.059e+00 7.544e+00 7.474e+00 7.487e+00 
2.132e+01 2.147e+01 2.208e+01 2.339e+01 2.346e+01 2.185e+01 1.975e+01 1.723e+01 1.547e+01 1.441e+01 1.210e+01 9.511e+00 7.951e+00 7.429e+00 7.356e+00 7.365e+00 
2.094e+01 2.108e+01 2.168e+01 2.298e+01 2.306e+01 2.146e+01 1.939e+01 1.689e+01 1.511e+01 1.408e+01 1.186e+01 9.302e+00 7.745e+00 7.210e+00 7.132e+00 7.137e+00 
2.076e+01 2.091e+01 2.151e+01 2.280e+01 2.286e+01 2.128e+01 1.921e+01 1.673e+01 1.494e+01 1.393e+01 1.174e+01 9.203e+00 7.647e+00 7.107e+00 7.027e+00 7.029e+00 
2.061e+01 2.075e+01 2.135e+01 2.263e+01 2.272e+01 2.114e+01 1.908e+01 1.660e+01 1.481e+01 1.380e+01 1.163e+01 9.112e+00 7.559e+00 7.016e+00 6.934e+00 6.935e+00 
2.047e+01 2.062e+01 2.121e+01 2.249e+01 2.257e+01 2.100e+01 1.895e+01 1.649e+01 1.469e+01 1.368e+01 1.154e+01 9.032e+00 7.482e+00 6.933e+00 6.850e+00 6.850e+00 
2.040e+01 2.055e+01 2.115e+01 2.241e+01 2.248e+01 2.091e+01 1.887e+01 1.640e+01 1.459e+01 1.358e+01 1.146e+01 8.960e+00 7.410e+00 6.860e+00 6.776e+00 6.776e+00 
2.034e+01 2.048e+01 2.108e+01 2.235e+01 2.241e+01 2.084e+01 1.879e+01 1.632e+01 1.450e+01 1.348e+01 1.137e+01 8.886e+00 7.340e+00 6.788e+00 6.704e+00 6.704e+00 
2.027e+01 2.041e+01 2.100e+01 2.227e+01 2.234e+01 2.077e+01 1.873e+01 1.626e+01 1.443e+01 1.341e+01 1.131e+01 8.827e+00 7.281e+00 6.726e+00 6.642e+00 6.641e+00 
2.020e+01 2.034e+01 2.094e+01 2.220e+01 2.226e+01 2.069e+01 1.866e+01 1.619e+01 1.435e+01 1.333e+01 1.125e+01 8.780e+00 7.234e+00 6.676e+00 6.592e+00 6.590e+00 
2.015e+01 2.030e+01 2.089e+01 2.215e+01 2.219e+01 2.063e+01 1.860e+01 1.614e+01 1.430e+01 1.329e+01 1.121e+01 8.740e+00 7.193e+00 6.633e+00 6.548e+00 6.547e+00 
2.013e+01 2.028e+01 2.088e+01 2.213e+01 2.218e+01 2.061e+01 1.858e+01 1.611e+01 1.427e+01 1.326e+01 1.119e+01 8.717e+00 7.169e+00 6.609e+00 6.524e+00 6.522e+00 
